"Space","T0","T1","T2","T3","T4","T5","T6","T7","T8","T9","T10","T11","T12","T13","T14","T15","T16","T17","T18","T19","T20","T21","T22","T23","T24","T25","T26","T27","T28","T29","T30","T31","T32","T33","T34","T35","T36","T37","T38","T39","T40","T41","T42","T43","T44","T45","T46","T47","T48","T49","T50","T51","T52","T53","T54","T55","T56","T57","T58","T59","T60","T61","T62","T63","T64","T65","T66","T67","T68","T69","T70","T71","T72","T73","T74","T75","T76","T77","T78","T79","T80","T81","T82","T83","T84","T85","T86","T87","T88","T89","T90","T91","T92","T93","T94","T95","T96","T97","T98","T99","T100","T101","T102","T103","T104","T105","T106","T107","T108","T109","T110","T111","T112","T113","T114","T115","T116","T117","T118","T119","T120","T121","T122","T123","T124","T125","T126","T127","T128","T129","T130","T131","T132","T133","T134","T135","T136","T137","T138","T139","T140"
"S0",-Infinity,-Infinity,-Infinity,-Infinity,-Infinity,-Infinity,-Infinity,-Infinity,-Infinity,-Infinity,-Infinity,-Infinity,-Infinity,-Infinity,-Infinity,-Infinity,-Infinity,-Infinity,-Infinity,-Infinity,-Infinity,-Infinity,-Infinity,-Infinity,-Infinity,-Infinity,-Infinity,-Infinity,-Infinity,-Infinity,-Infinity,-Infinity,-Infinity,-Infinity,-Infinity,-Infinity,-Infinity,-Infinity,-Infinity,-Infinity,-Infinity,-Infinity,-Infinity,-Infinity,-Infinity,-Infinity,-Infinity,-Infinity,-Infinity,-Infinity,-Infinity,-Infinity,-Infinity,-Infinity,-Infinity,-Infinity,-Infinity,-Infinity,-Infinity,-Infinity,-Infinity,-Infinity,-Infinity,-Infinity,-Infinity,-Infinity,-Infinity,-Infinity,-Infinity,-Infinity,-Infinity,-Infinity,-Infinity,-Infinity,-Infinity,-Infinity,-Infinity,-Infinity,-Infinity,-Infinity,-Infinity,-Infinity,-Infinity,-Infinity,-Infinity,-Infinity,-Infinity,-Infinity,-Infinity,-Infinity,-Infinity,-Infinity,-Infinity,-Infinity,-Infinity,-Infinity,-Infinity,-Infinity,-Infinity,-Infinity,-Infinity,-Infinity,-Infinity,-Infinity,-Infinity,-Infinity,-Infinity,-Infinity,-Infinity,-Infinity,-Infinity,-Infinity,-Infinity,-Infinity,-Infinity,-Infinity,-Infinity,-Infinity,-Infinity,-Infinity,-Infinity,-Infinity,-Infinity,-Infinity,-Infinity,-Infinity,-Infinity,-Infinity,-Infinity,-Infinity,-Infinity,-Infinity,-Infinity,-Infinity,-Infinity,-Infinity,-Infinity,-Infinity,-Infinity,-Infinity,-Infinity
"S1",-Infinity,-Infinity,-Infinity,-Infinity,-Infinity,-Infinity,-Infinity,-Infinity,-Infinity,-Infinity,-Infinity,-Infinity,-Infinity,-Infinity,-Infinity,-Infinity,-Infinity,-Infinity,-Infinity,-Infinity,-Infinity,-Infinity,-Infinity,-Infinity,-Infinity,-Infinity,-Infinity,-Infinity,-Infinity,-Infinity,-Infinity,-Infinity,-Infinity,-Infinity,-Infinity,-Infinity,-Infinity,-Infinity,-Infinity,-Infinity,-Infinity,-Infinity,-Infinity,-Infinity,-Infinity,-Infinity,-Infinity,-Infinity,-Infinity,-Infinity,-Infinity,-Infinity,-Infinity,-Infinity,-Infinity,-Infinity,-Infinity,-Infinity,-Infinity,-Infinity,-Infinity,-Infinity,-Infinity,-Infinity,-Infinity,-Infinity,-Infinity,-Infinity,-Infinity,-Infinity,-Infinity,-Infinity,-Infinity,-Infinity,-Infinity,-Infinity,-Infinity,-Infinity,-Infinity,-Infinity,-Infinity,-Infinity,-Infinity,-Infinity,-Infinity,-Infinity,-Infinity,-Infinity,-Infinity,-Infinity,-Infinity,-Infinity,-Infinity,-Infinity,-Infinity,-Infinity,-Infinity,-Infinity,-Infinity,-Infinity,-Infinity,-Infinity,-Infinity,-Infinity,-Infinity,-Infinity,-Infinity,-Infinity,-Infinity,-Infinity,-Infinity,-Infinity,-Infinity,-Infinity,-Infinity,-Infinity,-Infinity,-Infinity,-Infinity,-Infinity,-Infinity,-Infinity,-Infinity,-Infinity,-Infinity,-Infinity,-Infinity,-Infinity,-Infinity,-Infinity,-Infinity,-Infinity,-Infinity,-Infinity,-Infinity,-Infinity,-Infinity,-Infinity,-Infinity,-Infinity,-Infinity
"S2",-Infinity,-Infinity,-Infinity,-Infinity,-Infinity,-Infinity,-Infinity,-Infinity,-Infinity,-Infinity,-Infinity,-Infinity,-Infinity,-Infinity,-Infinity,-Infinity,-Infinity,-Infinity,-Infinity,-Infinity,-Infinity,-Infinity,-Infinity,-Infinity,-Infinity,-Infinity,-Infinity,-Infinity,-Infinity,-Infinity,-Infinity,-Infinity,-Infinity,-Infinity,-Infinity,-Infinity,-Infinity,-Infinity,-Infinity,-Infinity,-Infinity,-Infinity,-Infinity,-Infinity,-Infinity,-Infinity,-Infinity,-Infinity,-Infinity,-Infinity,-Infinity,-Infinity,-Infinity,-Infinity,-Infinity,-Infinity,-Infinity,-Infinity,-Infinity,-Infinity,-Infinity,-Infinity,-Infinity,-Infinity,-Infinity,-Infinity,-Infinity,-Infinity,-Infinity,-Infinity,-Infinity,-Infinity,-Infinity,-Infinity,-Infinity,-Infinity,-Infinity,-Infinity,-Infinity,-Infinity,-Infinity,-Infinity,-Infinity,-Infinity,-Infinity,-Infinity,-Infinity,-Infinity,-Infinity,-Infinity,-Infinity,-Infinity,-Infinity,-Infinity,-Infinity,-Infinity,-Infinity,-Infinity,-Infinity,-Infinity,-Infinity,-Infinity,-Infinity,-Infinity,-Infinity,-Infinity,-Infinity,-Infinity,-Infinity,-Infinity,-Infinity,-Infinity,-Infinity,-Infinity,-Infinity,-Infinity,-Infinity,-Infinity,-Infinity,-Infinity,-Infinity,-Infinity,-Infinity,-Infinity,-Infinity,-Infinity,-Infinity,-Infinity,-Infinity,-Infinity,-Infinity,-Infinity,-Infinity,-Infinity,-Infinity,-Infinity,-Infinity,-Infinity,-Infinity,-Infinity,-Infinity
"S3",-Infinity,-Infinity,-Infinity,-Infinity,-Infinity,-Infinity,-Infinity,-Infinity,-Infinity,-Infinity,-Infinity,-Infinity,-Infinity,-Infinity,-Infinity,-Infinity,-Infinity,-Infinity,-Infinity,-Infinity,-Infinity,-Infinity,-Infinity,-Infinity,-Infinity,-Infinity,-Infinity,-Infinity,-Infinity,-Infinity,-Infinity,-Infinity,-Infinity,-Infinity,-Infinity,-Infinity,-Infinity,-Infinity,-Infinity,-Infinity,-Infinity,-Infinity,-Infinity,-Infinity,-Infinity,-Infinity,-Infinity,-Infinity,-Infinity,-Infinity,-Infinity,-Infinity,-Infinity,-Infinity,-Infinity,-Infinity,-Infinity,-Infinity,-Infinity,-Infinity,-Infinity,-Infinity,-Infinity,-Infinity,-Infinity,-Infinity,-Infinity,-Infinity,-Infinity,-Infinity,-Infinity,-Infinity,-Infinity,-Infinity,-Infinity,-Infinity,-Infinity,-Infinity,-Infinity,-Infinity,-Infinity,-Infinity,-Infinity,-Infinity,-Infinity,-Infinity,-Infinity,-Infinity,-Infinity,-Infinity,-Infinity,-Infinity,-Infinity,-Infinity,-Infinity,-Infinity,-Infinity,-Infinity,-Infinity,-Infinity,-Infinity,-Infinity,-Infinity,-Infinity,-Infinity,-Infinity,-Infinity,-Infinity,-Infinity,-Infinity,-Infinity,-Infinity,-Infinity,-Infinity,-Infinity,-Infinity,-Infinity,-Infinity,-Infinity,-Infinity,-Infinity,-Infinity,-Infinity,-Infinity,-Infinity,-Infinity,-Infinity,-Infinity,-Infinity,-Infinity,-Infinity,-Infinity,-Infinity,-Infinity,-Infinity,-Infinity,-Infinity,-Infinity,-Infinity,-Infinity,-Infinity
"S4",-Infinity,-Infinity,-Infinity,-Infinity,-Infinity,-Infinity,-Infinity,-Infinity,-Infinity,-Infinity,-Infinity,-Infinity,-Infinity,-Infinity,-Infinity,-Infinity,-Infinity,-Infinity,-Infinity,-Infinity,-Infinity,-Infinity,-Infinity,-Infinity,-Infinity,-Infinity,-Infinity,-Infinity,-Infinity,-Infinity,-Infinity,-Infinity,-Infinity,-Infinity,-Infinity,-Infinity,-Infinity,-Infinity,-Infinity,-Infinity,-Infinity,-Infinity,-Infinity,-Infinity,-Infinity,-Infinity,-Infinity,-Infinity,-Infinity,-Infinity,-Infinity,-Infinity,-Infinity,-Infinity,-Infinity,-Infinity,-Infinity,-Infinity,-Infinity,-Infinity,-Infinity,-Infinity,-Infinity,-Infinity,-Infinity,-Infinity,-Infinity,-Infinity,-Infinity,-Infinity,-Infinity,-Infinity,-Infinity,-Infinity,-Infinity,-Infinity,-Infinity,-Infinity,-Infinity,-Infinity,-Infinity,-Infinity,-Infinity,-Infinity,-Infinity,-Infinity,-Infinity,-Infinity,-Infinity,-Infinity,-Infinity,-Infinity,-Infinity,-Infinity,-Infinity,-Infinity,-Infinity,-Infinity,-Infinity,-Infinity,-Infinity,-Infinity,-Infinity,-Infinity,-Infinity,-Infinity,-Infinity,-Infinity,-Infinity,-Infinity,-Infinity,-Infinity,-Infinity,-Infinity,-Infinity,-Infinity,-Infinity,-Infinity,-Infinity,-Infinity,-Infinity,-Infinity,-Infinity,-Infinity,-Infinity,-Infinity,-Infinity,-Infinity,-Infinity,-Infinity,-Infinity,-Infinity,-Infinity,-Infinity,-Infinity,-Infinity,-Infinity,-Infinity,-Infinity,-Infinity,-Infinity
"S5",-Infinity,-Infinity,-Infinity,-Infinity,-Infinity,-Infinity,-Infinity,-Infinity,-Infinity,-Infinity,-Infinity,-Infinity,-Infinity,-Infinity,-Infinity,-Infinity,-Infinity,-Infinity,-Infinity,-Infinity,-Infinity,-Infinity,-Infinity,-Infinity,-Infinity,-Infinity,-Infinity,-Infinity,-Infinity,-Infinity,-Infinity,-Infinity,-Infinity,-Infinity,-Infinity,-Infinity,-Infinity,-Infinity,-Infinity,-Infinity,-Infinity,-Infinity,-Infinity,-Infinity,-Infinity,-Infinity,-Infinity,-Infinity,-Infinity,-Infinity,-Infinity,-Infinity,-Infinity,-Infinity,-Infinity,-Infinity,-Infinity,-Infinity,-Infinity,-Infinity,-Infinity,-Infinity,-Infinity,-Infinity,-Infinity,-Infinity,-Infinity,-Infinity,-Infinity,-Infinity,-Infinity,-Infinity,-Infinity,-Infinity,-Infinity,-Infinity,-Infinity,-Infinity,-Infinity,-Infinity,-Infinity,-Infinity,-Infinity,-Infinity,-Infinity,-Infinity,-Infinity,-Infinity,-Infinity,-Infinity,-Infinity,-Infinity,-Infinity,-Infinity,-Infinity,-Infinity,-Infinity,-Infinity,-Infinity,-Infinity,-Infinity,-Infinity,-Infinity,-Infinity,-Infinity,-Infinity,-Infinity,-Infinity,-Infinity,-Infinity,-Infinity,-Infinity,-Infinity,-Infinity,-Infinity,-Infinity,-Infinity,-Infinity,-Infinity,-Infinity,-Infinity,-Infinity,-Infinity,-Infinity,-Infinity,-Infinity,-Infinity,-Infinity,-Infinity,-Infinity,-Infinity,-Infinity,-Infinity,-Infinity,-Infinity,-Infinity,-Infinity,-Infinity,-Infinity,-Infinity,-Infinity
"S6",-Infinity,-Infinity,-Infinity,-Infinity,-Infinity,-Infinity,-Infinity,-Infinity,-Infinity,-Infinity,-Infinity,-Infinity,-Infinity,-Infinity,-Infinity,-Infinity,-Infinity,-Infinity,-Infinity,-Infinity,-Infinity,-Infinity,-Infinity,-Infinity,-Infinity,-Infinity,-Infinity,-Infinity,-Infinity,-Infinity,-Infinity,-Infinity,-Infinity,-Infinity,-Infinity,-Infinity,-Infinity,-Infinity,-Infinity,-Infinity,-Infinity,-Infinity,-Infinity,-Infinity,-Infinity,-Infinity,-Infinity,-Infinity,-Infinity,-Infinity,-Infinity,-Infinity,-Infinity,-Infinity,-Infinity,-Infinity,-Infinity,-Infinity,-Infinity,-Infinity,-Infinity,-Infinity,-Infinity,-Infinity,-Infinity,-Infinity,-Infinity,-Infinity,-Infinity,-Infinity,-Infinity,-Infinity,-Infinity,-Infinity,-Infinity,-Infinity,-Infinity,-Infinity,-Infinity,-Infinity,-Infinity,-Infinity,-Infinity,-Infinity,-Infinity,-Infinity,-Infinity,-Infinity,-Infinity,-Infinity,-Infinity,-Infinity,-Infinity,-Infinity,-Infinity,-Infinity,-Infinity,-Infinity,-Infinity,-Infinity,-Infinity,-Infinity,-Infinity,-Infinity,-Infinity,-Infinity,-Infinity,-Infinity,-Infinity,-Infinity,-Infinity,-Infinity,-Infinity,-Infinity,-Infinity,-Infinity,-Infinity,-Infinity,-Infinity,-Infinity,-Infinity,-Infinity,-Infinity,-Infinity,-Infinity,-Infinity,-Infinity,-Infinity,-Infinity,-Infinity,-Infinity,-Infinity,-Infinity,-Infinity,-Infinity,-Infinity,-Infinity,-Infinity,-Infinity,-Infinity,-Infinity
"S7",-Infinity,-Infinity,-Infinity,-Infinity,-Infinity,-Infinity,-Infinity,-Infinity,-Infinity,-Infinity,-Infinity,-Infinity,-Infinity,-Infinity,-Infinity,-Infinity,-Infinity,-Infinity,-Infinity,-Infinity,-Infinity,-Infinity,-Infinity,-Infinity,-Infinity,-Infinity,-Infinity,-Infinity,-Infinity,-Infinity,-Infinity,-Infinity,-Infinity,-Infinity,-Infinity,-Infinity,-Infinity,-Infinity,-Infinity,-Infinity,-Infinity,-Infinity,-Infinity,-Infinity,-Infinity,-Infinity,-Infinity,-Infinity,-Infinity,-Infinity,-Infinity,-Infinity,-Infinity,-Infinity,-Infinity,-Infinity,-Infinity,-Infinity,-Infinity,-Infinity,-Infinity,-Infinity,-Infinity,-Infinity,-Infinity,-Infinity,-Infinity,-Infinity,-Infinity,-Infinity,-Infinity,-Infinity,-Infinity,-Infinity,-Infinity,-Infinity,-Infinity,-Infinity,-Infinity,-Infinity,-Infinity,-Infinity,-Infinity,-Infinity,-Infinity,-Infinity,-Infinity,-Infinity,-Infinity,-Infinity,-Infinity,-Infinity,-Infinity,-Infinity,-Infinity,-Infinity,-Infinity,-Infinity,-Infinity,-Infinity,-Infinity,-Infinity,-Infinity,-Infinity,-Infinity,-Infinity,-Infinity,-Infinity,-Infinity,-Infinity,-Infinity,-Infinity,-Infinity,-Infinity,-Infinity,-Infinity,-Infinity,-Infinity,-Infinity,-Infinity,-Infinity,-Infinity,-Infinity,-Infinity,-Infinity,-Infinity,-Infinity,-Infinity,-Infinity,-Infinity,-Infinity,-Infinity,-Infinity,-Infinity,-Infinity,-Infinity,-Infinity,-Infinity,-Infinity,-Infinity,-Infinity
"S8",-Infinity,-Infinity,-Infinity,-Infinity,-Infinity,-Infinity,-Infinity,-Infinity,-Infinity,-Infinity,-Infinity,-Infinity,-Infinity,-Infinity,-Infinity,-Infinity,-Infinity,-Infinity,-Infinity,-Infinity,-Infinity,-Infinity,-Infinity,-Infinity,-Infinity,-Infinity,-Infinity,-Infinity,-Infinity,-Infinity,-Infinity,-Infinity,-Infinity,-Infinity,-Infinity,-Infinity,-Infinity,-Infinity,-Infinity,-Infinity,-Infinity,-Infinity,-Infinity,-Infinity,-Infinity,-Infinity,-Infinity,-Infinity,-Infinity,-Infinity,-Infinity,-Infinity,-Infinity,-Infinity,-Infinity,-Infinity,-Infinity,-Infinity,-Infinity,-Infinity,-Infinity,-Infinity,-Infinity,-Infinity,-Infinity,-Infinity,-Infinity,-Infinity,-Infinity,-Infinity,-Infinity,-Infinity,-Infinity,-Infinity,-Infinity,-Infinity,-Infinity,-Infinity,-Infinity,-Infinity,-Infinity,-Infinity,-Infinity,-Infinity,-Infinity,-Infinity,-Infinity,-Infinity,-Infinity,-Infinity,-Infinity,-Infinity,-Infinity,-Infinity,-Infinity,-Infinity,-Infinity,-Infinity,-Infinity,-Infinity,-Infinity,-Infinity,-Infinity,-Infinity,-Infinity,-Infinity,-Infinity,-Infinity,-Infinity,-Infinity,-Infinity,-Infinity,-Infinity,-Infinity,-Infinity,-Infinity,-Infinity,-Infinity,-Infinity,-Infinity,-Infinity,-Infinity,-Infinity,-Infinity,-Infinity,-Infinity,-Infinity,-Infinity,-Infinity,-Infinity,-Infinity,-Infinity,-Infinity,-Infinity,-Infinity,-Infinity,-Infinity,-Infinity,-Infinity,-Infinity,-Infinity
"S9",-Infinity,-Infinity,-Infinity,-Infinity,-Infinity,-Infinity,-Infinity,-Infinity,-Infinity,-Infinity,-Infinity,-Infinity,-Infinity,-Infinity,-Infinity,-Infinity,-Infinity,-Infinity,-Infinity,-Infinity,-Infinity,-Infinity,-Infinity,-Infinity,-Infinity,-Infinity,-Infinity,-Infinity,-Infinity,-Infinity,-Infinity,-Infinity,-Infinity,-Infinity,-Infinity,-Infinity,-Infinity,-Infinity,-Infinity,-Infinity,-Infinity,-Infinity,-Infinity,-Infinity,-Infinity,-Infinity,-Infinity,-Infinity,-Infinity,-Infinity,-Infinity,-Infinity,-Infinity,-Infinity,-Infinity,-Infinity,-Infinity,-Infinity,-Infinity,-Infinity,-Infinity,-Infinity,-Infinity,-Infinity,-Infinity,-Infinity,-Infinity,-Infinity,-Infinity,-Infinity,-Infinity,-Infinity,-Infinity,-Infinity,-Infinity,-Infinity,-Infinity,-Infinity,-Infinity,-Infinity,-Infinity,-Infinity,-Infinity,-Infinity,-Infinity,-Infinity,-Infinity,-Infinity,-Infinity,-Infinity,-Infinity,-Infinity,-Infinity,-Infinity,-Infinity,-Infinity,-Infinity,-Infinity,-Infinity,-Infinity,-Infinity,-Infinity,-Infinity,-Infinity,-Infinity,-Infinity,-Infinity,-Infinity,-Infinity,-Infinity,-Infinity,-Infinity,-Infinity,-Infinity,-Infinity,-Infinity,-Infinity,-Infinity,-Infinity,-Infinity,-Infinity,-Infinity,-Infinity,-Infinity,-Infinity,-Infinity,-Infinity,-Infinity,-Infinity,-Infinity,-Infinity,-Infinity,-Infinity,-Infinity,-Infinity,-Infinity,-Infinity,-Infinity,-Infinity,-Infinity,-Infinity
"S10",-Infinity,-Infinity,-Infinity,-Infinity,-Infinity,-Infinity,-Infinity,-Infinity,-Infinity,-Infinity,-Infinity,-Infinity,-Infinity,-Infinity,-Infinity,-Infinity,-Infinity,-Infinity,-Infinity,-Infinity,-Infinity,-Infinity,-Infinity,-Infinity,-Infinity,-Infinity,-Infinity,-Infinity,-Infinity,-Infinity,-Infinity,-Infinity,-Infinity,-Infinity,-Infinity,-Infinity,-Infinity,-Infinity,-Infinity,-Infinity,-Infinity,-Infinity,-Infinity,-Infinity,-Infinity,-Infinity,-Infinity,-Infinity,-Infinity,-Infinity,-Infinity,-Infinity,-Infinity,-Infinity,-Infinity,-Infinity,-Infinity,-Infinity,-Infinity,-Infinity,-Infinity,-Infinity,-Infinity,-Infinity,-Infinity,-Infinity,-Infinity,-Infinity,-Infinity,-Infinity,-Infinity,-Infinity,-Infinity,-Infinity,-Infinity,-Infinity,-Infinity,-Infinity,-Infinity,-Infinity,-Infinity,-Infinity,-Infinity,-Infinity,-Infinity,-Infinity,-Infinity,-Infinity,-Infinity,-Infinity,-Infinity,-Infinity,-Infinity,-Infinity,-Infinity,-Infinity,-Infinity,-Infinity,-Infinity,-Infinity,-Infinity,-Infinity,-Infinity,-Infinity,-Infinity,-Infinity,-Infinity,-Infinity,-Infinity,-Infinity,-Infinity,-Infinity,-Infinity,-Infinity,-Infinity,-Infinity,-Infinity,-Infinity,-Infinity,-Infinity,-Infinity,-Infinity,-Infinity,-Infinity,-Infinity,-Infinity,-Infinity,-Infinity,-Infinity,-Infinity,-Infinity,-Infinity,-Infinity,-Infinity,-Infinity,-Infinity,-Infinity,-Infinity,-Infinity,-Infinity,-Infinity
"S11",-Infinity,-Infinity,-Infinity,-Infinity,-Infinity,-Infinity,-Infinity,-Infinity,-Infinity,-Infinity,-Infinity,-Infinity,-Infinity,-Infinity,-Infinity,-Infinity,-Infinity,-Infinity,-Infinity,-Infinity,-Infinity,-Infinity,-Infinity,-Infinity,-Infinity,-Infinity,-Infinity,-Infinity,-Infinity,-Infinity,-Infinity,-Infinity,-Infinity,-Infinity,-Infinity,-Infinity,-Infinity,-Infinity,-Infinity,-Infinity,-Infinity,-Infinity,-Infinity,-Infinity,-Infinity,-Infinity,-Infinity,-Infinity,-Infinity,-Infinity,-Infinity,-Infinity,-Infinity,-Infinity,-Infinity,-Infinity,-Infinity,-Infinity,-Infinity,-Infinity,-Infinity,-Infinity,-Infinity,-Infinity,-Infinity,-Infinity,-Infinity,-Infinity,-Infinity,-Infinity,-Infinity,-Infinity,-Infinity,-Infinity,-Infinity,-Infinity,-Infinity,-Infinity,-Infinity,-Infinity,-Infinity,-Infinity,-Infinity,-Infinity,-Infinity,-Infinity,-Infinity,-Infinity,-Infinity,-Infinity,-Infinity,-Infinity,-Infinity,-Infinity,-Infinity,-Infinity,-Infinity,-Infinity,-Infinity,-Infinity,-Infinity,-Infinity,-Infinity,-Infinity,-Infinity,-Infinity,-Infinity,-Infinity,-Infinity,-Infinity,-Infinity,-Infinity,-Infinity,-Infinity,-Infinity,-Infinity,-Infinity,-Infinity,-Infinity,-Infinity,-Infinity,-Infinity,-Infinity,-Infinity,-Infinity,-Infinity,-Infinity,-Infinity,-Infinity,-Infinity,-Infinity,-Infinity,-Infinity,-Infinity,-Infinity,-Infinity,-Infinity,-Infinity,-Infinity,-Infinity,-Infinity
"S12",-Infinity,-Infinity,-Infinity,-Infinity,-Infinity,-Infinity,-Infinity,-Infinity,-Infinity,-Infinity,-Infinity,-Infinity,-Infinity,-Infinity,-Infinity,-Infinity,-Infinity,-Infinity,-Infinity,-Infinity,-Infinity,-Infinity,-Infinity,-Infinity,-Infinity,-Infinity,-Infinity,-Infinity,-Infinity,-Infinity,-Infinity,-Infinity,-Infinity,-Infinity,-Infinity,-Infinity,-Infinity,-Infinity,-Infinity,-Infinity,-Infinity,-Infinity,-Infinity,-Infinity,-Infinity,-Infinity,-Infinity,-Infinity,-Infinity,-Infinity,-Infinity,-Infinity,-Infinity,-Infinity,-Infinity,-Infinity,-Infinity,-Infinity,-Infinity,-Infinity,-Infinity,-Infinity,-Infinity,-Infinity,-Infinity,-Infinity,-Infinity,-Infinity,-Infinity,-Infinity,-Infinity,-Infinity,-Infinity,-Infinity,-Infinity,-Infinity,-Infinity,-Infinity,-Infinity,-Infinity,-Infinity,-Infinity,-Infinity,-Infinity,-Infinity,-Infinity,-Infinity,-Infinity,-Infinity,-Infinity,-Infinity,-Infinity,-Infinity,-Infinity,-Infinity,-Infinity,-Infinity,-Infinity,-Infinity,-Infinity,-Infinity,-Infinity,-Infinity,-Infinity,-Infinity,-Infinity,-Infinity,-Infinity,-Infinity,-Infinity,-Infinity,-Infinity,-Infinity,-Infinity,-Infinity,-Infinity,-Infinity,-Infinity,-Infinity,-Infinity,-Infinity,-Infinity,-Infinity,-Infinity,-Infinity,-Infinity,-Infinity,-Infinity,-Infinity,-Infinity,-Infinity,-Infinity,-Infinity,-Infinity,-Infinity,-Infinity,-Infinity,-Infinity,-Infinity,-Infinity,-Infinity
"S13",-Infinity,-Infinity,-Infinity,-Infinity,-Infinity,-Infinity,-Infinity,-Infinity,-Infinity,-Infinity,-Infinity,-Infinity,-Infinity,-Infinity,-Infinity,-Infinity,-Infinity,-Infinity,-Infinity,-Infinity,-Infinity,-Infinity,-Infinity,-Infinity,-Infinity,-Infinity,-Infinity,-Infinity,-Infinity,-Infinity,-Infinity,-Infinity,-Infinity,-Infinity,-Infinity,-Infinity,-Infinity,-Infinity,-Infinity,-Infinity,-Infinity,-Infinity,-Infinity,-Infinity,-Infinity,-Infinity,-Infinity,-Infinity,-Infinity,-Infinity,-Infinity,-Infinity,-Infinity,-Infinity,-Infinity,-Infinity,-Infinity,-Infinity,-Infinity,-Infinity,-Infinity,-Infinity,-Infinity,-Infinity,-Infinity,-Infinity,-Infinity,-Infinity,-Infinity,-Infinity,-Infinity,-Infinity,-Infinity,-Infinity,-Infinity,-Infinity,-Infinity,-Infinity,-Infinity,-Infinity,-Infinity,-Infinity,-Infinity,-Infinity,-Infinity,-Infinity,-Infinity,-Infinity,-Infinity,-Infinity,-Infinity,-Infinity,-Infinity,-Infinity,-Infinity,-Infinity,-Infinity,-Infinity,-Infinity,-Infinity,-Infinity,-Infinity,-Infinity,-Infinity,-Infinity,-Infinity,-Infinity,-Infinity,-Infinity,-Infinity,-Infinity,-Infinity,-Infinity,-Infinity,-Infinity,-Infinity,-Infinity,-Infinity,-Infinity,-Infinity,-Infinity,-Infinity,-Infinity,-Infinity,-Infinity,-Infinity,-Infinity,-Infinity,-Infinity,-Infinity,-Infinity,-Infinity,-Infinity,-Infinity,-Infinity,-Infinity,-Infinity,-Infinity,-Infinity,-Infinity,-Infinity
"S14",-Infinity,-Infinity,-Infinity,-Infinity,-Infinity,-Infinity,-Infinity,-Infinity,-Infinity,-Infinity,-Infinity,-Infinity,-Infinity,-Infinity,-Infinity,-Infinity,-Infinity,-Infinity,-Infinity,-Infinity,-Infinity,-Infinity,-Infinity,-Infinity,-Infinity,-Infinity,-Infinity,-Infinity,-Infinity,-Infinity,-Infinity,-Infinity,-Infinity,-Infinity,-Infinity,-Infinity,-Infinity,-Infinity,-Infinity,-Infinity,-Infinity,-Infinity,-Infinity,-Infinity,-Infinity,-Infinity,-Infinity,-Infinity,-Infinity,-Infinity,-Infinity,-Infinity,-Infinity,-Infinity,-Infinity,-Infinity,-Infinity,-Infinity,-Infinity,-Infinity,-Infinity,-Infinity,-Infinity,-Infinity,-Infinity,-Infinity,-Infinity,-Infinity,-Infinity,-Infinity,-Infinity,-Infinity,-Infinity,-Infinity,-Infinity,-Infinity,-Infinity,-Infinity,-Infinity,-Infinity,-Infinity,-Infinity,-Infinity,-Infinity,-Infinity,-Infinity,-Infinity,-Infinity,-Infinity,-Infinity,-Infinity,-Infinity,-Infinity,-Infinity,-Infinity,-Infinity,-Infinity,-Infinity,-Infinity,-Infinity,-Infinity,-Infinity,-Infinity,-Infinity,-Infinity,-Infinity,-Infinity,-Infinity,-Infinity,-Infinity,-Infinity,-Infinity,-Infinity,-Infinity,-Infinity,-Infinity,-Infinity,-Infinity,-Infinity,-Infinity,-Infinity,-Infinity,-Infinity,-Infinity,-Infinity,-Infinity,-Infinity,-Infinity,-Infinity,-Infinity,-Infinity,-Infinity,-Infinity,-Infinity,-Infinity,-Infinity,-Infinity,-Infinity,-Infinity,-Infinity,-Infinity
"S15",-Infinity,-Infinity,-Infinity,-Infinity,-Infinity,-Infinity,-Infinity,-Infinity,-Infinity,-Infinity,-Infinity,-Infinity,-Infinity,-Infinity,-Infinity,-Infinity,-Infinity,-Infinity,-Infinity,-Infinity,-Infinity,-Infinity,-Infinity,-Infinity,-Infinity,-Infinity,-Infinity,-Infinity,-Infinity,-Infinity,-Infinity,-Infinity,-Infinity,-Infinity,-Infinity,-Infinity,-Infinity,-Infinity,-Infinity,-Infinity,-Infinity,-Infinity,-Infinity,-Infinity,-Infinity,-Infinity,-Infinity,-Infinity,-Infinity,-Infinity,-Infinity,-Infinity,-Infinity,-Infinity,-Infinity,-Infinity,-Infinity,-Infinity,-Infinity,-Infinity,-Infinity,-Infinity,-Infinity,-Infinity,-Infinity,-Infinity,-Infinity,-Infinity,-Infinity,-Infinity,-Infinity,-Infinity,-Infinity,-Infinity,-Infinity,-Infinity,-Infinity,-Infinity,-Infinity,-Infinity,-Infinity,-Infinity,-Infinity,-Infinity,-Infinity,-Infinity,-Infinity,-Infinity,-Infinity,-Infinity,-Infinity,-Infinity,-Infinity,-Infinity,-Infinity,-Infinity,-Infinity,-Infinity,-Infinity,-Infinity,-Infinity,-Infinity,-Infinity,-Infinity,-Infinity,-Infinity,-Infinity,-Infinity,-Infinity,-Infinity,-Infinity,-Infinity,-Infinity,-Infinity,-Infinity,-Infinity,-Infinity,-Infinity,-Infinity,-Infinity,-Infinity,-Infinity,-Infinity,-Infinity,-Infinity,-Infinity,-Infinity,-Infinity,-Infinity,-Infinity,-Infinity,-Infinity,-Infinity,-Infinity,-Infinity,-Infinity,-Infinity,-Infinity,-Infinity,-Infinity,-Infinity
"S16",-Infinity,-Infinity,-Infinity,-Infinity,-Infinity,-Infinity,-Infinity,-Infinity,-Infinity,-Infinity,-Infinity,-Infinity,-Infinity,-Infinity,-Infinity,-Infinity,-Infinity,-Infinity,-Infinity,-Infinity,-Infinity,-Infinity,-Infinity,-Infinity,-Infinity,-Infinity,-Infinity,-Infinity,-Infinity,-Infinity,-Infinity,-Infinity,-Infinity,-Infinity,-Infinity,-Infinity,-Infinity,-Infinity,-Infinity,-Infinity,-Infinity,-Infinity,-Infinity,-Infinity,-Infinity,-Infinity,-Infinity,-Infinity,-Infinity,-Infinity,-Infinity,-Infinity,-Infinity,-Infinity,-Infinity,-Infinity,-Infinity,-Infinity,-Infinity,-Infinity,-Infinity,-Infinity,-Infinity,-Infinity,-Infinity,-Infinity,-Infinity,-Infinity,-Infinity,-Infinity,-Infinity,-Infinity,-Infinity,-Infinity,-Infinity,-Infinity,-Infinity,-Infinity,-Infinity,-Infinity,-Infinity,-Infinity,-Infinity,-Infinity,-Infinity,-Infinity,-Infinity,-Infinity,-Infinity,-Infinity,-Infinity,-Infinity,-Infinity,-Infinity,-Infinity,-Infinity,-Infinity,-Infinity,-Infinity,-Infinity,-Infinity,-Infinity,-Infinity,-Infinity,-Infinity,-Infinity,-Infinity,-Infinity,-Infinity,-Infinity,-Infinity,-Infinity,-Infinity,-Infinity,-Infinity,-Infinity,-Infinity,-Infinity,-Infinity,-Infinity,-Infinity,-Infinity,-Infinity,-Infinity,-Infinity,-Infinity,-Infinity,-Infinity,-Infinity,-Infinity,-Infinity,-Infinity,-Infinity,-Infinity,-Infinity,-Infinity,-Infinity,-Infinity,-Infinity,-Infinity,-Infinity
"S17",-Infinity,-Infinity,-Infinity,-Infinity,-Infinity,-Infinity,-Infinity,-Infinity,-Infinity,-Infinity,-Infinity,-Infinity,-Infinity,-Infinity,-Infinity,-Infinity,-Infinity,-Infinity,-Infinity,-Infinity,-Infinity,-Infinity,-Infinity,-Infinity,-Infinity,-Infinity,-Infinity,-Infinity,-Infinity,-Infinity,-Infinity,-Infinity,-Infinity,-Infinity,-Infinity,-Infinity,-Infinity,-Infinity,-Infinity,-Infinity,-Infinity,-Infinity,-Infinity,-Infinity,-Infinity,-Infinity,-Infinity,-Infinity,-Infinity,-Infinity,-Infinity,-Infinity,-Infinity,-Infinity,-Infinity,-Infinity,-Infinity,-Infinity,-Infinity,-Infinity,-Infinity,-Infinity,-Infinity,-Infinity,-Infinity,-Infinity,-Infinity,-Infinity,-Infinity,-Infinity,-Infinity,-Infinity,-Infinity,-Infinity,-Infinity,-Infinity,-Infinity,-Infinity,-Infinity,-Infinity,-Infinity,-Infinity,-Infinity,-Infinity,-Infinity,-Infinity,-Infinity,-Infinity,-Infinity,-Infinity,-Infinity,-Infinity,-Infinity,-Infinity,-Infinity,-Infinity,-Infinity,-Infinity,-Infinity,-Infinity,-Infinity,-Infinity,-Infinity,-Infinity,-Infinity,-Infinity,-Infinity,-Infinity,-Infinity,-Infinity,-Infinity,-Infinity,-Infinity,-Infinity,-Infinity,-Infinity,-Infinity,-Infinity,-Infinity,-Infinity,-Infinity,-Infinity,-Infinity,-Infinity,-Infinity,-Infinity,-Infinity,-Infinity,-Infinity,-Infinity,-Infinity,-Infinity,-Infinity,-Infinity,-Infinity,-Infinity,-Infinity,-Infinity,-Infinity,-Infinity,-Infinity
"S18",-Infinity,-Infinity,-Infinity,-Infinity,-Infinity,-Infinity,-Infinity,-Infinity,-Infinity,-Infinity,-Infinity,-Infinity,-Infinity,-Infinity,-Infinity,-Infinity,-Infinity,-Infinity,-Infinity,-Infinity,-Infinity,-Infinity,-Infinity,-Infinity,-Infinity,-Infinity,-Infinity,-Infinity,-Infinity,-Infinity,-Infinity,-Infinity,-Infinity,-Infinity,-Infinity,-Infinity,-Infinity,-Infinity,-Infinity,-Infinity,-Infinity,-Infinity,-Infinity,-Infinity,-Infinity,-Infinity,-Infinity,-Infinity,-Infinity,-Infinity,-Infinity,-Infinity,-Infinity,-Infinity,-Infinity,-Infinity,-Infinity,-Infinity,-Infinity,-Infinity,-Infinity,-Infinity,-Infinity,-Infinity,-Infinity,-Infinity,-Infinity,-Infinity,-Infinity,-Infinity,-Infinity,-Infinity,-Infinity,-Infinity,-Infinity,-Infinity,-Infinity,-Infinity,-Infinity,-Infinity,-Infinity,-Infinity,-Infinity,-Infinity,-Infinity,-Infinity,-Infinity,-Infinity,-Infinity,-Infinity,-Infinity,-Infinity,-Infinity,-Infinity,-Infinity,-Infinity,-Infinity,-Infinity,-Infinity,-Infinity,-Infinity,-Infinity,-Infinity,-Infinity,-Infinity,-Infinity,-Infinity,-Infinity,-Infinity,-Infinity,-Infinity,-Infinity,-Infinity,-Infinity,-Infinity,-Infinity,-Infinity,-Infinity,-Infinity,-Infinity,-Infinity,-Infinity,-Infinity,-Infinity,-Infinity,-Infinity,-Infinity,-Infinity,-Infinity,-Infinity,-Infinity,-Infinity,-Infinity,-Infinity,-Infinity,-Infinity,-Infinity,-Infinity,-Infinity,-Infinity,-Infinity
"S19",-Infinity,-Infinity,-Infinity,-Infinity,-Infinity,-Infinity,-Infinity,-Infinity,-Infinity,-Infinity,-Infinity,-Infinity,-Infinity,-Infinity,-Infinity,-Infinity,-Infinity,-Infinity,-Infinity,-Infinity,-Infinity,-Infinity,-Infinity,-Infinity,-Infinity,-Infinity,-Infinity,-Infinity,-Infinity,-Infinity,-Infinity,-Infinity,-Infinity,-Infinity,-Infinity,-Infinity,-Infinity,-Infinity,-Infinity,-Infinity,-Infinity,-Infinity,-Infinity,-Infinity,-Infinity,-Infinity,-Infinity,-Infinity,-Infinity,-Infinity,-Infinity,-Infinity,-Infinity,-Infinity,-Infinity,-Infinity,-Infinity,-Infinity,-Infinity,-Infinity,-Infinity,-Infinity,-Infinity,-Infinity,-Infinity,-Infinity,-Infinity,-Infinity,-Infinity,-Infinity,-Infinity,-Infinity,-Infinity,-Infinity,-Infinity,-Infinity,-Infinity,-Infinity,-Infinity,-Infinity,-Infinity,-Infinity,-Infinity,-Infinity,-Infinity,-Infinity,-Infinity,-Infinity,-Infinity,-Infinity,-Infinity,-Infinity,-Infinity,-Infinity,-Infinity,-Infinity,-Infinity,-Infinity,-Infinity,-Infinity,-Infinity,-Infinity,-Infinity,-Infinity,-Infinity,-Infinity,-Infinity,-Infinity,-Infinity,-Infinity,-Infinity,-Infinity,-Infinity,-Infinity,-Infinity,-Infinity,-Infinity,-Infinity,-Infinity,-Infinity,-Infinity,-Infinity,-Infinity,-Infinity,-Infinity,-Infinity,-Infinity,-Infinity,-Infinity,-Infinity,-Infinity,-Infinity,-Infinity,-Infinity,-Infinity,-Infinity,-Infinity,-Infinity,-Infinity,-Infinity,-Infinity
"S20",-Infinity,-Infinity,-Infinity,-Infinity,-Infinity,-Infinity,-Infinity,-Infinity,-Infinity,-Infinity,-Infinity,-Infinity,-Infinity,-Infinity,-Infinity,-Infinity,-Infinity,-Infinity,-Infinity,-Infinity,-Infinity,-Infinity,-Infinity,-Infinity,-Infinity,-Infinity,-Infinity,-Infinity,-Infinity,-Infinity,-Infinity,-Infinity,-Infinity,-Infinity,-Infinity,-Infinity,-Infinity,-Infinity,-Infinity,-Infinity,-Infinity,-Infinity,-Infinity,-Infinity,-Infinity,-Infinity,-Infinity,-Infinity,-Infinity,-Infinity,-Infinity,-Infinity,-Infinity,-Infinity,-Infinity,-Infinity,-Infinity,-Infinity,-Infinity,-Infinity,-Infinity,-Infinity,-Infinity,-Infinity,-Infinity,-Infinity,-Infinity,-Infinity,-Infinity,-Infinity,-Infinity,-Infinity,-Infinity,-Infinity,-Infinity,-Infinity,-Infinity,-Infinity,-Infinity,-Infinity,-Infinity,-Infinity,-Infinity,-Infinity,-Infinity,-Infinity,-Infinity,-Infinity,-Infinity,-Infinity,-Infinity,-Infinity,-Infinity,-Infinity,-Infinity,-Infinity,-Infinity,-Infinity,-Infinity,-Infinity,-Infinity,-Infinity,-Infinity,-Infinity,-Infinity,-Infinity,-Infinity,-Infinity,-Infinity,-Infinity,-Infinity,-Infinity,-Infinity,-Infinity,-Infinity,-Infinity,-Infinity,-Infinity,-Infinity,-Infinity,-Infinity,-Infinity,-Infinity,-Infinity,-Infinity,-Infinity,-Infinity,-Infinity,-Infinity,-Infinity,-Infinity,-Infinity,-Infinity,-Infinity,-Infinity,-Infinity,-Infinity,-Infinity,-Infinity,-Infinity,-Infinity
"S21",-Infinity,-Infinity,-Infinity,-Infinity,-Infinity,-Infinity,-Infinity,-Infinity,-Infinity,-Infinity,-Infinity,-Infinity,-Infinity,-Infinity,-Infinity,-Infinity,-Infinity,-Infinity,-Infinity,-Infinity,-Infinity,-Infinity,-Infinity,-Infinity,-Infinity,-Infinity,-Infinity,-Infinity,-Infinity,-Infinity,-Infinity,-Infinity,-Infinity,-Infinity,-Infinity,-Infinity,-Infinity,-Infinity,-Infinity,-Infinity,-Infinity,-Infinity,-Infinity,-Infinity,-Infinity,-Infinity,-Infinity,-Infinity,-Infinity,-Infinity,-Infinity,-Infinity,-Infinity,-Infinity,-Infinity,-Infinity,-Infinity,-Infinity,-Infinity,-Infinity,-Infinity,-Infinity,-Infinity,-Infinity,-Infinity,-Infinity,-Infinity,-Infinity,-Infinity,-Infinity,-Infinity,-Infinity,-Infinity,-Infinity,-Infinity,-Infinity,-Infinity,-Infinity,-Infinity,-Infinity,-Infinity,-Infinity,-Infinity,-Infinity,-Infinity,-Infinity,-Infinity,-Infinity,-Infinity,-Infinity,-Infinity,-Infinity,-Infinity,-Infinity,-Infinity,-Infinity,-Infinity,-Infinity,-Infinity,-Infinity,-Infinity,-Infinity,-Infinity,-Infinity,-Infinity,-Infinity,-Infinity,-Infinity,-Infinity,-Infinity,-Infinity,-Infinity,-Infinity,-Infinity,-Infinity,-Infinity,-Infinity,-Infinity,-Infinity,-Infinity,-Infinity,-Infinity,-Infinity,-Infinity,-Infinity,-Infinity,-Infinity,-Infinity,-Infinity,-Infinity,-Infinity,-Infinity,-Infinity,-Infinity,-Infinity,-Infinity,-Infinity,-Infinity,-Infinity,-Infinity,-Infinity
"S22",-Infinity,-Infinity,-Infinity,-Infinity,-Infinity,-Infinity,-Infinity,-Infinity,-Infinity,-Infinity,-Infinity,-Infinity,-Infinity,-Infinity,-Infinity,-Infinity,-Infinity,-Infinity,-Infinity,-Infinity,-Infinity,-Infinity,-Infinity,-Infinity,-Infinity,-Infinity,-Infinity,-Infinity,-Infinity,-Infinity,-Infinity,-Infinity,-Infinity,-Infinity,-Infinity,-Infinity,-Infinity,-Infinity,-Infinity,-Infinity,-Infinity,-Infinity,-Infinity,-Infinity,-Infinity,-Infinity,-Infinity,-Infinity,-Infinity,-Infinity,-Infinity,-Infinity,-Infinity,-Infinity,-Infinity,-Infinity,-Infinity,-Infinity,-Infinity,-Infinity,-Infinity,-Infinity,-Infinity,-Infinity,-Infinity,-Infinity,-Infinity,-Infinity,-Infinity,-Infinity,-Infinity,-Infinity,-Infinity,-Infinity,-Infinity,-Infinity,-Infinity,-Infinity,-Infinity,-Infinity,-Infinity,-Infinity,-Infinity,-Infinity,-Infinity,-Infinity,-Infinity,-Infinity,-Infinity,-Infinity,-Infinity,-Infinity,-Infinity,-Infinity,-Infinity,-Infinity,-Infinity,-Infinity,-Infinity,-Infinity,-Infinity,-Infinity,-Infinity,-Infinity,-Infinity,-Infinity,-Infinity,-Infinity,-Infinity,-Infinity,-Infinity,-Infinity,-Infinity,-Infinity,-Infinity,-Infinity,-Infinity,-Infinity,-Infinity,-Infinity,-Infinity,-Infinity,-Infinity,-Infinity,-Infinity,-Infinity,-Infinity,-Infinity,-Infinity,-Infinity,-Infinity,-Infinity,-Infinity,-Infinity,-Infinity,-Infinity,-Infinity,-Infinity,-Infinity,-Infinity,-Infinity
"S23",-Infinity,-Infinity,-Infinity,-Infinity,-Infinity,-Infinity,-Infinity,-Infinity,-Infinity,-Infinity,-Infinity,-Infinity,-Infinity,-Infinity,-Infinity,-Infinity,-Infinity,-Infinity,-Infinity,-Infinity,-Infinity,-Infinity,-Infinity,-Infinity,-Infinity,-Infinity,-Infinity,-Infinity,-Infinity,-Infinity,-Infinity,-Infinity,-Infinity,-Infinity,-Infinity,-Infinity,-Infinity,-Infinity,-Infinity,-Infinity,-Infinity,-Infinity,-Infinity,-Infinity,-Infinity,-Infinity,-Infinity,-Infinity,-Infinity,-Infinity,-Infinity,-Infinity,-Infinity,-Infinity,-Infinity,-Infinity,-Infinity,-Infinity,-Infinity,-Infinity,-Infinity,-Infinity,-Infinity,-Infinity,-Infinity,-Infinity,-Infinity,-Infinity,-Infinity,-Infinity,-Infinity,-Infinity,-Infinity,-Infinity,-Infinity,-Infinity,-Infinity,-Infinity,-Infinity,-Infinity,-Infinity,-Infinity,-Infinity,-Infinity,-Infinity,-Infinity,-Infinity,-Infinity,-Infinity,-Infinity,-Infinity,-Infinity,-Infinity,-Infinity,-Infinity,-Infinity,-Infinity,-Infinity,-Infinity,-Infinity,-Infinity,-Infinity,-Infinity,-Infinity,-Infinity,-Infinity,-Infinity,-Infinity,-Infinity,-Infinity,-Infinity,-Infinity,-Infinity,-Infinity,-Infinity,-Infinity,-Infinity,-Infinity,-Infinity,-Infinity,-Infinity,-Infinity,-Infinity,-Infinity,-Infinity,-Infinity,-Infinity,-Infinity,-Infinity,-Infinity,-Infinity,-Infinity,-Infinity,-Infinity,-Infinity,-Infinity,-Infinity,-Infinity,-Infinity,-Infinity,-Infinity
"S24",-Infinity,-Infinity,-Infinity,-Infinity,-Infinity,-Infinity,-Infinity,-Infinity,-Infinity,-Infinity,-Infinity,-Infinity,-Infinity,-Infinity,-Infinity,-Infinity,-Infinity,-Infinity,-Infinity,-Infinity,-Infinity,-Infinity,-Infinity,-Infinity,-Infinity,-Infinity,-Infinity,-Infinity,-Infinity,-Infinity,-Infinity,-Infinity,-Infinity,-Infinity,-Infinity,-Infinity,-Infinity,-Infinity,-Infinity,-Infinity,-Infinity,-Infinity,-Infinity,-Infinity,-Infinity,-Infinity,-Infinity,-Infinity,-Infinity,-Infinity,-Infinity,-Infinity,-Infinity,-Infinity,-Infinity,-Infinity,-Infinity,-Infinity,-Infinity,-Infinity,-Infinity,-Infinity,-Infinity,-Infinity,-Infinity,-Infinity,-Infinity,-Infinity,-Infinity,-Infinity,-Infinity,-Infinity,-Infinity,-Infinity,-Infinity,-Infinity,-Infinity,-Infinity,-Infinity,-Infinity,-Infinity,-Infinity,-Infinity,-Infinity,-Infinity,-Infinity,-Infinity,-Infinity,-Infinity,-Infinity,-Infinity,-Infinity,-Infinity,-Infinity,-Infinity,-Infinity,-Infinity,-Infinity,-Infinity,-Infinity,-Infinity,-Infinity,-Infinity,-Infinity,-Infinity,-Infinity,-Infinity,-Infinity,-Infinity,-Infinity,-Infinity,-Infinity,-Infinity,-Infinity,-Infinity,-Infinity,-Infinity,-Infinity,-Infinity,-Infinity,-Infinity,-Infinity,-Infinity,-Infinity,-Infinity,-Infinity,-Infinity,-Infinity,-Infinity,-Infinity,-Infinity,-Infinity,-Infinity,-Infinity,-Infinity,-Infinity,-Infinity,-Infinity,-Infinity,-Infinity,-Infinity
"S25",-Infinity,-Infinity,-Infinity,-Infinity,-Infinity,-Infinity,-Infinity,-Infinity,-Infinity,-Infinity,-Infinity,-Infinity,-Infinity,-Infinity,-Infinity,-Infinity,-Infinity,-Infinity,-Infinity,-Infinity,-Infinity,-Infinity,-Infinity,-Infinity,-Infinity,-Infinity,-Infinity,-Infinity,-Infinity,-Infinity,-Infinity,-Infinity,-Infinity,-Infinity,-Infinity,-Infinity,-Infinity,-Infinity,-Infinity,-Infinity,-Infinity,-Infinity,-Infinity,-Infinity,-Infinity,-Infinity,-Infinity,-Infinity,-Infinity,-Infinity,-Infinity,-Infinity,-Infinity,-Infinity,-Infinity,-Infinity,-Infinity,-Infinity,-Infinity,-Infinity,-Infinity,-Infinity,-Infinity,-Infinity,-Infinity,-Infinity,-Infinity,-Infinity,-Infinity,-Infinity,-Infinity,-Infinity,-Infinity,-Infinity,-Infinity,-Infinity,-Infinity,-Infinity,-Infinity,-Infinity,-Infinity,-Infinity,-Infinity,-Infinity,-Infinity,-Infinity,-Infinity,-Infinity,-Infinity,-Infinity,-Infinity,-Infinity,-Infinity,-Infinity,-Infinity,-Infinity,-Infinity,-Infinity,-Infinity,-Infinity,-Infinity,-Infinity,-Infinity,-Infinity,-Infinity,-Infinity,-Infinity,-Infinity,-Infinity,-Infinity,-Infinity,-Infinity,-Infinity,-Infinity,-Infinity,-Infinity,-Infinity,-Infinity,-Infinity,-Infinity,-Infinity,-Infinity,-Infinity,-Infinity,-Infinity,-Infinity,-Infinity,-Infinity,-Infinity,-Infinity,-Infinity,-Infinity,-Infinity,-Infinity,-Infinity,-Infinity,-Infinity,-Infinity,-Infinity,-Infinity,-Infinity
"S26",-Infinity,-Infinity,-Infinity,-Infinity,-Infinity,-Infinity,-Infinity,-Infinity,-Infinity,-Infinity,-Infinity,-Infinity,-Infinity,-Infinity,-Infinity,-Infinity,-Infinity,-Infinity,-Infinity,-Infinity,-Infinity,-Infinity,-Infinity,-Infinity,-Infinity,-Infinity,-Infinity,-Infinity,-Infinity,-Infinity,-Infinity,-Infinity,-Infinity,-Infinity,-Infinity,-Infinity,-Infinity,-Infinity,-Infinity,-Infinity,-Infinity,-Infinity,-Infinity,-Infinity,-Infinity,-Infinity,-Infinity,-Infinity,-Infinity,-Infinity,-Infinity,-Infinity,-Infinity,-Infinity,-Infinity,-Infinity,-Infinity,-Infinity,-Infinity,-Infinity,-Infinity,-Infinity,-Infinity,-Infinity,-Infinity,-Infinity,-Infinity,-Infinity,-Infinity,-Infinity,-Infinity,-Infinity,-Infinity,-Infinity,-Infinity,-Infinity,-Infinity,-Infinity,-Infinity,-Infinity,-Infinity,-Infinity,-Infinity,-Infinity,-Infinity,-Infinity,-Infinity,-Infinity,-Infinity,-Infinity,-Infinity,-Infinity,-Infinity,-Infinity,-Infinity,-Infinity,-Infinity,-Infinity,-Infinity,-Infinity,-Infinity,-Infinity,-Infinity,-Infinity,-Infinity,-Infinity,-Infinity,-Infinity,-Infinity,-Infinity,-Infinity,-Infinity,-Infinity,-Infinity,-Infinity,-Infinity,-Infinity,-Infinity,-Infinity,-Infinity,-Infinity,-Infinity,-Infinity,-Infinity,-Infinity,-Infinity,-Infinity,-Infinity,-Infinity,-Infinity,-Infinity,-Infinity,-Infinity,-Infinity,-Infinity,-Infinity,-Infinity,-Infinity,-Infinity,-Infinity,-Infinity
"S27",-Infinity,-Infinity,-Infinity,-Infinity,-Infinity,-Infinity,-Infinity,-Infinity,-Infinity,-Infinity,-Infinity,-Infinity,-Infinity,-Infinity,-Infinity,-Infinity,-Infinity,-Infinity,-Infinity,-Infinity,-Infinity,-Infinity,-Infinity,-Infinity,-Infinity,-Infinity,-Infinity,-Infinity,-Infinity,-Infinity,-Infinity,-Infinity,-Infinity,-Infinity,-Infinity,-Infinity,-Infinity,-Infinity,-Infinity,-Infinity,-Infinity,-Infinity,-Infinity,-Infinity,-Infinity,-Infinity,-Infinity,-Infinity,-Infinity,-Infinity,-Infinity,-Infinity,-Infinity,-Infinity,-Infinity,-Infinity,-Infinity,-Infinity,-Infinity,-Infinity,-Infinity,-Infinity,-Infinity,-Infinity,-Infinity,-Infinity,-Infinity,-Infinity,-Infinity,-Infinity,-Infinity,-Infinity,-Infinity,-Infinity,-Infinity,-Infinity,-Infinity,-Infinity,-Infinity,-Infinity,-Infinity,-Infinity,-Infinity,-Infinity,-Infinity,-Infinity,-Infinity,-Infinity,-Infinity,-Infinity,-Infinity,-Infinity,-Infinity,-Infinity,-Infinity,-Infinity,-Infinity,-Infinity,-Infinity,-Infinity,-Infinity,-Infinity,-Infinity,-Infinity,-Infinity,-Infinity,-Infinity,-Infinity,-Infinity,-Infinity,-Infinity,-Infinity,-Infinity,-Infinity,-Infinity,-Infinity,-Infinity,-Infinity,-Infinity,-Infinity,-Infinity,-Infinity,-Infinity,-Infinity,-Infinity,-Infinity,-Infinity,-Infinity,-Infinity,-Infinity,-Infinity,-Infinity,-Infinity,-Infinity,-Infinity,-Infinity,-Infinity,-Infinity,-Infinity,-Infinity,-Infinity
"S28",-Infinity,-Infinity,-Infinity,-Infinity,-Infinity,-Infinity,-Infinity,-Infinity,-Infinity,-Infinity,-Infinity,-Infinity,-Infinity,-Infinity,-Infinity,-Infinity,-Infinity,-Infinity,-Infinity,-Infinity,-Infinity,-Infinity,-Infinity,-Infinity,-Infinity,-Infinity,-Infinity,-Infinity,-Infinity,-Infinity,-Infinity,-Infinity,-Infinity,-Infinity,-Infinity,-Infinity,-Infinity,-Infinity,-Infinity,-Infinity,-Infinity,-Infinity,-Infinity,-Infinity,-Infinity,-Infinity,-Infinity,-Infinity,-Infinity,-Infinity,-Infinity,-Infinity,-Infinity,-Infinity,-Infinity,-Infinity,-Infinity,-Infinity,-Infinity,-Infinity,-Infinity,-Infinity,-Infinity,-Infinity,-Infinity,-Infinity,-Infinity,-Infinity,-Infinity,-Infinity,-Infinity,-Infinity,-Infinity,-Infinity,-Infinity,-Infinity,-Infinity,-Infinity,-Infinity,-Infinity,-Infinity,-Infinity,-Infinity,-Infinity,-Infinity,-Infinity,-Infinity,-Infinity,-Infinity,-Infinity,-Infinity,-Infinity,-Infinity,-Infinity,-Infinity,-Infinity,-Infinity,-Infinity,-Infinity,-Infinity,-Infinity,-Infinity,-Infinity,-Infinity,-Infinity,-Infinity,-Infinity,-Infinity,-Infinity,-Infinity,-Infinity,-Infinity,-Infinity,-Infinity,-Infinity,-Infinity,-Infinity,-Infinity,-Infinity,-Infinity,-Infinity,-Infinity,-Infinity,-Infinity,-Infinity,-Infinity,-Infinity,-Infinity,-Infinity,-Infinity,-Infinity,-Infinity,-Infinity,-Infinity,-Infinity,-Infinity,-Infinity,-Infinity,-Infinity,-Infinity,-Infinity
"S29",-Infinity,-Infinity,-Infinity,-Infinity,-Infinity,-Infinity,-Infinity,-Infinity,-Infinity,-Infinity,-Infinity,-Infinity,-Infinity,-Infinity,-Infinity,-Infinity,-Infinity,-Infinity,-Infinity,-Infinity,-Infinity,-Infinity,-Infinity,-Infinity,-Infinity,-Infinity,-Infinity,-Infinity,-Infinity,-Infinity,-Infinity,-Infinity,-Infinity,-Infinity,-Infinity,-Infinity,-Infinity,-Infinity,-Infinity,-Infinity,-Infinity,-Infinity,-Infinity,-Infinity,-Infinity,-Infinity,-Infinity,-Infinity,-Infinity,-Infinity,-Infinity,-Infinity,-Infinity,-Infinity,-Infinity,-Infinity,-Infinity,-Infinity,-Infinity,-Infinity,-Infinity,-Infinity,-Infinity,-Infinity,-Infinity,-Infinity,-Infinity,-Infinity,-Infinity,-Infinity,-Infinity,-Infinity,-Infinity,-Infinity,-Infinity,-Infinity,-Infinity,-Infinity,-Infinity,-Infinity,-Infinity,-Infinity,-Infinity,-Infinity,-Infinity,-Infinity,-Infinity,-Infinity,-Infinity,-Infinity,-Infinity,-Infinity,-Infinity,-Infinity,-Infinity,-Infinity,-Infinity,-Infinity,-Infinity,-Infinity,-Infinity,-Infinity,-Infinity,-Infinity,-Infinity,-Infinity,-Infinity,-Infinity,-Infinity,-Infinity,-Infinity,-Infinity,-Infinity,-Infinity,-Infinity,-Infinity,-Infinity,-Infinity,-Infinity,-Infinity,-Infinity,-Infinity,-Infinity,-Infinity,-Infinity,-Infinity,-Infinity,-Infinity,-Infinity,-Infinity,-Infinity,-Infinity,-Infinity,-Infinity,-Infinity,-Infinity,-Infinity,-Infinity,-Infinity,-Infinity,-Infinity
"S30",-Infinity,-Infinity,-Infinity,-Infinity,-Infinity,-Infinity,-Infinity,-Infinity,-Infinity,-Infinity,-Infinity,-Infinity,-Infinity,-Infinity,-Infinity,-Infinity,-Infinity,-Infinity,-Infinity,-Infinity,-Infinity,-Infinity,-Infinity,-Infinity,-Infinity,-Infinity,-Infinity,-Infinity,-Infinity,-Infinity,-Infinity,-Infinity,-Infinity,-Infinity,-Infinity,-Infinity,-Infinity,-Infinity,-Infinity,-Infinity,-Infinity,-Infinity,-Infinity,-Infinity,-Infinity,-Infinity,-Infinity,-Infinity,-Infinity,-Infinity,-Infinity,-Infinity,-Infinity,-Infinity,-Infinity,-Infinity,-Infinity,-Infinity,-Infinity,-Infinity,-Infinity,-Infinity,-Infinity,-Infinity,-Infinity,-Infinity,-Infinity,-Infinity,-Infinity,-Infinity,-Infinity,-Infinity,-Infinity,-Infinity,-Infinity,-Infinity,-Infinity,-Infinity,-Infinity,-Infinity,-Infinity,-Infinity,-Infinity,-Infinity,-Infinity,-Infinity,-Infinity,-Infinity,-Infinity,-Infinity,-Infinity,-Infinity,-Infinity,-Infinity,-Infinity,-Infinity,-Infinity,-Infinity,-Infinity,-Infinity,-Infinity,-Infinity,-Infinity,-Infinity,-Infinity,-Infinity,-Infinity,-Infinity,-Infinity,-Infinity,-Infinity,-Infinity,-Infinity,-Infinity,-Infinity,-Infinity,-Infinity,-Infinity,-Infinity,-Infinity,-Infinity,-Infinity,-Infinity,-Infinity,-Infinity,-Infinity,-Infinity,-Infinity,-Infinity,-Infinity,-Infinity,-Infinity,-Infinity,-Infinity,-Infinity,-Infinity,-Infinity,-Infinity,-Infinity,-Infinity,-Infinity
"S31",-Infinity,-Infinity,-Infinity,-Infinity,-Infinity,-Infinity,-Infinity,-Infinity,-Infinity,-Infinity,-Infinity,-Infinity,-Infinity,-Infinity,-Infinity,-Infinity,-Infinity,-Infinity,-Infinity,-Infinity,-Infinity,-Infinity,-Infinity,-Infinity,-Infinity,-Infinity,-Infinity,-Infinity,-Infinity,-Infinity,-Infinity,-Infinity,-Infinity,-Infinity,-Infinity,-Infinity,-Infinity,-Infinity,-Infinity,-Infinity,-Infinity,-Infinity,-Infinity,-Infinity,-Infinity,-Infinity,-Infinity,-Infinity,-Infinity,-Infinity,-Infinity,-Infinity,-Infinity,-Infinity,-Infinity,-Infinity,-Infinity,-Infinity,-Infinity,-Infinity,-Infinity,-Infinity,-Infinity,-Infinity,-Infinity,-Infinity,-Infinity,-Infinity,-Infinity,-Infinity,-Infinity,-Infinity,-Infinity,-Infinity,-Infinity,-Infinity,-Infinity,-Infinity,-Infinity,-Infinity,-Infinity,-Infinity,-Infinity,-Infinity,-Infinity,-Infinity,-Infinity,-Infinity,-Infinity,-Infinity,-Infinity,-Infinity,-Infinity,-Infinity,-Infinity,-Infinity,-Infinity,-Infinity,-Infinity,-Infinity,-Infinity,-Infinity,-Infinity,-Infinity,-Infinity,-Infinity,-Infinity,-Infinity,-Infinity,-Infinity,-Infinity,-Infinity,-Infinity,-Infinity,-Infinity,-Infinity,-Infinity,-Infinity,-Infinity,-Infinity,-Infinity,-Infinity,-Infinity,-Infinity,-Infinity,-Infinity,-Infinity,-Infinity,-Infinity,-Infinity,-Infinity,-Infinity,-Infinity,-Infinity,-Infinity,-Infinity,-Infinity,-Infinity,-Infinity,-Infinity,-Infinity
"S32",-Infinity,-Infinity,-Infinity,-Infinity,-Infinity,-Infinity,-Infinity,-Infinity,-Infinity,-Infinity,-Infinity,-Infinity,-Infinity,-Infinity,-Infinity,-Infinity,-Infinity,-Infinity,-Infinity,-Infinity,-Infinity,-Infinity,-Infinity,-Infinity,-Infinity,-Infinity,-Infinity,-Infinity,-Infinity,-Infinity,-Infinity,-Infinity,-Infinity,-Infinity,-Infinity,-Infinity,-Infinity,-Infinity,-Infinity,-Infinity,-Infinity,-Infinity,-Infinity,-Infinity,-Infinity,-Infinity,-Infinity,-Infinity,-Infinity,-Infinity,-Infinity,-Infinity,-Infinity,-Infinity,-Infinity,-Infinity,-Infinity,-Infinity,-Infinity,-Infinity,-Infinity,-Infinity,-Infinity,-Infinity,-Infinity,-Infinity,-Infinity,-Infinity,-Infinity,-Infinity,-Infinity,-Infinity,-Infinity,-Infinity,-Infinity,-Infinity,-Infinity,-Infinity,-Infinity,-Infinity,-Infinity,-Infinity,-Infinity,-Infinity,-Infinity,-Infinity,-Infinity,-Infinity,-Infinity,-Infinity,-Infinity,-Infinity,-Infinity,-Infinity,-Infinity,-Infinity,-Infinity,-Infinity,-Infinity,-Infinity,-Infinity,-Infinity,-Infinity,-Infinity,-Infinity,-Infinity,-Infinity,-Infinity,-Infinity,-Infinity,-Infinity,-Infinity,-Infinity,-Infinity,-Infinity,-Infinity,-Infinity,-Infinity,-Infinity,-Infinity,-Infinity,-Infinity,-Infinity,-Infinity,-Infinity,-Infinity,-Infinity,-Infinity,-Infinity,-Infinity,-Infinity,-Infinity,-Infinity,-Infinity,-Infinity,-Infinity,-Infinity,-Infinity,-Infinity,-Infinity,-Infinity
"S33",-Infinity,-Infinity,-Infinity,-Infinity,-Infinity,-Infinity,-Infinity,-Infinity,-Infinity,-Infinity,-Infinity,-Infinity,-Infinity,-Infinity,-Infinity,-Infinity,-Infinity,-Infinity,-Infinity,-Infinity,-Infinity,-Infinity,-Infinity,-Infinity,-Infinity,-Infinity,-Infinity,-Infinity,-Infinity,-Infinity,-Infinity,-Infinity,-Infinity,-Infinity,-Infinity,-Infinity,-Infinity,-Infinity,-Infinity,-Infinity,-Infinity,-Infinity,-Infinity,-Infinity,-Infinity,-Infinity,-Infinity,-Infinity,-Infinity,-Infinity,-Infinity,-Infinity,-Infinity,-Infinity,-Infinity,-Infinity,-Infinity,-Infinity,-Infinity,-Infinity,-Infinity,-Infinity,-Infinity,-Infinity,-Infinity,-Infinity,-Infinity,-Infinity,-Infinity,-Infinity,-Infinity,-Infinity,-Infinity,-Infinity,-Infinity,-Infinity,-Infinity,-Infinity,-Infinity,-Infinity,-Infinity,-Infinity,-Infinity,-Infinity,-Infinity,-Infinity,-Infinity,-Infinity,-Infinity,-Infinity,-Infinity,-Infinity,-Infinity,-Infinity,-Infinity,-Infinity,-Infinity,-Infinity,-Infinity,-Infinity,-Infinity,-Infinity,-Infinity,-Infinity,-Infinity,-Infinity,-Infinity,-Infinity,-Infinity,-Infinity,-Infinity,-Infinity,-Infinity,-Infinity,-Infinity,-Infinity,-Infinity,-Infinity,-Infinity,-Infinity,-Infinity,-Infinity,-Infinity,-Infinity,-Infinity,-Infinity,-Infinity,-Infinity,-Infinity,-Infinity,-Infinity,-Infinity,-Infinity,-Infinity,-Infinity,-Infinity,-Infinity,-Infinity,-Infinity,-Infinity,-Infinity
"S34",-Infinity,-Infinity,-Infinity,-Infinity,-Infinity,-Infinity,-Infinity,-Infinity,-Infinity,-Infinity,-Infinity,-Infinity,-Infinity,-Infinity,-Infinity,-Infinity,-Infinity,-Infinity,-Infinity,-Infinity,-Infinity,-Infinity,-Infinity,-Infinity,-Infinity,-Infinity,-Infinity,-Infinity,-Infinity,-Infinity,-Infinity,-Infinity,-Infinity,-Infinity,-Infinity,-Infinity,-Infinity,-Infinity,-Infinity,-Infinity,-Infinity,-Infinity,-Infinity,-Infinity,-Infinity,-Infinity,-Infinity,-Infinity,-Infinity,-Infinity,-Infinity,-Infinity,-Infinity,-Infinity,-Infinity,-Infinity,-Infinity,-Infinity,-Infinity,-Infinity,-Infinity,-Infinity,-Infinity,-Infinity,-Infinity,-Infinity,-Infinity,-Infinity,-Infinity,-Infinity,-Infinity,-Infinity,-Infinity,-Infinity,-Infinity,-Infinity,-Infinity,-Infinity,-Infinity,-Infinity,-Infinity,-Infinity,-Infinity,-Infinity,-Infinity,-Infinity,-Infinity,-Infinity,-Infinity,-Infinity,-Infinity,-Infinity,-Infinity,-Infinity,-Infinity,-Infinity,-Infinity,-Infinity,-Infinity,-Infinity,-Infinity,-Infinity,-Infinity,-Infinity,-Infinity,-Infinity,-Infinity,-Infinity,-Infinity,-Infinity,-Infinity,-Infinity,-Infinity,-Infinity,-Infinity,-Infinity,-Infinity,-Infinity,-Infinity,-Infinity,-Infinity,-Infinity,-Infinity,-Infinity,-Infinity,-Infinity,-Infinity,-Infinity,-Infinity,-Infinity,-Infinity,-Infinity,-Infinity,-Infinity,-Infinity,-Infinity,-Infinity,-Infinity,-Infinity,-Infinity,-Infinity
"S35",-Infinity,-Infinity,-Infinity,-Infinity,-Infinity,-Infinity,-Infinity,-Infinity,-Infinity,-Infinity,-Infinity,-Infinity,-Infinity,-Infinity,-Infinity,-Infinity,-Infinity,-Infinity,-Infinity,-Infinity,-Infinity,-Infinity,-Infinity,-Infinity,-Infinity,-Infinity,-Infinity,-Infinity,-Infinity,-Infinity,-Infinity,-Infinity,-Infinity,-Infinity,-Infinity,-Infinity,-Infinity,-Infinity,-Infinity,-Infinity,-Infinity,-Infinity,-Infinity,-Infinity,-Infinity,-Infinity,-Infinity,-Infinity,-Infinity,-Infinity,-Infinity,-Infinity,-Infinity,-Infinity,-Infinity,-Infinity,-Infinity,-Infinity,-Infinity,-Infinity,-Infinity,-Infinity,-Infinity,-Infinity,-Infinity,-Infinity,-Infinity,-Infinity,-Infinity,-Infinity,-Infinity,-Infinity,-Infinity,-Infinity,-Infinity,-Infinity,-Infinity,-Infinity,-Infinity,-Infinity,-Infinity,-Infinity,-Infinity,-Infinity,-Infinity,-Infinity,-Infinity,-Infinity,-Infinity,-Infinity,-Infinity,-Infinity,-Infinity,-Infinity,-Infinity,-Infinity,-Infinity,-Infinity,-Infinity,-Infinity,-Infinity,-Infinity,-Infinity,-Infinity,-Infinity,-Infinity,-Infinity,-Infinity,-Infinity,-Infinity,-Infinity,-Infinity,-Infinity,-Infinity,-Infinity,-Infinity,-Infinity,-Infinity,-Infinity,-Infinity,-Infinity,-Infinity,-Infinity,-Infinity,-Infinity,-Infinity,-Infinity,-Infinity,-Infinity,-Infinity,-Infinity,-Infinity,-Infinity,-Infinity,-Infinity,-Infinity,-Infinity,-Infinity,-Infinity,-Infinity,-Infinity
"S36",-Infinity,-Infinity,-Infinity,-Infinity,-Infinity,-Infinity,-Infinity,-Infinity,-Infinity,-Infinity,-Infinity,-Infinity,-Infinity,-Infinity,-Infinity,-Infinity,-Infinity,-Infinity,-Infinity,-Infinity,-Infinity,-Infinity,-Infinity,-Infinity,-Infinity,-Infinity,-Infinity,-Infinity,-Infinity,-Infinity,-Infinity,-Infinity,-Infinity,-Infinity,-Infinity,-Infinity,-Infinity,-Infinity,-Infinity,-Infinity,-Infinity,-Infinity,-Infinity,-Infinity,-Infinity,-Infinity,-Infinity,-Infinity,-Infinity,-Infinity,-Infinity,-Infinity,-Infinity,-Infinity,-Infinity,-Infinity,-Infinity,-Infinity,-Infinity,-Infinity,-Infinity,-Infinity,-Infinity,-Infinity,-Infinity,-Infinity,-Infinity,-Infinity,-Infinity,-Infinity,-Infinity,-Infinity,-Infinity,-Infinity,-Infinity,-Infinity,-Infinity,-Infinity,-Infinity,-Infinity,-Infinity,-Infinity,-Infinity,-Infinity,-Infinity,-Infinity,-Infinity,-Infinity,-Infinity,-Infinity,-Infinity,-Infinity,-Infinity,-Infinity,-Infinity,-Infinity,-Infinity,-Infinity,-Infinity,-Infinity,-Infinity,-Infinity,-Infinity,-Infinity,-Infinity,-Infinity,-Infinity,-Infinity,-Infinity,-Infinity,-Infinity,-Infinity,-Infinity,-Infinity,-Infinity,-Infinity,-Infinity,-Infinity,-Infinity,-Infinity,-Infinity,-Infinity,-Infinity,-Infinity,-Infinity,-Infinity,-Infinity,-Infinity,-Infinity,-Infinity,-Infinity,-Infinity,-Infinity,-Infinity,-Infinity,-Infinity,-Infinity,-Infinity,-Infinity,-Infinity,-Infinity
"S37",-Infinity,-Infinity,-Infinity,-Infinity,-Infinity,-Infinity,-Infinity,-Infinity,-Infinity,-Infinity,-Infinity,-Infinity,-Infinity,-Infinity,-Infinity,-Infinity,-Infinity,-Infinity,-Infinity,-Infinity,-Infinity,-Infinity,-Infinity,-Infinity,-Infinity,-Infinity,-Infinity,-Infinity,-Infinity,-Infinity,-Infinity,-Infinity,-Infinity,-Infinity,-Infinity,-Infinity,-Infinity,-Infinity,-Infinity,-Infinity,-Infinity,-Infinity,-Infinity,-Infinity,-Infinity,-Infinity,-Infinity,-Infinity,-Infinity,-Infinity,-Infinity,-Infinity,-Infinity,-Infinity,-Infinity,-Infinity,-Infinity,-Infinity,-Infinity,-Infinity,-Infinity,-Infinity,-Infinity,-Infinity,-Infinity,-Infinity,-Infinity,-Infinity,-Infinity,-Infinity,-Infinity,-Infinity,-Infinity,-Infinity,-Infinity,-Infinity,-Infinity,-Infinity,-Infinity,-Infinity,-Infinity,-Infinity,-Infinity,-Infinity,-Infinity,-Infinity,-Infinity,-Infinity,-Infinity,-Infinity,-Infinity,-Infinity,-Infinity,-Infinity,-Infinity,-Infinity,-Infinity,-Infinity,-Infinity,-Infinity,-Infinity,-Infinity,-Infinity,-Infinity,-Infinity,-Infinity,-Infinity,-Infinity,-Infinity,-Infinity,-Infinity,-Infinity,-Infinity,-Infinity,-Infinity,-Infinity,-Infinity,-Infinity,-Infinity,-Infinity,-Infinity,-Infinity,-Infinity,-Infinity,-Infinity,-Infinity,-Infinity,-Infinity,-Infinity,-Infinity,-Infinity,-Infinity,-Infinity,-Infinity,-Infinity,-Infinity,-Infinity,-Infinity,-Infinity,-Infinity,-Infinity
"S38",-Infinity,-Infinity,-Infinity,-Infinity,-Infinity,-Infinity,-Infinity,-Infinity,-Infinity,-Infinity,-Infinity,-Infinity,-Infinity,-Infinity,-Infinity,-Infinity,-Infinity,-Infinity,-Infinity,-Infinity,-Infinity,-Infinity,-Infinity,-Infinity,-Infinity,-Infinity,-Infinity,-Infinity,-Infinity,-Infinity,-Infinity,-Infinity,-Infinity,-Infinity,-Infinity,-Infinity,-Infinity,-Infinity,-Infinity,-Infinity,-Infinity,-Infinity,-Infinity,-Infinity,-Infinity,-Infinity,-Infinity,-Infinity,-Infinity,-Infinity,-Infinity,-Infinity,-Infinity,-Infinity,-Infinity,-Infinity,-Infinity,-Infinity,-Infinity,-Infinity,-Infinity,-Infinity,-Infinity,-Infinity,-Infinity,-Infinity,-Infinity,-Infinity,-Infinity,-Infinity,-Infinity,-Infinity,-Infinity,-Infinity,-Infinity,-Infinity,-Infinity,-Infinity,-Infinity,-Infinity,-Infinity,-Infinity,-Infinity,-Infinity,-Infinity,-Infinity,-Infinity,-Infinity,-Infinity,-Infinity,-Infinity,-Infinity,-Infinity,-Infinity,-Infinity,-Infinity,-Infinity,-Infinity,-Infinity,-Infinity,-Infinity,-Infinity,-Infinity,-Infinity,-Infinity,-Infinity,-Infinity,-Infinity,-Infinity,-Infinity,-Infinity,-Infinity,-Infinity,-Infinity,-Infinity,-Infinity,-Infinity,-Infinity,-Infinity,-Infinity,-Infinity,-Infinity,-Infinity,-Infinity,-Infinity,-Infinity,-Infinity,-Infinity,-Infinity,-Infinity,-Infinity,-Infinity,-Infinity,-Infinity,-Infinity,-Infinity,-Infinity,-Infinity,-Infinity,-Infinity,-Infinity
"S39",-Infinity,-Infinity,-Infinity,-Infinity,-Infinity,-Infinity,-Infinity,-Infinity,-Infinity,-Infinity,-Infinity,-Infinity,-Infinity,-Infinity,-Infinity,-Infinity,-Infinity,-Infinity,-Infinity,-Infinity,-Infinity,-Infinity,-Infinity,-Infinity,-Infinity,-Infinity,-Infinity,-Infinity,-Infinity,-Infinity,-Infinity,-Infinity,-Infinity,-Infinity,-Infinity,-Infinity,-Infinity,-Infinity,-Infinity,-Infinity,-Infinity,-Infinity,-Infinity,-Infinity,-Infinity,-Infinity,-Infinity,-Infinity,-Infinity,-Infinity,-Infinity,-Infinity,-Infinity,-Infinity,-Infinity,-Infinity,-Infinity,-Infinity,-Infinity,-Infinity,-Infinity,-Infinity,-Infinity,-Infinity,-Infinity,-Infinity,-Infinity,-Infinity,-Infinity,-Infinity,-Infinity,-Infinity,-Infinity,-Infinity,-Infinity,-Infinity,-Infinity,-Infinity,-Infinity,-Infinity,-Infinity,-Infinity,-Infinity,-Infinity,-Infinity,-Infinity,-Infinity,-Infinity,-Infinity,-Infinity,-Infinity,-Infinity,-Infinity,-Infinity,-Infinity,-Infinity,-Infinity,-Infinity,-Infinity,-Infinity,-Infinity,-Infinity,-Infinity,-Infinity,-Infinity,-Infinity,-Infinity,-Infinity,-Infinity,-Infinity,-Infinity,-Infinity,-Infinity,-Infinity,-Infinity,-Infinity,-Infinity,-Infinity,-Infinity,-Infinity,-Infinity,-Infinity,-Infinity,-Infinity,-Infinity,-Infinity,-Infinity,-Infinity,-Infinity,-Infinity,-Infinity,-Infinity,-Infinity,-Infinity,-Infinity,-Infinity,-Infinity,-Infinity,-Infinity,-Infinity,-Infinity
"S40",-Infinity,-Infinity,-Infinity,-Infinity,-Infinity,-Infinity,-Infinity,-Infinity,-Infinity,-Infinity,-Infinity,-Infinity,-Infinity,-Infinity,-Infinity,-Infinity,-Infinity,-Infinity,-Infinity,-Infinity,-Infinity,-Infinity,-Infinity,-Infinity,-Infinity,-Infinity,-Infinity,-Infinity,-Infinity,-Infinity,-Infinity,-Infinity,-Infinity,-Infinity,-Infinity,-Infinity,-Infinity,-Infinity,-Infinity,-Infinity,-Infinity,-Infinity,-Infinity,-Infinity,-Infinity,-Infinity,-Infinity,-Infinity,-Infinity,-Infinity,-Infinity,-Infinity,-Infinity,-Infinity,-Infinity,-Infinity,-Infinity,-Infinity,-Infinity,-Infinity,-Infinity,-Infinity,-Infinity,-Infinity,-Infinity,-Infinity,-Infinity,-Infinity,-Infinity,-Infinity,-Infinity,-Infinity,-Infinity,-Infinity,-Infinity,-Infinity,-Infinity,-Infinity,-Infinity,-Infinity,-Infinity,-Infinity,-Infinity,-Infinity,-Infinity,-Infinity,-Infinity,-Infinity,-Infinity,-Infinity,-Infinity,-Infinity,-Infinity,-Infinity,-Infinity,-Infinity,-Infinity,-Infinity,-Infinity,-Infinity,-Infinity,-Infinity,-Infinity,-Infinity,-Infinity,-Infinity,-Infinity,-Infinity,-Infinity,-Infinity,-Infinity,-Infinity,-Infinity,-Infinity,-Infinity,-Infinity,-Infinity,-Infinity,-Infinity,-Infinity,-Infinity,-Infinity,-Infinity,-Infinity,-Infinity,-Infinity,-Infinity,-Infinity,-Infinity,-Infinity,-Infinity,-Infinity,-Infinity,-Infinity,-Infinity,-Infinity,-Infinity,-Infinity,-Infinity,-Infinity,-Infinity
"S41",-Infinity,-Infinity,-Infinity,-Infinity,-Infinity,-Infinity,-Infinity,-Infinity,-Infinity,-Infinity,-Infinity,-Infinity,-Infinity,-Infinity,-Infinity,-Infinity,-Infinity,-Infinity,-Infinity,-Infinity,-Infinity,-Infinity,-Infinity,-Infinity,-Infinity,-Infinity,-Infinity,-Infinity,-Infinity,-Infinity,-Infinity,-Infinity,-Infinity,-Infinity,-Infinity,-Infinity,-Infinity,-Infinity,-Infinity,-Infinity,-Infinity,-Infinity,-Infinity,-Infinity,-Infinity,-Infinity,-Infinity,-Infinity,-Infinity,-Infinity,-Infinity,-Infinity,-Infinity,-Infinity,-Infinity,-Infinity,-Infinity,-Infinity,-Infinity,-Infinity,-Infinity,-Infinity,-Infinity,-Infinity,-Infinity,-Infinity,-Infinity,-Infinity,-Infinity,-Infinity,-Infinity,-Infinity,-Infinity,-Infinity,-Infinity,-Infinity,-Infinity,-Infinity,-Infinity,-Infinity,-Infinity,-Infinity,-Infinity,-Infinity,-Infinity,-Infinity,-Infinity,-Infinity,-Infinity,-Infinity,-Infinity,-Infinity,-Infinity,-Infinity,-Infinity,-Infinity,-Infinity,-Infinity,-Infinity,-Infinity,-Infinity,-Infinity,-Infinity,-Infinity,-Infinity,-Infinity,-Infinity,-Infinity,-Infinity,-Infinity,-Infinity,-Infinity,-Infinity,-Infinity,-Infinity,-Infinity,-Infinity,-Infinity,-Infinity,-Infinity,-Infinity,-Infinity,-Infinity,-Infinity,-Infinity,-Infinity,-Infinity,-Infinity,-Infinity,-Infinity,-Infinity,-Infinity,-Infinity,-Infinity,-Infinity,-Infinity,-Infinity,-Infinity,-Infinity,-Infinity,-Infinity
"S42",-Infinity,-Infinity,-Infinity,-Infinity,-Infinity,-Infinity,-Infinity,-Infinity,-Infinity,-Infinity,-Infinity,-Infinity,-Infinity,-Infinity,-Infinity,-Infinity,-Infinity,-Infinity,-Infinity,-Infinity,-Infinity,-Infinity,-Infinity,-Infinity,-Infinity,-Infinity,-Infinity,-Infinity,-Infinity,-Infinity,-Infinity,-Infinity,-Infinity,-Infinity,-Infinity,-Infinity,-Infinity,-Infinity,-Infinity,-Infinity,-Infinity,-Infinity,-Infinity,-Infinity,-Infinity,-Infinity,-Infinity,-Infinity,-Infinity,-Infinity,-Infinity,-Infinity,-Infinity,-Infinity,-Infinity,-Infinity,-Infinity,-Infinity,-Infinity,-Infinity,-Infinity,-Infinity,-Infinity,-Infinity,-Infinity,-Infinity,-Infinity,-Infinity,-Infinity,-Infinity,-Infinity,-Infinity,-Infinity,-Infinity,-Infinity,-Infinity,-Infinity,-Infinity,-Infinity,-Infinity,-Infinity,-Infinity,-Infinity,-Infinity,-Infinity,-Infinity,-Infinity,-Infinity,-Infinity,-Infinity,-Infinity,-Infinity,-Infinity,-Infinity,-Infinity,-Infinity,-Infinity,-Infinity,-Infinity,-Infinity,-Infinity,-Infinity,-Infinity,-Infinity,-Infinity,-Infinity,-Infinity,-Infinity,-Infinity,-Infinity,-Infinity,-Infinity,-Infinity,-Infinity,-Infinity,-Infinity,-Infinity,-Infinity,-Infinity,-Infinity,-Infinity,-Infinity,-Infinity,-Infinity,-Infinity,-Infinity,-Infinity,-Infinity,-Infinity,-Infinity,-Infinity,-Infinity,-Infinity,-Infinity,-Infinity,-Infinity,-Infinity,-Infinity,-Infinity,-Infinity,-Infinity
"S43",-Infinity,-Infinity,-Infinity,-Infinity,-Infinity,-Infinity,-Infinity,-Infinity,-Infinity,-Infinity,-Infinity,-Infinity,-Infinity,-Infinity,-Infinity,-Infinity,-Infinity,-Infinity,-Infinity,-Infinity,-Infinity,-Infinity,-Infinity,-Infinity,-Infinity,-Infinity,-Infinity,-Infinity,-Infinity,-Infinity,-Infinity,-Infinity,-Infinity,-Infinity,-Infinity,-Infinity,-Infinity,-Infinity,-Infinity,-Infinity,-Infinity,-Infinity,-Infinity,-Infinity,-Infinity,-Infinity,-Infinity,-Infinity,-Infinity,-Infinity,-Infinity,-Infinity,-Infinity,-Infinity,-Infinity,-Infinity,-Infinity,-Infinity,-Infinity,-Infinity,-Infinity,-Infinity,-Infinity,-Infinity,-Infinity,-Infinity,-Infinity,-Infinity,-Infinity,-Infinity,-Infinity,-Infinity,-Infinity,-Infinity,-Infinity,-Infinity,-Infinity,-Infinity,-Infinity,-Infinity,-Infinity,-Infinity,-Infinity,-Infinity,-Infinity,-Infinity,-Infinity,-Infinity,-Infinity,-Infinity,-Infinity,-Infinity,-Infinity,-Infinity,-Infinity,-Infinity,-Infinity,-Infinity,-Infinity,-Infinity,-Infinity,-Infinity,-Infinity,-Infinity,-Infinity,-Infinity,-Infinity,-Infinity,-Infinity,-Infinity,-Infinity,-Infinity,-Infinity,-Infinity,-Infinity,-Infinity,-Infinity,-Infinity,-Infinity,-Infinity,-Infinity,-Infinity,-Infinity,-Infinity,-Infinity,-Infinity,-Infinity,-Infinity,-Infinity,-Infinity,-Infinity,-Infinity,-Infinity,-Infinity,-Infinity,-Infinity,-Infinity,-Infinity,-Infinity,-Infinity,-Infinity
"S44",-Infinity,-Infinity,-Infinity,-Infinity,-Infinity,-Infinity,-Infinity,-Infinity,-Infinity,-Infinity,-Infinity,-Infinity,-Infinity,-Infinity,-Infinity,-Infinity,-Infinity,-Infinity,-Infinity,-Infinity,-Infinity,-Infinity,-Infinity,-Infinity,-Infinity,-Infinity,-Infinity,-Infinity,-Infinity,-Infinity,-Infinity,-Infinity,-Infinity,-Infinity,-Infinity,-Infinity,-Infinity,-Infinity,-Infinity,-Infinity,-Infinity,-Infinity,-Infinity,-Infinity,-Infinity,-Infinity,-Infinity,-Infinity,-Infinity,-Infinity,-Infinity,-Infinity,-Infinity,-Infinity,-Infinity,-Infinity,-Infinity,-Infinity,-Infinity,-Infinity,-Infinity,-Infinity,-Infinity,-Infinity,-Infinity,-Infinity,-Infinity,-Infinity,-Infinity,-Infinity,-Infinity,-Infinity,-Infinity,-Infinity,-Infinity,-Infinity,-Infinity,-Infinity,-Infinity,-Infinity,-Infinity,-Infinity,-Infinity,-Infinity,-Infinity,-Infinity,-Infinity,-Infinity,-Infinity,-Infinity,-Infinity,-Infinity,-Infinity,-Infinity,-Infinity,-Infinity,-Infinity,-Infinity,-Infinity,-Infinity,-Infinity,-Infinity,-Infinity,-Infinity,-Infinity,-Infinity,-Infinity,-Infinity,-Infinity,-Infinity,-Infinity,-Infinity,-Infinity,-Infinity,-Infinity,-Infinity,-Infinity,-Infinity,-Infinity,-Infinity,-Infinity,-Infinity,-Infinity,-Infinity,-Infinity,-Infinity,-Infinity,-Infinity,-Infinity,-Infinity,-Infinity,-Infinity,-Infinity,-Infinity,-Infinity,-Infinity,-Infinity,-Infinity,-Infinity,-Infinity,-Infinity
"S45",-Infinity,-Infinity,-Infinity,-Infinity,-Infinity,-Infinity,-Infinity,-Infinity,-Infinity,-Infinity,-Infinity,-Infinity,-Infinity,-Infinity,-Infinity,-Infinity,-Infinity,-Infinity,-Infinity,-Infinity,-Infinity,-Infinity,-Infinity,-Infinity,-Infinity,-Infinity,-Infinity,-Infinity,-Infinity,-Infinity,-Infinity,-Infinity,-Infinity,-Infinity,-Infinity,-Infinity,-Infinity,-Infinity,-Infinity,-Infinity,-Infinity,-Infinity,-Infinity,-Infinity,-Infinity,-Infinity,-Infinity,-Infinity,-Infinity,-Infinity,-Infinity,-Infinity,-Infinity,-Infinity,-Infinity,-Infinity,-Infinity,-Infinity,-Infinity,-Infinity,-Infinity,-Infinity,-Infinity,-Infinity,-Infinity,-Infinity,-Infinity,-Infinity,-Infinity,-Infinity,-Infinity,-Infinity,-Infinity,-Infinity,-Infinity,-Infinity,-Infinity,-Infinity,-Infinity,-Infinity,-Infinity,-Infinity,-Infinity,-Infinity,-Infinity,-Infinity,-Infinity,-Infinity,-Infinity,-Infinity,-Infinity,-Infinity,-Infinity,-Infinity,-Infinity,-Infinity,-Infinity,-Infinity,-Infinity,-Infinity,-Infinity,-Infinity,-Infinity,-Infinity,-Infinity,-Infinity,-Infinity,-Infinity,-Infinity,-Infinity,-Infinity,-Infinity,-Infinity,-Infinity,-Infinity,-Infinity,-Infinity,-Infinity,-Infinity,-Infinity,-Infinity,-Infinity,-Infinity,-Infinity,-Infinity,-Infinity,-Infinity,-Infinity,-Infinity,-Infinity,-Infinity,-Infinity,-Infinity,-Infinity,-Infinity,-Infinity,-Infinity,-Infinity,-Infinity,-Infinity,-Infinity
"S46",-Infinity,-Infinity,-Infinity,-Infinity,-Infinity,-Infinity,-Infinity,-Infinity,-Infinity,-Infinity,-Infinity,-Infinity,-Infinity,-Infinity,-Infinity,-Infinity,-Infinity,-Infinity,-Infinity,-Infinity,-Infinity,-Infinity,-Infinity,-Infinity,-Infinity,-Infinity,-Infinity,-Infinity,-Infinity,-Infinity,-Infinity,-Infinity,-Infinity,-Infinity,-Infinity,-Infinity,-Infinity,-Infinity,-Infinity,-Infinity,-Infinity,-Infinity,-Infinity,-Infinity,-Infinity,-Infinity,-Infinity,-Infinity,-Infinity,-Infinity,-Infinity,-Infinity,-Infinity,-Infinity,-Infinity,-Infinity,-Infinity,-Infinity,-Infinity,-Infinity,-Infinity,-Infinity,-Infinity,-Infinity,-Infinity,-Infinity,-Infinity,-Infinity,-Infinity,-Infinity,-Infinity,-Infinity,-Infinity,-Infinity,-Infinity,-Infinity,-Infinity,-Infinity,-Infinity,-Infinity,-Infinity,-Infinity,-Infinity,-Infinity,-Infinity,-Infinity,-Infinity,-Infinity,-Infinity,-Infinity,-Infinity,-Infinity,-Infinity,-Infinity,-Infinity,-Infinity,-Infinity,-Infinity,-Infinity,-Infinity,-Infinity,-Infinity,-Infinity,-Infinity,-Infinity,-Infinity,-Infinity,-Infinity,-Infinity,-Infinity,-Infinity,-Infinity,-Infinity,-Infinity,-Infinity,-Infinity,-Infinity,-Infinity,-Infinity,-Infinity,-Infinity,-Infinity,-Infinity,-Infinity,-Infinity,-Infinity,-Infinity,-Infinity,-Infinity,-Infinity,-Infinity,-Infinity,-Infinity,-Infinity,-Infinity,-Infinity,-Infinity,-Infinity,-Infinity,-Infinity,-Infinity
"S47",-Infinity,-Infinity,-Infinity,-Infinity,-Infinity,-Infinity,-Infinity,-Infinity,-Infinity,-Infinity,-Infinity,-Infinity,-Infinity,-Infinity,-Infinity,-Infinity,-Infinity,-Infinity,-Infinity,-Infinity,-Infinity,-Infinity,-Infinity,-Infinity,-Infinity,-Infinity,-Infinity,-Infinity,-Infinity,-Infinity,-Infinity,-Infinity,-Infinity,-Infinity,-Infinity,-Infinity,-Infinity,-Infinity,-Infinity,-Infinity,-Infinity,-Infinity,-Infinity,-Infinity,-Infinity,-Infinity,-Infinity,-Infinity,-Infinity,-Infinity,-Infinity,-Infinity,-Infinity,-Infinity,-Infinity,-Infinity,-Infinity,-Infinity,-Infinity,-Infinity,-Infinity,-Infinity,-Infinity,-Infinity,-Infinity,-Infinity,-Infinity,-Infinity,-Infinity,-Infinity,-Infinity,-Infinity,-Infinity,-Infinity,-Infinity,-Infinity,-Infinity,-Infinity,-Infinity,-Infinity,-Infinity,-Infinity,-Infinity,-Infinity,-Infinity,-Infinity,-Infinity,-Infinity,-Infinity,-Infinity,-Infinity,-Infinity,-Infinity,-Infinity,-Infinity,-Infinity,-Infinity,-Infinity,-Infinity,-Infinity,-Infinity,-Infinity,-Infinity,-Infinity,-Infinity,-Infinity,-Infinity,-Infinity,-Infinity,-Infinity,-Infinity,-Infinity,-Infinity,-Infinity,-Infinity,-Infinity,-Infinity,-Infinity,-Infinity,-Infinity,-Infinity,-Infinity,-Infinity,-Infinity,-Infinity,-Infinity,-Infinity,-Infinity,-Infinity,-Infinity,-Infinity,-Infinity,-Infinity,-Infinity,-Infinity,-Infinity,-Infinity,-Infinity,-Infinity,-Infinity,-Infinity
"S48",-Infinity,-Infinity,-Infinity,-Infinity,-Infinity,-Infinity,-Infinity,-Infinity,-Infinity,-Infinity,-Infinity,-Infinity,-Infinity,-Infinity,-Infinity,-Infinity,-Infinity,-Infinity,-Infinity,-Infinity,-Infinity,-Infinity,-Infinity,-Infinity,-Infinity,-Infinity,-Infinity,-Infinity,-Infinity,-Infinity,-Infinity,-Infinity,-Infinity,-Infinity,-Infinity,-Infinity,-Infinity,-Infinity,-Infinity,-Infinity,-Infinity,-Infinity,-Infinity,-Infinity,-Infinity,-Infinity,-Infinity,-Infinity,-Infinity,-Infinity,-Infinity,-Infinity,-Infinity,-Infinity,-Infinity,-Infinity,-Infinity,-Infinity,-Infinity,-Infinity,-Infinity,-Infinity,-Infinity,-Infinity,-Infinity,-Infinity,-Infinity,-Infinity,-Infinity,-Infinity,-Infinity,-Infinity,-Infinity,-Infinity,-Infinity,-Infinity,-Infinity,-Infinity,-Infinity,-Infinity,-Infinity,-Infinity,-Infinity,-Infinity,-Infinity,-Infinity,-Infinity,-Infinity,-Infinity,-Infinity,-Infinity,-Infinity,-Infinity,-Infinity,-Infinity,-Infinity,-Infinity,-Infinity,-Infinity,-Infinity,-Infinity,-Infinity,-Infinity,-Infinity,-Infinity,-Infinity,-Infinity,-Infinity,-Infinity,-Infinity,-Infinity,-Infinity,-Infinity,-Infinity,-Infinity,-Infinity,-Infinity,-Infinity,-Infinity,-Infinity,-Infinity,-Infinity,-Infinity,-Infinity,-Infinity,-Infinity,-Infinity,-Infinity,-Infinity,-Infinity,-Infinity,-Infinity,-Infinity,-Infinity,-Infinity,-Infinity,-Infinity,-Infinity,-Infinity,-Infinity,-Infinity
"S49",-Infinity,-Infinity,-Infinity,-Infinity,-Infinity,-Infinity,-Infinity,-Infinity,-Infinity,-Infinity,-Infinity,-Infinity,-Infinity,-Infinity,-Infinity,-Infinity,-Infinity,-Infinity,-Infinity,-Infinity,-Infinity,-Infinity,-Infinity,-Infinity,-Infinity,-Infinity,-Infinity,-Infinity,-Infinity,-Infinity,-Infinity,-Infinity,-Infinity,-Infinity,-Infinity,-Infinity,-Infinity,-Infinity,-Infinity,-Infinity,-Infinity,-Infinity,-Infinity,-Infinity,-Infinity,-Infinity,-Infinity,-Infinity,-Infinity,-Infinity,-Infinity,-Infinity,-Infinity,-Infinity,-Infinity,-Infinity,-Infinity,-Infinity,-Infinity,-Infinity,-Infinity,-Infinity,-Infinity,-Infinity,-Infinity,-Infinity,-Infinity,-Infinity,-Infinity,-Infinity,-Infinity,-Infinity,-Infinity,-Infinity,-Infinity,-Infinity,-Infinity,-Infinity,-Infinity,-Infinity,-Infinity,-Infinity,-Infinity,-Infinity,-Infinity,-Infinity,-Infinity,-Infinity,-Infinity,-Infinity,-Infinity,-Infinity,-Infinity,-Infinity,-Infinity,-Infinity,-Infinity,-Infinity,-Infinity,-Infinity,-Infinity,-Infinity,-Infinity,-Infinity,-Infinity,-Infinity,-Infinity,-Infinity,-Infinity,-Infinity,-Infinity,-Infinity,-Infinity,-Infinity,-Infinity,-Infinity,-Infinity,-Infinity,-Infinity,-Infinity,-Infinity,-Infinity,-Infinity,-Infinity,-Infinity,-Infinity,-Infinity,-Infinity,-Infinity,-Infinity,-Infinity,-Infinity,-Infinity,-Infinity,-Infinity,-Infinity,-Infinity,-Infinity,-Infinity,-Infinity,-Infinity
"S50",-Infinity,-Infinity,-Infinity,-Infinity,-Infinity,-Infinity,-Infinity,-Infinity,-Infinity,-Infinity,-Infinity,-Infinity,-Infinity,-Infinity,-Infinity,-Infinity,-Infinity,-Infinity,-Infinity,-Infinity,-Infinity,-Infinity,-Infinity,-Infinity,-Infinity,-Infinity,-Infinity,-Infinity,-Infinity,-Infinity,-Infinity,-Infinity,-Infinity,-Infinity,-Infinity,-Infinity,-Infinity,-Infinity,-Infinity,-Infinity,-Infinity,-Infinity,-Infinity,-Infinity,-Infinity,-Infinity,-Infinity,-Infinity,-Infinity,-Infinity,-Infinity,-Infinity,-Infinity,-Infinity,-Infinity,-Infinity,-Infinity,-Infinity,-Infinity,-Infinity,-Infinity,-Infinity,-Infinity,-Infinity,-Infinity,-Infinity,-Infinity,-Infinity,-Infinity,-Infinity,-Infinity,-Infinity,-Infinity,-Infinity,-Infinity,-Infinity,-Infinity,-Infinity,-Infinity,-Infinity,-Infinity,-Infinity,-Infinity,-Infinity,-Infinity,-Infinity,-Infinity,-Infinity,-Infinity,-Infinity,-Infinity,-Infinity,-Infinity,-Infinity,-Infinity,-Infinity,-Infinity,-Infinity,-Infinity,-Infinity,-Infinity,-Infinity,-Infinity,-Infinity,-Infinity,-Infinity,-Infinity,-Infinity,-Infinity,-Infinity,-Infinity,-Infinity,-Infinity,-Infinity,-Infinity,-Infinity,-Infinity,-Infinity,-Infinity,-Infinity,-Infinity,-Infinity,-Infinity,-Infinity,-Infinity,-Infinity,-Infinity,-Infinity,-Infinity,-Infinity,-Infinity,-Infinity,-Infinity,-Infinity,-Infinity,-Infinity,-Infinity,-Infinity,-Infinity,-Infinity,-Infinity
"S51",-Infinity,-Infinity,-Infinity,-Infinity,-Infinity,-Infinity,-Infinity,-Infinity,-Infinity,-Infinity,-Infinity,-Infinity,-Infinity,-Infinity,-Infinity,-Infinity,-Infinity,-Infinity,-Infinity,-Infinity,-Infinity,-Infinity,-Infinity,-Infinity,-Infinity,-Infinity,-Infinity,-Infinity,-Infinity,-Infinity,-Infinity,-Infinity,-Infinity,-Infinity,-Infinity,-Infinity,-Infinity,-Infinity,-Infinity,-Infinity,-Infinity,-Infinity,-Infinity,-Infinity,-Infinity,-Infinity,-Infinity,-Infinity,-Infinity,-Infinity,-Infinity,-Infinity,-Infinity,-Infinity,-Infinity,-Infinity,-Infinity,-Infinity,-Infinity,-Infinity,-Infinity,-Infinity,-Infinity,-Infinity,-Infinity,-Infinity,-Infinity,-Infinity,-Infinity,-Infinity,-Infinity,-Infinity,-Infinity,-Infinity,-Infinity,-Infinity,-Infinity,-Infinity,-Infinity,-Infinity,-Infinity,-Infinity,-Infinity,-Infinity,-Infinity,-Infinity,-Infinity,-Infinity,-Infinity,-Infinity,-Infinity,-Infinity,-Infinity,-Infinity,-Infinity,-Infinity,-Infinity,-Infinity,-Infinity,-Infinity,-Infinity,-Infinity,-Infinity,-Infinity,-Infinity,-Infinity,-Infinity,-Infinity,-Infinity,-Infinity,-Infinity,-Infinity,-Infinity,-Infinity,-Infinity,-Infinity,-Infinity,-Infinity,-Infinity,-Infinity,-Infinity,-Infinity,-Infinity,-Infinity,-Infinity,-Infinity,-Infinity,-Infinity,-Infinity,-Infinity,-Infinity,-Infinity,-Infinity,-Infinity,-Infinity,-Infinity,-Infinity,-Infinity,-Infinity,-Infinity,-Infinity
"S52",-Infinity,-Infinity,-Infinity,-Infinity,-Infinity,-Infinity,-Infinity,-Infinity,-Infinity,-Infinity,-Infinity,-Infinity,-Infinity,-Infinity,-Infinity,-Infinity,-Infinity,-Infinity,-Infinity,-Infinity,-Infinity,-Infinity,-Infinity,-Infinity,-Infinity,-Infinity,-Infinity,-Infinity,-Infinity,-Infinity,-Infinity,-Infinity,-Infinity,-Infinity,-Infinity,-Infinity,-Infinity,-Infinity,-Infinity,-Infinity,-Infinity,-Infinity,-Infinity,-Infinity,-Infinity,-Infinity,-Infinity,-Infinity,-Infinity,-Infinity,-Infinity,-Infinity,-Infinity,-Infinity,-Infinity,-Infinity,-Infinity,-Infinity,-Infinity,-Infinity,-Infinity,-Infinity,-Infinity,-Infinity,-Infinity,-Infinity,-Infinity,-Infinity,-Infinity,-Infinity,-Infinity,-Infinity,-Infinity,-Infinity,-Infinity,-Infinity,-Infinity,-Infinity,-Infinity,-Infinity,-Infinity,-Infinity,-Infinity,-Infinity,-Infinity,-Infinity,-Infinity,-Infinity,-Infinity,-Infinity,-Infinity,-Infinity,-Infinity,-Infinity,-Infinity,-Infinity,-Infinity,-Infinity,-Infinity,-Infinity,-Infinity,-Infinity,-Infinity,-Infinity,-Infinity,-Infinity,-Infinity,-Infinity,-Infinity,-Infinity,-Infinity,-Infinity,-Infinity,-Infinity,-Infinity,-Infinity,-Infinity,-Infinity,-Infinity,-Infinity,-Infinity,-Infinity,-Infinity,-Infinity,-Infinity,-Infinity,-Infinity,-Infinity,-Infinity,-Infinity,-Infinity,-Infinity,-Infinity,-Infinity,-Infinity,-Infinity,-Infinity,-Infinity,-Infinity,-Infinity,-Infinity
"S53",-Infinity,-Infinity,-Infinity,-Infinity,-Infinity,-Infinity,-Infinity,-Infinity,-Infinity,-Infinity,-Infinity,-Infinity,-Infinity,-Infinity,-Infinity,-Infinity,-Infinity,-Infinity,-Infinity,-Infinity,-Infinity,-Infinity,-Infinity,-Infinity,-Infinity,-Infinity,-Infinity,-Infinity,-Infinity,-Infinity,-Infinity,-Infinity,-Infinity,-Infinity,-Infinity,-Infinity,-Infinity,-Infinity,-Infinity,-Infinity,-Infinity,-Infinity,-Infinity,-Infinity,-Infinity,-Infinity,-Infinity,-Infinity,-Infinity,-Infinity,-Infinity,-Infinity,-Infinity,-Infinity,-Infinity,-Infinity,-Infinity,-Infinity,-Infinity,-Infinity,-Infinity,-Infinity,-Infinity,-Infinity,-Infinity,-Infinity,-Infinity,-Infinity,-Infinity,-Infinity,-Infinity,-Infinity,-Infinity,-Infinity,-Infinity,-Infinity,-Infinity,-Infinity,-Infinity,-Infinity,-Infinity,-Infinity,-Infinity,-Infinity,-Infinity,-Infinity,-Infinity,-Infinity,-Infinity,-Infinity,-Infinity,-Infinity,-Infinity,-Infinity,-Infinity,-Infinity,-Infinity,-Infinity,-Infinity,-Infinity,-Infinity,-Infinity,-Infinity,-Infinity,-Infinity,-Infinity,-Infinity,-Infinity,-Infinity,-Infinity,-Infinity,-Infinity,-Infinity,-Infinity,-Infinity,-Infinity,-Infinity,-Infinity,-Infinity,-Infinity,-Infinity,-Infinity,-Infinity,-Infinity,-Infinity,-Infinity,-Infinity,-Infinity,-Infinity,-Infinity,-Infinity,-Infinity,-Infinity,-Infinity,-Infinity,-Infinity,-Infinity,-Infinity,-Infinity,-Infinity,-Infinity
"S54",-Infinity,-Infinity,-Infinity,-Infinity,-Infinity,-Infinity,-Infinity,-Infinity,-Infinity,-Infinity,-Infinity,-Infinity,-Infinity,-Infinity,-Infinity,-Infinity,-Infinity,-Infinity,-Infinity,-Infinity,-Infinity,-Infinity,-Infinity,-Infinity,-Infinity,-Infinity,-Infinity,-Infinity,-Infinity,-Infinity,-Infinity,-Infinity,-Infinity,-Infinity,-Infinity,-Infinity,-Infinity,-Infinity,-Infinity,-Infinity,-Infinity,-Infinity,-Infinity,-Infinity,-Infinity,-Infinity,-Infinity,-Infinity,-Infinity,-Infinity,-Infinity,-Infinity,-Infinity,-Infinity,-Infinity,-Infinity,-Infinity,-Infinity,-Infinity,-Infinity,-Infinity,-Infinity,-Infinity,-Infinity,-Infinity,-Infinity,-Infinity,-Infinity,-Infinity,-Infinity,-Infinity,-Infinity,-Infinity,-Infinity,-Infinity,-Infinity,-Infinity,-Infinity,-Infinity,-Infinity,-Infinity,-Infinity,-Infinity,-Infinity,-Infinity,-Infinity,-Infinity,-Infinity,-Infinity,-Infinity,-Infinity,-Infinity,-Infinity,-Infinity,-Infinity,-Infinity,-Infinity,-Infinity,-Infinity,-Infinity,-Infinity,-Infinity,-Infinity,-Infinity,-Infinity,-Infinity,-Infinity,-Infinity,-Infinity,-Infinity,-Infinity,-Infinity,-Infinity,-Infinity,-Infinity,-Infinity,-Infinity,-Infinity,-Infinity,-Infinity,-Infinity,-Infinity,-Infinity,-Infinity,-Infinity,-Infinity,-Infinity,-Infinity,-Infinity,-Infinity,-Infinity,-Infinity,-Infinity,-Infinity,-Infinity,-Infinity,-Infinity,-Infinity,-Infinity,-Infinity,-Infinity
"S55",-Infinity,-Infinity,-Infinity,-Infinity,-Infinity,-Infinity,-Infinity,-Infinity,-Infinity,-Infinity,-Infinity,-Infinity,-Infinity,-Infinity,-Infinity,-Infinity,-Infinity,-Infinity,-Infinity,-Infinity,-Infinity,-Infinity,-Infinity,-Infinity,-Infinity,-Infinity,-Infinity,-Infinity,-Infinity,-Infinity,-Infinity,-Infinity,-Infinity,-Infinity,-Infinity,-Infinity,-Infinity,-Infinity,-Infinity,-Infinity,-Infinity,-Infinity,-Infinity,-Infinity,-Infinity,-Infinity,-Infinity,-Infinity,-Infinity,-Infinity,-Infinity,-Infinity,-Infinity,-Infinity,-Infinity,-Infinity,-Infinity,-Infinity,-Infinity,-Infinity,-Infinity,-Infinity,-Infinity,-Infinity,-Infinity,-Infinity,-Infinity,-Infinity,-Infinity,-Infinity,-Infinity,-Infinity,-Infinity,-Infinity,-Infinity,-Infinity,-Infinity,-Infinity,-Infinity,-Infinity,-Infinity,-Infinity,-Infinity,-Infinity,-Infinity,-Infinity,-Infinity,-Infinity,-Infinity,-Infinity,-Infinity,-Infinity,-Infinity,-Infinity,-Infinity,-Infinity,-Infinity,-Infinity,-Infinity,-Infinity,-Infinity,-Infinity,-Infinity,-Infinity,-Infinity,-Infinity,-Infinity,-Infinity,-Infinity,-Infinity,-Infinity,-Infinity,-Infinity,-Infinity,-Infinity,-Infinity,-Infinity,-Infinity,-Infinity,-Infinity,-Infinity,-Infinity,-Infinity,-Infinity,-Infinity,-Infinity,-Infinity,-Infinity,-Infinity,-Infinity,-Infinity,-Infinity,-Infinity,-Infinity,-Infinity,-Infinity,-Infinity,-Infinity,-Infinity,-Infinity,-Infinity
"S56",-Infinity,-Infinity,-Infinity,-Infinity,-Infinity,-Infinity,-Infinity,-Infinity,-Infinity,-Infinity,-Infinity,-Infinity,-Infinity,-Infinity,-Infinity,-Infinity,-Infinity,-Infinity,-Infinity,-Infinity,-Infinity,-Infinity,-Infinity,-Infinity,-Infinity,-Infinity,-Infinity,-Infinity,-Infinity,-Infinity,-Infinity,-Infinity,-Infinity,-Infinity,-Infinity,-Infinity,-Infinity,-Infinity,-Infinity,-Infinity,-Infinity,-Infinity,-Infinity,-Infinity,-Infinity,-Infinity,-Infinity,-Infinity,-Infinity,-Infinity,-Infinity,-Infinity,-Infinity,-Infinity,-Infinity,-Infinity,-Infinity,-Infinity,-Infinity,-Infinity,-Infinity,-Infinity,-Infinity,-Infinity,-Infinity,-Infinity,-Infinity,-Infinity,-Infinity,-Infinity,-Infinity,-Infinity,-Infinity,-Infinity,-Infinity,-Infinity,-Infinity,-Infinity,-Infinity,-Infinity,-Infinity,-Infinity,-Infinity,-Infinity,-Infinity,-Infinity,-Infinity,-Infinity,-Infinity,-Infinity,-Infinity,-Infinity,-Infinity,-Infinity,-Infinity,-Infinity,-Infinity,-Infinity,-Infinity,-Infinity,-Infinity,-Infinity,-Infinity,-Infinity,-Infinity,-Infinity,-Infinity,-Infinity,-Infinity,-Infinity,-Infinity,-Infinity,-Infinity,-Infinity,-Infinity,-Infinity,-Infinity,-Infinity,-Infinity,-Infinity,-Infinity,-Infinity,-Infinity,-Infinity,-Infinity,-Infinity,-Infinity,-Infinity,-Infinity,-Infinity,-Infinity,-Infinity,-Infinity,-Infinity,-Infinity,-Infinity,-Infinity,-Infinity,-Infinity,-Infinity,-Infinity
"S57",-Infinity,-Infinity,-Infinity,-Infinity,-Infinity,-Infinity,-Infinity,-Infinity,-Infinity,-Infinity,-Infinity,-Infinity,-Infinity,-Infinity,-Infinity,-Infinity,-Infinity,-Infinity,-Infinity,-Infinity,-Infinity,-Infinity,-Infinity,-Infinity,-Infinity,-Infinity,-Infinity,-Infinity,-Infinity,-Infinity,-Infinity,-Infinity,-Infinity,-Infinity,-Infinity,-Infinity,-Infinity,-Infinity,-Infinity,-Infinity,-Infinity,-Infinity,-Infinity,-Infinity,-Infinity,-Infinity,-Infinity,-Infinity,-Infinity,-Infinity,-Infinity,-Infinity,-Infinity,-Infinity,-Infinity,-Infinity,-Infinity,-Infinity,-Infinity,-Infinity,-Infinity,-Infinity,-Infinity,-Infinity,-Infinity,-Infinity,-Infinity,-Infinity,-Infinity,-Infinity,-Infinity,-Infinity,-Infinity,-Infinity,-Infinity,-Infinity,-Infinity,-Infinity,-Infinity,-Infinity,-Infinity,-Infinity,-Infinity,-Infinity,-Infinity,-Infinity,-Infinity,-Infinity,-Infinity,-Infinity,-Infinity,-Infinity,-Infinity,-Infinity,-Infinity,-Infinity,-Infinity,-Infinity,-Infinity,-Infinity,-Infinity,-Infinity,-Infinity,-Infinity,-Infinity,-Infinity,-Infinity,-Infinity,-Infinity,-Infinity,-Infinity,-Infinity,-Infinity,-Infinity,-Infinity,-Infinity,-Infinity,-Infinity,-Infinity,-Infinity,-Infinity,-Infinity,-Infinity,-Infinity,-Infinity,-Infinity,-Infinity,-Infinity,-Infinity,-Infinity,-Infinity,-Infinity,-Infinity,-Infinity,-Infinity,-Infinity,-Infinity,-Infinity,-Infinity,-Infinity,-Infinity
"S58",-Infinity,-Infinity,-Infinity,-Infinity,-Infinity,-Infinity,-Infinity,-Infinity,-Infinity,-Infinity,-Infinity,-Infinity,-Infinity,-Infinity,-Infinity,-Infinity,-Infinity,-Infinity,-Infinity,-Infinity,-Infinity,-Infinity,-Infinity,-Infinity,-Infinity,-Infinity,-Infinity,-Infinity,-Infinity,-Infinity,-Infinity,-Infinity,-Infinity,-Infinity,-Infinity,-Infinity,-Infinity,-Infinity,-Infinity,-Infinity,-Infinity,-Infinity,-Infinity,-Infinity,-Infinity,-Infinity,-Infinity,-Infinity,-Infinity,-Infinity,-Infinity,-Infinity,-Infinity,-Infinity,-Infinity,-Infinity,-Infinity,-Infinity,-Infinity,-Infinity,-Infinity,-Infinity,-Infinity,-Infinity,-Infinity,-Infinity,-Infinity,-Infinity,-Infinity,-Infinity,-Infinity,-Infinity,-Infinity,-Infinity,-Infinity,-Infinity,-Infinity,-Infinity,-Infinity,-Infinity,-Infinity,-Infinity,-Infinity,-Infinity,-Infinity,-Infinity,-Infinity,-Infinity,-Infinity,-Infinity,-Infinity,-Infinity,-Infinity,-Infinity,-Infinity,-Infinity,-Infinity,-Infinity,-Infinity,-Infinity,-Infinity,-Infinity,-Infinity,-Infinity,-Infinity,-Infinity,-Infinity,-Infinity,-Infinity,-Infinity,-Infinity,-Infinity,-Infinity,-Infinity,-Infinity,-Infinity,-Infinity,-Infinity,-Infinity,-Infinity,-Infinity,-Infinity,-Infinity,-Infinity,-Infinity,-Infinity,-Infinity,-Infinity,-Infinity,-Infinity,-Infinity,-Infinity,-Infinity,-Infinity,-Infinity,-Infinity,-Infinity,-Infinity,-Infinity,-Infinity,-Infinity
"S59",-Infinity,-Infinity,-Infinity,-Infinity,-Infinity,-Infinity,-Infinity,-Infinity,-Infinity,-Infinity,-Infinity,-Infinity,-Infinity,-Infinity,-Infinity,-Infinity,-Infinity,-Infinity,-Infinity,-Infinity,-Infinity,-Infinity,-Infinity,-Infinity,-Infinity,-Infinity,-Infinity,-Infinity,-Infinity,-Infinity,-Infinity,-Infinity,-Infinity,-Infinity,-Infinity,-Infinity,-Infinity,-Infinity,-Infinity,-Infinity,-Infinity,-Infinity,-Infinity,-Infinity,-Infinity,-Infinity,-Infinity,-Infinity,-Infinity,-Infinity,-Infinity,-Infinity,-Infinity,-Infinity,-Infinity,-Infinity,-Infinity,-Infinity,-Infinity,-Infinity,-Infinity,-Infinity,-Infinity,-Infinity,-Infinity,-Infinity,-Infinity,-Infinity,-Infinity,-Infinity,-Infinity,-Infinity,-Infinity,-Infinity,-Infinity,-Infinity,-Infinity,-Infinity,-Infinity,-Infinity,-Infinity,-Infinity,-Infinity,-Infinity,-Infinity,-Infinity,-Infinity,-Infinity,-Infinity,-Infinity,-Infinity,-Infinity,-Infinity,-Infinity,-Infinity,-Infinity,-Infinity,-Infinity,-Infinity,-Infinity,-Infinity,-Infinity,-Infinity,-Infinity,-Infinity,-Infinity,-Infinity,-Infinity,-Infinity,-Infinity,-Infinity,-Infinity,-Infinity,-Infinity,-Infinity,-Infinity,-Infinity,-Infinity,-Infinity,-Infinity,-Infinity,-Infinity,-Infinity,-Infinity,-Infinity,-Infinity,-Infinity,-Infinity,-Infinity,-Infinity,-Infinity,-Infinity,-Infinity,-Infinity,-Infinity,-Infinity,-Infinity,-Infinity,-Infinity,-Infinity,-Infinity
"S60",-Infinity,-Infinity,-Infinity,-Infinity,-Infinity,-Infinity,-Infinity,-Infinity,-Infinity,-Infinity,-Infinity,-Infinity,-Infinity,-Infinity,-Infinity,-Infinity,-Infinity,-Infinity,-Infinity,-Infinity,-Infinity,-Infinity,-Infinity,-Infinity,-Infinity,-Infinity,-Infinity,-Infinity,-Infinity,-Infinity,-Infinity,-Infinity,-Infinity,-Infinity,-Infinity,-Infinity,-Infinity,-Infinity,-Infinity,-Infinity,-Infinity,-Infinity,-Infinity,-Infinity,-Infinity,-Infinity,-Infinity,-Infinity,-Infinity,-Infinity,-Infinity,-Infinity,-Infinity,-Infinity,-Infinity,-Infinity,-Infinity,-Infinity,-Infinity,-Infinity,-Infinity,-Infinity,-Infinity,-Infinity,-Infinity,-Infinity,-Infinity,-Infinity,-Infinity,-Infinity,-Infinity,-Infinity,-Infinity,-Infinity,-Infinity,-Infinity,-Infinity,-Infinity,-Infinity,-Infinity,-Infinity,-Infinity,-Infinity,-Infinity,-Infinity,-Infinity,-Infinity,-Infinity,-Infinity,-Infinity,-Infinity,-Infinity,-Infinity,-Infinity,-Infinity,-Infinity,-Infinity,-Infinity,-Infinity,-Infinity,-Infinity,-Infinity,-Infinity,-Infinity,-Infinity,-Infinity,-Infinity,-Infinity,-Infinity,-Infinity,-Infinity,-Infinity,-Infinity,-Infinity,-Infinity,-Infinity,-Infinity,-Infinity,-Infinity,-Infinity,-Infinity,-Infinity,-Infinity,-Infinity,-Infinity,-Infinity,-Infinity,-Infinity,-Infinity,-Infinity,-Infinity,-Infinity,-Infinity,-Infinity,-Infinity,-Infinity,-Infinity,-Infinity,-Infinity,-Infinity,-Infinity
"S61",-Infinity,-Infinity,-Infinity,-Infinity,-Infinity,-Infinity,-Infinity,-Infinity,-Infinity,-Infinity,-Infinity,-Infinity,-Infinity,-Infinity,-Infinity,-Infinity,-Infinity,-Infinity,-Infinity,-Infinity,-Infinity,-Infinity,-Infinity,-Infinity,-Infinity,-Infinity,-Infinity,-Infinity,-Infinity,-Infinity,-Infinity,-Infinity,-Infinity,-Infinity,-Infinity,-Infinity,-Infinity,-Infinity,-Infinity,-Infinity,-Infinity,-Infinity,-Infinity,-Infinity,-Infinity,-Infinity,-Infinity,-Infinity,-Infinity,-Infinity,-Infinity,-Infinity,-Infinity,-Infinity,-Infinity,-Infinity,-Infinity,-Infinity,-Infinity,-Infinity,-Infinity,-Infinity,-Infinity,-Infinity,-Infinity,-Infinity,-Infinity,-Infinity,-Infinity,-Infinity,-Infinity,-Infinity,-Infinity,-Infinity,-Infinity,-Infinity,-Infinity,-Infinity,-Infinity,-Infinity,-Infinity,-Infinity,-Infinity,-Infinity,-Infinity,-Infinity,-Infinity,-Infinity,-Infinity,-Infinity,-Infinity,-Infinity,-Infinity,-Infinity,-Infinity,-Infinity,-Infinity,-Infinity,-Infinity,-Infinity,-Infinity,-Infinity,-Infinity,-Infinity,-Infinity,-Infinity,-Infinity,-Infinity,-Infinity,-Infinity,-Infinity,-Infinity,-Infinity,-Infinity,-Infinity,-Infinity,-Infinity,-Infinity,-Infinity,-Infinity,-Infinity,-Infinity,-Infinity,-Infinity,-Infinity,-Infinity,-Infinity,-Infinity,-Infinity,-Infinity,-Infinity,-Infinity,-Infinity,-Infinity,-Infinity,-Infinity,-Infinity,-Infinity,-Infinity,-Infinity,-Infinity
"S62",-Infinity,-Infinity,-Infinity,-Infinity,-Infinity,-Infinity,-Infinity,-Infinity,-Infinity,-Infinity,-Infinity,-Infinity,-Infinity,-Infinity,-Infinity,-Infinity,-Infinity,-Infinity,-Infinity,-Infinity,-Infinity,-Infinity,-Infinity,-Infinity,-Infinity,-Infinity,-Infinity,-Infinity,-Infinity,-Infinity,-Infinity,-Infinity,-Infinity,-Infinity,-Infinity,-Infinity,-Infinity,-Infinity,-Infinity,-Infinity,-Infinity,-Infinity,-Infinity,-Infinity,-Infinity,-Infinity,-Infinity,-Infinity,-Infinity,-Infinity,-Infinity,-Infinity,-Infinity,-Infinity,-Infinity,-Infinity,-Infinity,-Infinity,-Infinity,-Infinity,-Infinity,-Infinity,-Infinity,-Infinity,-Infinity,-Infinity,-Infinity,-Infinity,-Infinity,-Infinity,-Infinity,-Infinity,-Infinity,-Infinity,-Infinity,-Infinity,-Infinity,-Infinity,-Infinity,-Infinity,-Infinity,-Infinity,-Infinity,-Infinity,-Infinity,-Infinity,-Infinity,-Infinity,-Infinity,-Infinity,-Infinity,-Infinity,-Infinity,-Infinity,-Infinity,-Infinity,-Infinity,-Infinity,-Infinity,-Infinity,-Infinity,-Infinity,-Infinity,-Infinity,-Infinity,-Infinity,-Infinity,-Infinity,-Infinity,-Infinity,-Infinity,-Infinity,-Infinity,-Infinity,-Infinity,-Infinity,-Infinity,-Infinity,-Infinity,-Infinity,-Infinity,-Infinity,-Infinity,-Infinity,-Infinity,-Infinity,-Infinity,-Infinity,-Infinity,-Infinity,-Infinity,-Infinity,-Infinity,-Infinity,-Infinity,-Infinity,-Infinity,-Infinity,-Infinity,-Infinity,-Infinity
"S63",-Infinity,-Infinity,-Infinity,-Infinity,-Infinity,-Infinity,-Infinity,-Infinity,-Infinity,-Infinity,-Infinity,-Infinity,-Infinity,-Infinity,-Infinity,-Infinity,-Infinity,-Infinity,-Infinity,-Infinity,-Infinity,-Infinity,-Infinity,-Infinity,-Infinity,-Infinity,-Infinity,-Infinity,-Infinity,-Infinity,-Infinity,-Infinity,-Infinity,-Infinity,-Infinity,-Infinity,-Infinity,-Infinity,-Infinity,-Infinity,-Infinity,-Infinity,-Infinity,-Infinity,-Infinity,-Infinity,-Infinity,-Infinity,-Infinity,-Infinity,-Infinity,-Infinity,-Infinity,-Infinity,-Infinity,-Infinity,-Infinity,-Infinity,-Infinity,-Infinity,-Infinity,-Infinity,-Infinity,-Infinity,-Infinity,-Infinity,-Infinity,-Infinity,-Infinity,-Infinity,-Infinity,-Infinity,-Infinity,-Infinity,-Infinity,-Infinity,-Infinity,-Infinity,-Infinity,-Infinity,-Infinity,-Infinity,-Infinity,-Infinity,-Infinity,-Infinity,-Infinity,-Infinity,-Infinity,-Infinity,-Infinity,-Infinity,-Infinity,-Infinity,-Infinity,-Infinity,-Infinity,-Infinity,-Infinity,-Infinity,-Infinity,-Infinity,-Infinity,-Infinity,-Infinity,-Infinity,-Infinity,-Infinity,-Infinity,-Infinity,-Infinity,-Infinity,-Infinity,-Infinity,-Infinity,-Infinity,-Infinity,-Infinity,-Infinity,-Infinity,-Infinity,-Infinity,-Infinity,-Infinity,-Infinity,-Infinity,-Infinity,-Infinity,-Infinity,-Infinity,-Infinity,-Infinity,-Infinity,-Infinity,-Infinity,-Infinity,-Infinity,-Infinity,-Infinity,-Infinity,-Infinity
"S64",-Infinity,-Infinity,-Infinity,-Infinity,-Infinity,-Infinity,-Infinity,-Infinity,-Infinity,-Infinity,-Infinity,-Infinity,-Infinity,-Infinity,-Infinity,-Infinity,-Infinity,-Infinity,-Infinity,-Infinity,-Infinity,-Infinity,-Infinity,-Infinity,-Infinity,-Infinity,-Infinity,-Infinity,-Infinity,-Infinity,-Infinity,-Infinity,-Infinity,-Infinity,-Infinity,-Infinity,-Infinity,-Infinity,-Infinity,-Infinity,-Infinity,-Infinity,-Infinity,-Infinity,-Infinity,-Infinity,-Infinity,-Infinity,-Infinity,-Infinity,-Infinity,-Infinity,-Infinity,-Infinity,-Infinity,-Infinity,-Infinity,-Infinity,-Infinity,-Infinity,-Infinity,-Infinity,-Infinity,-Infinity,-Infinity,-Infinity,-Infinity,-Infinity,-Infinity,-Infinity,-Infinity,-Infinity,-Infinity,-Infinity,-Infinity,-Infinity,-Infinity,-Infinity,-Infinity,-Infinity,-Infinity,-Infinity,-Infinity,-Infinity,-Infinity,-Infinity,-Infinity,-Infinity,-Infinity,-Infinity,-Infinity,-Infinity,-Infinity,-Infinity,-Infinity,-Infinity,-Infinity,-Infinity,-Infinity,-Infinity,-Infinity,-Infinity,-Infinity,-Infinity,-Infinity,-Infinity,-Infinity,-Infinity,-Infinity,-Infinity,-Infinity,-Infinity,-Infinity,-Infinity,-Infinity,-Infinity,-Infinity,-Infinity,-Infinity,-Infinity,-Infinity,-Infinity,-Infinity,-Infinity,-Infinity,-Infinity,-Infinity,-Infinity,-Infinity,-Infinity,-Infinity,-Infinity,-Infinity,-Infinity,-Infinity,-Infinity,-Infinity,-Infinity,-Infinity,-Infinity,-Infinity
"S65",-Infinity,-Infinity,-Infinity,-Infinity,-Infinity,-Infinity,-Infinity,-Infinity,-Infinity,-Infinity,-Infinity,-Infinity,-Infinity,-Infinity,-Infinity,-Infinity,-Infinity,-Infinity,-Infinity,-Infinity,-Infinity,-Infinity,-Infinity,-Infinity,-Infinity,-Infinity,-Infinity,-Infinity,-Infinity,-Infinity,-Infinity,-Infinity,-Infinity,-Infinity,-Infinity,-Infinity,-Infinity,-Infinity,-Infinity,-Infinity,-Infinity,-Infinity,-Infinity,-Infinity,-Infinity,-Infinity,-Infinity,-Infinity,-Infinity,-Infinity,-Infinity,-Infinity,-Infinity,-Infinity,-Infinity,-Infinity,-Infinity,-Infinity,-Infinity,-Infinity,-Infinity,-Infinity,-Infinity,-Infinity,-Infinity,-Infinity,-Infinity,-Infinity,-Infinity,-Infinity,-Infinity,-Infinity,-Infinity,-Infinity,-Infinity,-Infinity,-Infinity,-Infinity,-Infinity,-Infinity,-Infinity,-Infinity,-Infinity,-Infinity,-Infinity,-Infinity,-Infinity,-Infinity,-Infinity,-Infinity,-Infinity,-Infinity,-Infinity,-Infinity,-Infinity,-Infinity,-Infinity,-Infinity,-Infinity,-Infinity,-Infinity,-Infinity,-Infinity,-Infinity,-Infinity,-Infinity,-Infinity,-Infinity,-Infinity,-Infinity,-Infinity,-Infinity,-Infinity,-Infinity,-Infinity,-Infinity,-Infinity,-Infinity,-Infinity,-Infinity,-Infinity,-Infinity,-Infinity,-Infinity,-Infinity,-Infinity,-Infinity,-Infinity,-Infinity,-Infinity,-Infinity,-Infinity,-Infinity,-Infinity,-Infinity,-Infinity,-Infinity,-Infinity,-Infinity,-Infinity,-Infinity
"S66",-Infinity,-Infinity,-Infinity,-Infinity,-Infinity,-Infinity,-Infinity,-Infinity,-Infinity,-Infinity,-Infinity,-Infinity,-Infinity,-Infinity,-Infinity,-Infinity,-Infinity,-Infinity,-Infinity,-Infinity,-Infinity,-Infinity,-Infinity,-Infinity,-Infinity,-Infinity,-Infinity,-Infinity,-Infinity,-Infinity,-Infinity,-Infinity,-Infinity,-Infinity,-Infinity,-Infinity,-Infinity,-Infinity,-Infinity,-Infinity,-Infinity,-Infinity,-Infinity,-Infinity,-Infinity,-Infinity,-Infinity,-Infinity,-Infinity,-Infinity,-Infinity,-Infinity,-Infinity,-Infinity,-Infinity,-Infinity,-Infinity,-Infinity,-Infinity,-Infinity,-Infinity,-Infinity,-Infinity,-Infinity,-Infinity,-Infinity,-Infinity,-Infinity,-Infinity,-Infinity,-Infinity,-Infinity,-Infinity,-Infinity,-Infinity,-Infinity,-Infinity,-Infinity,-Infinity,-Infinity,-Infinity,-Infinity,-Infinity,-Infinity,-Infinity,-Infinity,-Infinity,-Infinity,-Infinity,-Infinity,-Infinity,-Infinity,-Infinity,-Infinity,-Infinity,-Infinity,-Infinity,-Infinity,-Infinity,-Infinity,-Infinity,-Infinity,-Infinity,-Infinity,-Infinity,-Infinity,-Infinity,-Infinity,-Infinity,-Infinity,-Infinity,-Infinity,-Infinity,-Infinity,-Infinity,-Infinity,-Infinity,-Infinity,-Infinity,-Infinity,-Infinity,-Infinity,-Infinity,-Infinity,-Infinity,-Infinity,-Infinity,-Infinity,-Infinity,-Infinity,-Infinity,-Infinity,-Infinity,-Infinity,-Infinity,-Infinity,-Infinity,-Infinity,-Infinity,-Infinity,-Infinity
"S67",-Infinity,-Infinity,-Infinity,-Infinity,-Infinity,-Infinity,-Infinity,-Infinity,-Infinity,-Infinity,-Infinity,-Infinity,-Infinity,-Infinity,-Infinity,-Infinity,-Infinity,-Infinity,-Infinity,-Infinity,-Infinity,-Infinity,-Infinity,-Infinity,-Infinity,-Infinity,-Infinity,-Infinity,-Infinity,-Infinity,-Infinity,-Infinity,-Infinity,-Infinity,-Infinity,-Infinity,-Infinity,-Infinity,-Infinity,-Infinity,-Infinity,-Infinity,-Infinity,-Infinity,-Infinity,-Infinity,-Infinity,-Infinity,-Infinity,-Infinity,-Infinity,-Infinity,-Infinity,-Infinity,-Infinity,-Infinity,-Infinity,-Infinity,-Infinity,-Infinity,-Infinity,-Infinity,-Infinity,-Infinity,-Infinity,-Infinity,-Infinity,-Infinity,-Infinity,-Infinity,-Infinity,-Infinity,-Infinity,-Infinity,-Infinity,-Infinity,-Infinity,-Infinity,-Infinity,-Infinity,-Infinity,-Infinity,-Infinity,-Infinity,-Infinity,-Infinity,-Infinity,-Infinity,-Infinity,-Infinity,-Infinity,-Infinity,-Infinity,-Infinity,-Infinity,-Infinity,-Infinity,-Infinity,-Infinity,-Infinity,-Infinity,-Infinity,-Infinity,-Infinity,-Infinity,-Infinity,-Infinity,-Infinity,-Infinity,-Infinity,-Infinity,-Infinity,-Infinity,-Infinity,-Infinity,-Infinity,-Infinity,-Infinity,-Infinity,-Infinity,-Infinity,-Infinity,-Infinity,-Infinity,-Infinity,-Infinity,-Infinity,-Infinity,-Infinity,-Infinity,-Infinity,-Infinity,-Infinity,-Infinity,-Infinity,-Infinity,-Infinity,-Infinity,-Infinity,-Infinity,-Infinity
"S68",-Infinity,-Infinity,-Infinity,-Infinity,-Infinity,-Infinity,-Infinity,-Infinity,-Infinity,-Infinity,-Infinity,-Infinity,-Infinity,-Infinity,-Infinity,-Infinity,-Infinity,-Infinity,-Infinity,-Infinity,-Infinity,-Infinity,-Infinity,-Infinity,-Infinity,-Infinity,-Infinity,-Infinity,-Infinity,-Infinity,-Infinity,-Infinity,-Infinity,-Infinity,-Infinity,-Infinity,-Infinity,-Infinity,-Infinity,-Infinity,-Infinity,-Infinity,-Infinity,-Infinity,-Infinity,-Infinity,-Infinity,-Infinity,-Infinity,-Infinity,-Infinity,-Infinity,-Infinity,-Infinity,-Infinity,-Infinity,-Infinity,-Infinity,-Infinity,-Infinity,-Infinity,-Infinity,-Infinity,-Infinity,-Infinity,-Infinity,-Infinity,-Infinity,-Infinity,-Infinity,-Infinity,-Infinity,-Infinity,-Infinity,-Infinity,-Infinity,-Infinity,-Infinity,-Infinity,-Infinity,-Infinity,-Infinity,-Infinity,-Infinity,-Infinity,-Infinity,-Infinity,-Infinity,-Infinity,-Infinity,-Infinity,-Infinity,-Infinity,-Infinity,-Infinity,-Infinity,-Infinity,-Infinity,-Infinity,-Infinity,-Infinity,-Infinity,-Infinity,-Infinity,-Infinity,-Infinity,-Infinity,-Infinity,-Infinity,-Infinity,-Infinity,-Infinity,-Infinity,-Infinity,-Infinity,-Infinity,-Infinity,-Infinity,-Infinity,-Infinity,-Infinity,-Infinity,-Infinity,-Infinity,-Infinity,-Infinity,-Infinity,-Infinity,-Infinity,-Infinity,-Infinity,-Infinity,-Infinity,-Infinity,-Infinity,-Infinity,-Infinity,-Infinity,-Infinity,-Infinity,-Infinity
"S69",-Infinity,-Infinity,-Infinity,-Infinity,-Infinity,-Infinity,-Infinity,-Infinity,-Infinity,-Infinity,-Infinity,-Infinity,-Infinity,-Infinity,-Infinity,-Infinity,-Infinity,-Infinity,-Infinity,-Infinity,-Infinity,-Infinity,-Infinity,-Infinity,-Infinity,-Infinity,-Infinity,-Infinity,-Infinity,-Infinity,-Infinity,-Infinity,-Infinity,-Infinity,-Infinity,-Infinity,-Infinity,-Infinity,-Infinity,-Infinity,-Infinity,-Infinity,-Infinity,-Infinity,-Infinity,-Infinity,-Infinity,-Infinity,-Infinity,-Infinity,-Infinity,-Infinity,-Infinity,-Infinity,-Infinity,-Infinity,-Infinity,-Infinity,-Infinity,-Infinity,-Infinity,-Infinity,-Infinity,-Infinity,-Infinity,-Infinity,-Infinity,-Infinity,-Infinity,-Infinity,-Infinity,-Infinity,-Infinity,-Infinity,-Infinity,-Infinity,-Infinity,-Infinity,-Infinity,-Infinity,-Infinity,-Infinity,-Infinity,-Infinity,-Infinity,-Infinity,-Infinity,-Infinity,-Infinity,-Infinity,-Infinity,-Infinity,-Infinity,-Infinity,-Infinity,-Infinity,-Infinity,-Infinity,-Infinity,-Infinity,-Infinity,-Infinity,-Infinity,-Infinity,-Infinity,-Infinity,-Infinity,-Infinity,-Infinity,-Infinity,-Infinity,-Infinity,-Infinity,-Infinity,-Infinity,-Infinity,-Infinity,-Infinity,-Infinity,-Infinity,-Infinity,-Infinity,-Infinity,-Infinity,-Infinity,-Infinity,-Infinity,-Infinity,-Infinity,-Infinity,-Infinity,-Infinity,-Infinity,-Infinity,-Infinity,-Infinity,-Infinity,-Infinity,-Infinity,-Infinity,-Infinity
"S70",-Infinity,-Infinity,-Infinity,-Infinity,-Infinity,-Infinity,-Infinity,-Infinity,-Infinity,-Infinity,-Infinity,-Infinity,-Infinity,-Infinity,-Infinity,-Infinity,-Infinity,-Infinity,-Infinity,-Infinity,-Infinity,-Infinity,-Infinity,-Infinity,-Infinity,-Infinity,-Infinity,-Infinity,-Infinity,-Infinity,-Infinity,-Infinity,-Infinity,-Infinity,-Infinity,-Infinity,-Infinity,-Infinity,-Infinity,-Infinity,-Infinity,-Infinity,-Infinity,-Infinity,-Infinity,-Infinity,-Infinity,-Infinity,-Infinity,-Infinity,-Infinity,-Infinity,-Infinity,-Infinity,-Infinity,-Infinity,-Infinity,-Infinity,-Infinity,-Infinity,-Infinity,-Infinity,-Infinity,-Infinity,-Infinity,-Infinity,-Infinity,-Infinity,-Infinity,-Infinity,-Infinity,-Infinity,-Infinity,-Infinity,-Infinity,-Infinity,-Infinity,-Infinity,-Infinity,-Infinity,-Infinity,-Infinity,-Infinity,-Infinity,-Infinity,-Infinity,-Infinity,-Infinity,-Infinity,-Infinity,-Infinity,-Infinity,-Infinity,-Infinity,-Infinity,-Infinity,-Infinity,-Infinity,-Infinity,-Infinity,-Infinity,-Infinity,-Infinity,-Infinity,-Infinity,-Infinity,-Infinity,-Infinity,-Infinity,-Infinity,-Infinity,-Infinity,-Infinity,-Infinity,-Infinity,-Infinity,-Infinity,-Infinity,-Infinity,-Infinity,-Infinity,-Infinity,-Infinity,-Infinity,-Infinity,-Infinity,-Infinity,-Infinity,-Infinity,-Infinity,-Infinity,-Infinity,-Infinity,-Infinity,-Infinity,-Infinity,-Infinity,-Infinity,-Infinity,-Infinity,-Infinity
"S71",-Infinity,-Infinity,-Infinity,-Infinity,-Infinity,-Infinity,-Infinity,-Infinity,-Infinity,-Infinity,-Infinity,-Infinity,-Infinity,-Infinity,-Infinity,-Infinity,-Infinity,-Infinity,-Infinity,-Infinity,-Infinity,-Infinity,-Infinity,-Infinity,-Infinity,-Infinity,-Infinity,-Infinity,-Infinity,-Infinity,-Infinity,-Infinity,-Infinity,-Infinity,-Infinity,-Infinity,-Infinity,-Infinity,-Infinity,-Infinity,-Infinity,-Infinity,-Infinity,-Infinity,-Infinity,-Infinity,-Infinity,-Infinity,-Infinity,-Infinity,-Infinity,-Infinity,-Infinity,-Infinity,-Infinity,-Infinity,-Infinity,-Infinity,-Infinity,-Infinity,-Infinity,-Infinity,-Infinity,-Infinity,-Infinity,-Infinity,-Infinity,-Infinity,-Infinity,-Infinity,-Infinity,-Infinity,-Infinity,-Infinity,-Infinity,-Infinity,-Infinity,-Infinity,-Infinity,-Infinity,-Infinity,-Infinity,-Infinity,-Infinity,-Infinity,-Infinity,-Infinity,-Infinity,-Infinity,-Infinity,-Infinity,-Infinity,-Infinity,-Infinity,-Infinity,-Infinity,-Infinity,-Infinity,-Infinity,-Infinity,-Infinity,-Infinity,-Infinity,-Infinity,-Infinity,-Infinity,-Infinity,-Infinity,-Infinity,-Infinity,-Infinity,-Infinity,-Infinity,-Infinity,-Infinity,-Infinity,-Infinity,-Infinity,-Infinity,-Infinity,-Infinity,-Infinity,-Infinity,-Infinity,-Infinity,-Infinity,-Infinity,-Infinity,-Infinity,-Infinity,-Infinity,-Infinity,-Infinity,-Infinity,-Infinity,-Infinity,-Infinity,-Infinity,-Infinity,-Infinity,-Infinity
"S72",-Infinity,-Infinity,-Infinity,-Infinity,-Infinity,-Infinity,-Infinity,-Infinity,-Infinity,-Infinity,-Infinity,-Infinity,-Infinity,-Infinity,-Infinity,-Infinity,-Infinity,-Infinity,-Infinity,-Infinity,-Infinity,-Infinity,-Infinity,-Infinity,-Infinity,-Infinity,-Infinity,-Infinity,-Infinity,-Infinity,-Infinity,-Infinity,-Infinity,-Infinity,-Infinity,-Infinity,-Infinity,-Infinity,-Infinity,-Infinity,-Infinity,-Infinity,-Infinity,-Infinity,-Infinity,-Infinity,-Infinity,-Infinity,-Infinity,-Infinity,-Infinity,-Infinity,-Infinity,-Infinity,-Infinity,-Infinity,-Infinity,-Infinity,-Infinity,-Infinity,-Infinity,-Infinity,-Infinity,-Infinity,-Infinity,-Infinity,-Infinity,-Infinity,-Infinity,-Infinity,-Infinity,-Infinity,-Infinity,-Infinity,-Infinity,-Infinity,-Infinity,-Infinity,-Infinity,-Infinity,-Infinity,-Infinity,-Infinity,-Infinity,-Infinity,-Infinity,-Infinity,-Infinity,-Infinity,-Infinity,-Infinity,-Infinity,-Infinity,-Infinity,-Infinity,-Infinity,-Infinity,-Infinity,-Infinity,-Infinity,-Infinity,-Infinity,-Infinity,-Infinity,-Infinity,-Infinity,-Infinity,-Infinity,-Infinity,-Infinity,-Infinity,-Infinity,-Infinity,-Infinity,-Infinity,-Infinity,-Infinity,-Infinity,-Infinity,-Infinity,-Infinity,-Infinity,-Infinity,-Infinity,-Infinity,-Infinity,-Infinity,-Infinity,-Infinity,-Infinity,-Infinity,-Infinity,-Infinity,-Infinity,-Infinity,-Infinity,-Infinity,-Infinity,-Infinity,-Infinity,-Infinity
"S73",-Infinity,-Infinity,-Infinity,-Infinity,-Infinity,-Infinity,-Infinity,-Infinity,-Infinity,-Infinity,-Infinity,-Infinity,-Infinity,-Infinity,-Infinity,-Infinity,-Infinity,-Infinity,-Infinity,-Infinity,-Infinity,-Infinity,-Infinity,-Infinity,-Infinity,-Infinity,-Infinity,-Infinity,-Infinity,-Infinity,-Infinity,-Infinity,-Infinity,-Infinity,-Infinity,-Infinity,-Infinity,-Infinity,-Infinity,-Infinity,-Infinity,-Infinity,-Infinity,-Infinity,-Infinity,-Infinity,-Infinity,-Infinity,-Infinity,-Infinity,-Infinity,-Infinity,-Infinity,-Infinity,-Infinity,-Infinity,-Infinity,-Infinity,-Infinity,-Infinity,-Infinity,-Infinity,-Infinity,-Infinity,-Infinity,-Infinity,-Infinity,-Infinity,-Infinity,-Infinity,-Infinity,-Infinity,-Infinity,-Infinity,-Infinity,-Infinity,-Infinity,-Infinity,-Infinity,-Infinity,-Infinity,-Infinity,-Infinity,-Infinity,-Infinity,-Infinity,-Infinity,-Infinity,-Infinity,-Infinity,-Infinity,-Infinity,-Infinity,-Infinity,-Infinity,-Infinity,-Infinity,-Infinity,-Infinity,-Infinity,-Infinity,-Infinity,-Infinity,-Infinity,-Infinity,-Infinity,-Infinity,-Infinity,-Infinity,-Infinity,-Infinity,-Infinity,-Infinity,-Infinity,-Infinity,-Infinity,-Infinity,-Infinity,-Infinity,-Infinity,-Infinity,-Infinity,-Infinity,-Infinity,-Infinity,-Infinity,-Infinity,-Infinity,-Infinity,-Infinity,-Infinity,-Infinity,-Infinity,-Infinity,-Infinity,-Infinity,-Infinity,-Infinity,-Infinity,-Infinity,-Infinity
"S74",-Infinity,-Infinity,-Infinity,-Infinity,-Infinity,-Infinity,-Infinity,-Infinity,-Infinity,-Infinity,-Infinity,-Infinity,-Infinity,-Infinity,-Infinity,-Infinity,-Infinity,-Infinity,-Infinity,-Infinity,-Infinity,-Infinity,-Infinity,-Infinity,-Infinity,-Infinity,-Infinity,-Infinity,-Infinity,-Infinity,-Infinity,-Infinity,-Infinity,-Infinity,-Infinity,-Infinity,-Infinity,-Infinity,-Infinity,-Infinity,-Infinity,-Infinity,-Infinity,-Infinity,-Infinity,-Infinity,-Infinity,-Infinity,-Infinity,-Infinity,-Infinity,-Infinity,-Infinity,-Infinity,-Infinity,-Infinity,-Infinity,-Infinity,-Infinity,-Infinity,-Infinity,-Infinity,-Infinity,-Infinity,-Infinity,-Infinity,-Infinity,-Infinity,-Infinity,-Infinity,-Infinity,-Infinity,-Infinity,-Infinity,-Infinity,-Infinity,-Infinity,-Infinity,-Infinity,-Infinity,-Infinity,-Infinity,-Infinity,-Infinity,-Infinity,-Infinity,-Infinity,-Infinity,-Infinity,-Infinity,-Infinity,-Infinity,-Infinity,-Infinity,-Infinity,-Infinity,-Infinity,-Infinity,-Infinity,-Infinity,-Infinity,-Infinity,-Infinity,-Infinity,-Infinity,-Infinity,-Infinity,-Infinity,-Infinity,-Infinity,-Infinity,-Infinity,-Infinity,-Infinity,-Infinity,-Infinity,-Infinity,-Infinity,-Infinity,-Infinity,-Infinity,-Infinity,-Infinity,-Infinity,-Infinity,-Infinity,-Infinity,-Infinity,-Infinity,-Infinity,-Infinity,-Infinity,-Infinity,-Infinity,-Infinity,-Infinity,-Infinity,-Infinity,-Infinity,-Infinity,-Infinity
"S75",-Infinity,-Infinity,-Infinity,-Infinity,-Infinity,-Infinity,-Infinity,-Infinity,-Infinity,-Infinity,-Infinity,-Infinity,-Infinity,-Infinity,-Infinity,-Infinity,-Infinity,-Infinity,-Infinity,-Infinity,-Infinity,-Infinity,-Infinity,-Infinity,-Infinity,-Infinity,-Infinity,-Infinity,-Infinity,-Infinity,-Infinity,-Infinity,-Infinity,-Infinity,-Infinity,-Infinity,-Infinity,-Infinity,-Infinity,-Infinity,-Infinity,-Infinity,-Infinity,-Infinity,-Infinity,-Infinity,-Infinity,-Infinity,-Infinity,-Infinity,-Infinity,-Infinity,-Infinity,-Infinity,-Infinity,-Infinity,-Infinity,-Infinity,-Infinity,-Infinity,-Infinity,-Infinity,-Infinity,-Infinity,-Infinity,-Infinity,-Infinity,-Infinity,-Infinity,-Infinity,-Infinity,-Infinity,-Infinity,-Infinity,-Infinity,-Infinity,-Infinity,-Infinity,-Infinity,-Infinity,-Infinity,-Infinity,-Infinity,-Infinity,-Infinity,-Infinity,-Infinity,-Infinity,-Infinity,-Infinity,-Infinity,-Infinity,-Infinity,-Infinity,-Infinity,-Infinity,-Infinity,-Infinity,-Infinity,-Infinity,-Infinity,-Infinity,-Infinity,-Infinity,-Infinity,-Infinity,-Infinity,-Infinity,-Infinity,-Infinity,-Infinity,-Infinity,-Infinity,-Infinity,-Infinity,-Infinity,-Infinity,-Infinity,-Infinity,-Infinity,-Infinity,-Infinity,-Infinity,-Infinity,-Infinity,-Infinity,-Infinity,-Infinity,-Infinity,-Infinity,-Infinity,-Infinity,-Infinity,-Infinity,-Infinity,-Infinity,-Infinity,-Infinity,-Infinity,-Infinity,-Infinity
"S76",-Infinity,-Infinity,-Infinity,-Infinity,-Infinity,-Infinity,-Infinity,-Infinity,-Infinity,-Infinity,-Infinity,-Infinity,-Infinity,-Infinity,-Infinity,-Infinity,-Infinity,-Infinity,-Infinity,-Infinity,-Infinity,-Infinity,-Infinity,-Infinity,-Infinity,-Infinity,-Infinity,-Infinity,-Infinity,-Infinity,-Infinity,-Infinity,-Infinity,-Infinity,-Infinity,-Infinity,-Infinity,-Infinity,-Infinity,-Infinity,-Infinity,-Infinity,-Infinity,-Infinity,-Infinity,-Infinity,-Infinity,-Infinity,-Infinity,-Infinity,-Infinity,-Infinity,-Infinity,-Infinity,-Infinity,-Infinity,-Infinity,-Infinity,-Infinity,-Infinity,-Infinity,-Infinity,-Infinity,-Infinity,-Infinity,-Infinity,-Infinity,-Infinity,-Infinity,-Infinity,-Infinity,-Infinity,-Infinity,-Infinity,-Infinity,-Infinity,-Infinity,-Infinity,-Infinity,-Infinity,-Infinity,-Infinity,-Infinity,-Infinity,-Infinity,-Infinity,-Infinity,-Infinity,-Infinity,-Infinity,-Infinity,-Infinity,-Infinity,-Infinity,-Infinity,-Infinity,-Infinity,-Infinity,-Infinity,-Infinity,-Infinity,-Infinity,-Infinity,-Infinity,-Infinity,-Infinity,-Infinity,-Infinity,-Infinity,-Infinity,-Infinity,-Infinity,-Infinity,-Infinity,-Infinity,-Infinity,-Infinity,-Infinity,-Infinity,-Infinity,-Infinity,-Infinity,-Infinity,-Infinity,-Infinity,-Infinity,-Infinity,-Infinity,-Infinity,-Infinity,-Infinity,-Infinity,-Infinity,-Infinity,-Infinity,-Infinity,-Infinity,-Infinity,-Infinity,-Infinity,-Infinity
"S77",-Infinity,-Infinity,-Infinity,-Infinity,-Infinity,-Infinity,-Infinity,-Infinity,-Infinity,-Infinity,-Infinity,-Infinity,-Infinity,-Infinity,-Infinity,-Infinity,-Infinity,-Infinity,-Infinity,-Infinity,-Infinity,-Infinity,-Infinity,-Infinity,-Infinity,-Infinity,-Infinity,-Infinity,-Infinity,-Infinity,-Infinity,-Infinity,-Infinity,-Infinity,-Infinity,-Infinity,-Infinity,-Infinity,-Infinity,-Infinity,-Infinity,-Infinity,-Infinity,-Infinity,-Infinity,-Infinity,-Infinity,-Infinity,-Infinity,-Infinity,-Infinity,-Infinity,-Infinity,-Infinity,-Infinity,-Infinity,-Infinity,-Infinity,-Infinity,-Infinity,-Infinity,-Infinity,-Infinity,-Infinity,-Infinity,-Infinity,-Infinity,-Infinity,-Infinity,-Infinity,-Infinity,-Infinity,-Infinity,-Infinity,-Infinity,-Infinity,-Infinity,-Infinity,-Infinity,-Infinity,-Infinity,-Infinity,-Infinity,-Infinity,-Infinity,-Infinity,-Infinity,-Infinity,-Infinity,-Infinity,-Infinity,-Infinity,-Infinity,-Infinity,-Infinity,-Infinity,-Infinity,-Infinity,-Infinity,-Infinity,-Infinity,-Infinity,-Infinity,-Infinity,-Infinity,-Infinity,-Infinity,-Infinity,-Infinity,-Infinity,-Infinity,-Infinity,-Infinity,-Infinity,-Infinity,-Infinity,-Infinity,-Infinity,-Infinity,-Infinity,-Infinity,-Infinity,-Infinity,-Infinity,-Infinity,-Infinity,-Infinity,-Infinity,-Infinity,-Infinity,-Infinity,-Infinity,-Infinity,-Infinity,-Infinity,-Infinity,-Infinity,-Infinity,-Infinity,-Infinity,-Infinity
"S78",-Infinity,-Infinity,-Infinity,-Infinity,-Infinity,-Infinity,-Infinity,-Infinity,-Infinity,-Infinity,-Infinity,-Infinity,-Infinity,-Infinity,-Infinity,-Infinity,-Infinity,-Infinity,-Infinity,-Infinity,-Infinity,-Infinity,-Infinity,-Infinity,-Infinity,-Infinity,-Infinity,-Infinity,-Infinity,-Infinity,-Infinity,-Infinity,-Infinity,-Infinity,-Infinity,-Infinity,-Infinity,-Infinity,-Infinity,-Infinity,-Infinity,-Infinity,-Infinity,-Infinity,-Infinity,-Infinity,-Infinity,-Infinity,-Infinity,-Infinity,-Infinity,-Infinity,-Infinity,-Infinity,-Infinity,-Infinity,-Infinity,-Infinity,-Infinity,-Infinity,-Infinity,-Infinity,-Infinity,-Infinity,-Infinity,-Infinity,-Infinity,-Infinity,-Infinity,-Infinity,-Infinity,-Infinity,-Infinity,-Infinity,-Infinity,-Infinity,-Infinity,-Infinity,-Infinity,-Infinity,-Infinity,-Infinity,-Infinity,-Infinity,-Infinity,-Infinity,-Infinity,-Infinity,-Infinity,-Infinity,-Infinity,-Infinity,-Infinity,-Infinity,-Infinity,-Infinity,-Infinity,-Infinity,-Infinity,-Infinity,-Infinity,-Infinity,-Infinity,-Infinity,-Infinity,-Infinity,-Infinity,-Infinity,-Infinity,-Infinity,-Infinity,-Infinity,-Infinity,-Infinity,-Infinity,-Infinity,-Infinity,-Infinity,-Infinity,-Infinity,-Infinity,-Infinity,-Infinity,-Infinity,-Infinity,-Infinity,-Infinity,-Infinity,-Infinity,-Infinity,-Infinity,-Infinity,-Infinity,-Infinity,-Infinity,-Infinity,-Infinity,-Infinity,-Infinity,-Infinity,-Infinity
"S79",-Infinity,-Infinity,-Infinity,-Infinity,-Infinity,-Infinity,-Infinity,-Infinity,-Infinity,-Infinity,-Infinity,-Infinity,-Infinity,-Infinity,-Infinity,-Infinity,-Infinity,-Infinity,-Infinity,-Infinity,-Infinity,-Infinity,-Infinity,-Infinity,-Infinity,-Infinity,-Infinity,-Infinity,-Infinity,-Infinity,-Infinity,-Infinity,-Infinity,-Infinity,-Infinity,-Infinity,-Infinity,-Infinity,-Infinity,-Infinity,-Infinity,-Infinity,-Infinity,-Infinity,-Infinity,-Infinity,-Infinity,-Infinity,-Infinity,-Infinity,-Infinity,-Infinity,-Infinity,-Infinity,-Infinity,-Infinity,-Infinity,-Infinity,-Infinity,-Infinity,-Infinity,-Infinity,-Infinity,-Infinity,-Infinity,-Infinity,-Infinity,-Infinity,-Infinity,-Infinity,-Infinity,-Infinity,-Infinity,-Infinity,-Infinity,-Infinity,-Infinity,-Infinity,-Infinity,-Infinity,-Infinity,-Infinity,-Infinity,-Infinity,-Infinity,-Infinity,-Infinity,-Infinity,-Infinity,-Infinity,-Infinity,-Infinity,-Infinity,-Infinity,-Infinity,-Infinity,-Infinity,-Infinity,-Infinity,-Infinity,-Infinity,-Infinity,-Infinity,-Infinity,-Infinity,-Infinity,-Infinity,-Infinity,-Infinity,-Infinity,-Infinity,-Infinity,-Infinity,-Infinity,-Infinity,-Infinity,-Infinity,-Infinity,-Infinity,-Infinity,-Infinity,-Infinity,-Infinity,-Infinity,-Infinity,-Infinity,-Infinity,-Infinity,-Infinity,-Infinity,-Infinity,-Infinity,-Infinity,-Infinity,-Infinity,-Infinity,-Infinity,-Infinity,-Infinity,-Infinity,-Infinity
"S80",-Infinity,-Infinity,-Infinity,-Infinity,-Infinity,-Infinity,-Infinity,-Infinity,-Infinity,-Infinity,-Infinity,-Infinity,-Infinity,-Infinity,-Infinity,-Infinity,-Infinity,-Infinity,-Infinity,-Infinity,-Infinity,-Infinity,-Infinity,-Infinity,-Infinity,-Infinity,-Infinity,-Infinity,-Infinity,-Infinity,-Infinity,-Infinity,-Infinity,-Infinity,-Infinity,-Infinity,-Infinity,-Infinity,-Infinity,-Infinity,-Infinity,-Infinity,-Infinity,-Infinity,-Infinity,-Infinity,-Infinity,-Infinity,-Infinity,-Infinity,-Infinity,-Infinity,-Infinity,-Infinity,-Infinity,-Infinity,-Infinity,-Infinity,-Infinity,-Infinity,-Infinity,-Infinity,-Infinity,-Infinity,-Infinity,-Infinity,-Infinity,-Infinity,-Infinity,-Infinity,-Infinity,-Infinity,-Infinity,-Infinity,-Infinity,-Infinity,-Infinity,-Infinity,-Infinity,-Infinity,-Infinity,-Infinity,-Infinity,-Infinity,-Infinity,-Infinity,-Infinity,-Infinity,-Infinity,-Infinity,-Infinity,-Infinity,-Infinity,-Infinity,-Infinity,-Infinity,-Infinity,-Infinity,-Infinity,-Infinity,-Infinity,-Infinity,-Infinity,-Infinity,-Infinity,-Infinity,-Infinity,-Infinity,-Infinity,-Infinity,-Infinity,-Infinity,-Infinity,-Infinity,-Infinity,-Infinity,-Infinity,-Infinity,-Infinity,-Infinity,-Infinity,-Infinity,-Infinity,-Infinity,-Infinity,-Infinity,-Infinity,-Infinity,-Infinity,-Infinity,-Infinity,-Infinity,-Infinity,-Infinity,-Infinity,-Infinity,-Infinity,-Infinity,-Infinity,-Infinity,-Infinity
"S81",-Infinity,-Infinity,-Infinity,-Infinity,-Infinity,-Infinity,-Infinity,-Infinity,-Infinity,-Infinity,-Infinity,-Infinity,-Infinity,-Infinity,-Infinity,-Infinity,-Infinity,-Infinity,-Infinity,-Infinity,-Infinity,-Infinity,-Infinity,-Infinity,-Infinity,-Infinity,-Infinity,-Infinity,-Infinity,-Infinity,-Infinity,-Infinity,-Infinity,-Infinity,-Infinity,-Infinity,-Infinity,-Infinity,-Infinity,-Infinity,-Infinity,-Infinity,-Infinity,-Infinity,-Infinity,-Infinity,-Infinity,-Infinity,-Infinity,-Infinity,-Infinity,-Infinity,-Infinity,-Infinity,-Infinity,-Infinity,-Infinity,-Infinity,-Infinity,-Infinity,-Infinity,-Infinity,-Infinity,-Infinity,-Infinity,-Infinity,-Infinity,-Infinity,-Infinity,-Infinity,-Infinity,-Infinity,-Infinity,-Infinity,-Infinity,-Infinity,-Infinity,-Infinity,-Infinity,-Infinity,-Infinity,-Infinity,-Infinity,-Infinity,-Infinity,-Infinity,-Infinity,-Infinity,-Infinity,-Infinity,-Infinity,-Infinity,-Infinity,-Infinity,-Infinity,-Infinity,-Infinity,-Infinity,-Infinity,-Infinity,-Infinity,-Infinity,-Infinity,-Infinity,-Infinity,-Infinity,-Infinity,-Infinity,-Infinity,-Infinity,-Infinity,-Infinity,-Infinity,-Infinity,-Infinity,-Infinity,-Infinity,-Infinity,-Infinity,-Infinity,-Infinity,-Infinity,-Infinity,-Infinity,-Infinity,-Infinity,-Infinity,-Infinity,-Infinity,-Infinity,-Infinity,-Infinity,-Infinity,-Infinity,-Infinity,-Infinity,-Infinity,-Infinity,-Infinity,-Infinity,-Infinity
"S82",-Infinity,-Infinity,-Infinity,-Infinity,-Infinity,-Infinity,-Infinity,-Infinity,-Infinity,-Infinity,-Infinity,-Infinity,-Infinity,-Infinity,-Infinity,-Infinity,-Infinity,-Infinity,-Infinity,-Infinity,-Infinity,-Infinity,-Infinity,-Infinity,-Infinity,-Infinity,-Infinity,-Infinity,-Infinity,-Infinity,-Infinity,-Infinity,-Infinity,-Infinity,-Infinity,-Infinity,-Infinity,-Infinity,-Infinity,-Infinity,-Infinity,-Infinity,-Infinity,-Infinity,-Infinity,-Infinity,-Infinity,-Infinity,-Infinity,-Infinity,-Infinity,-Infinity,-Infinity,-Infinity,-Infinity,-Infinity,-Infinity,-Infinity,-Infinity,-Infinity,-Infinity,-Infinity,-Infinity,-Infinity,-Infinity,-Infinity,-Infinity,-Infinity,-Infinity,-Infinity,-Infinity,-Infinity,-Infinity,-Infinity,-Infinity,-Infinity,-Infinity,-Infinity,-Infinity,-Infinity,-Infinity,-Infinity,-Infinity,-Infinity,-Infinity,-Infinity,-Infinity,-Infinity,-Infinity,-Infinity,-Infinity,-Infinity,-Infinity,-Infinity,-Infinity,-Infinity,-Infinity,-Infinity,-Infinity,-Infinity,-Infinity,-Infinity,-Infinity,-Infinity,-Infinity,-Infinity,-Infinity,-Infinity,-Infinity,-Infinity,-Infinity,-Infinity,-Infinity,-Infinity,-Infinity,-Infinity,-Infinity,-Infinity,-Infinity,-Infinity,-Infinity,-Infinity,-Infinity,-Infinity,-Infinity,-Infinity,-Infinity,-Infinity,-Infinity,-Infinity,-Infinity,-Infinity,-Infinity,-Infinity,-Infinity,-Infinity,-Infinity,-Infinity,-Infinity,-Infinity,-Infinity
"S83",-Infinity,-Infinity,-Infinity,-Infinity,-Infinity,-Infinity,-Infinity,-Infinity,-Infinity,-Infinity,-Infinity,-Infinity,-Infinity,-Infinity,-Infinity,-Infinity,-Infinity,-Infinity,-Infinity,-Infinity,-Infinity,-Infinity,-Infinity,-Infinity,-Infinity,-Infinity,-Infinity,-Infinity,-Infinity,-Infinity,-Infinity,-Infinity,-Infinity,-Infinity,-Infinity,-Infinity,-Infinity,-Infinity,-Infinity,-Infinity,-Infinity,-Infinity,-Infinity,-Infinity,-Infinity,-Infinity,-Infinity,-Infinity,-Infinity,-Infinity,-Infinity,-Infinity,-Infinity,-Infinity,-Infinity,-Infinity,-Infinity,-Infinity,-Infinity,-Infinity,-Infinity,-Infinity,-Infinity,-Infinity,-Infinity,-Infinity,-Infinity,-Infinity,-Infinity,-Infinity,-Infinity,-Infinity,-Infinity,-Infinity,-Infinity,-Infinity,-Infinity,-Infinity,-Infinity,-Infinity,-Infinity,-Infinity,-Infinity,-Infinity,-Infinity,-Infinity,-Infinity,-Infinity,-Infinity,-Infinity,-Infinity,-Infinity,-Infinity,-Infinity,-Infinity,-Infinity,-Infinity,-Infinity,-Infinity,-Infinity,-Infinity,-Infinity,-Infinity,-Infinity,-Infinity,-Infinity,-Infinity,-Infinity,-Infinity,-Infinity,-Infinity,-Infinity,-Infinity,-Infinity,-Infinity,-Infinity,-Infinity,-Infinity,-Infinity,-Infinity,-Infinity,-Infinity,-Infinity,-Infinity,-Infinity,-Infinity,-Infinity,-Infinity,-Infinity,-Infinity,-Infinity,-Infinity,-Infinity,-Infinity,-Infinity,-Infinity,-Infinity,-Infinity,-Infinity,-Infinity,-Infinity
"S84",-Infinity,-Infinity,-Infinity,-Infinity,-Infinity,-Infinity,-Infinity,-Infinity,-Infinity,-Infinity,-Infinity,-Infinity,-Infinity,-Infinity,-Infinity,-Infinity,-Infinity,-Infinity,-Infinity,-Infinity,-Infinity,-Infinity,-Infinity,-Infinity,-Infinity,-Infinity,-Infinity,-Infinity,-Infinity,-Infinity,-Infinity,-Infinity,-Infinity,-Infinity,-Infinity,-Infinity,-Infinity,-Infinity,-Infinity,-Infinity,-Infinity,-Infinity,-Infinity,-Infinity,-Infinity,-Infinity,-Infinity,-Infinity,-Infinity,-Infinity,-Infinity,-Infinity,-Infinity,-Infinity,-Infinity,-Infinity,-Infinity,-Infinity,-Infinity,-Infinity,-Infinity,-Infinity,-Infinity,-Infinity,-Infinity,-Infinity,-Infinity,-Infinity,-Infinity,-Infinity,-Infinity,-Infinity,-Infinity,-Infinity,-Infinity,-Infinity,-Infinity,-Infinity,-Infinity,-Infinity,-Infinity,-Infinity,-Infinity,-Infinity,-Infinity,-Infinity,-Infinity,-Infinity,-Infinity,-Infinity,-Infinity,-Infinity,-Infinity,-Infinity,-Infinity,-Infinity,-Infinity,-Infinity,-Infinity,-Infinity,-Infinity,-Infinity,-Infinity,-Infinity,-Infinity,-Infinity,-Infinity,-Infinity,-Infinity,-Infinity,-Infinity,-Infinity,-Infinity,-Infinity,-Infinity,-Infinity,-Infinity,-Infinity,-Infinity,-Infinity,-Infinity,-Infinity,-Infinity,-Infinity,-Infinity,-Infinity,-Infinity,-Infinity,-Infinity,-Infinity,-Infinity,-Infinity,-Infinity,-Infinity,-Infinity,-Infinity,-Infinity,-Infinity,-Infinity,-Infinity,-Infinity
"S85",-Infinity,-Infinity,-Infinity,-Infinity,-Infinity,-Infinity,-Infinity,-Infinity,-Infinity,-Infinity,-Infinity,-Infinity,-Infinity,-Infinity,-Infinity,-Infinity,-Infinity,-Infinity,-Infinity,-Infinity,-Infinity,-Infinity,-Infinity,-Infinity,-Infinity,-Infinity,-Infinity,-Infinity,-Infinity,-Infinity,-Infinity,-Infinity,-Infinity,-Infinity,-Infinity,-Infinity,-Infinity,-Infinity,-Infinity,-Infinity,-Infinity,-Infinity,-Infinity,-Infinity,-Infinity,-Infinity,-Infinity,-Infinity,-Infinity,-Infinity,-Infinity,-Infinity,-Infinity,-Infinity,-Infinity,-Infinity,-Infinity,-Infinity,-Infinity,-Infinity,-Infinity,-Infinity,-Infinity,-Infinity,-Infinity,-Infinity,-Infinity,-Infinity,-Infinity,-Infinity,-Infinity,-Infinity,-Infinity,-Infinity,-Infinity,-Infinity,-Infinity,-Infinity,-Infinity,-Infinity,-Infinity,-Infinity,-Infinity,-Infinity,-Infinity,-Infinity,-Infinity,-Infinity,-Infinity,-Infinity,-Infinity,-Infinity,-Infinity,-Infinity,-Infinity,-Infinity,-Infinity,-Infinity,-Infinity,-Infinity,-Infinity,-Infinity,-Infinity,-Infinity,-Infinity,-Infinity,-Infinity,-Infinity,-Infinity,-Infinity,-Infinity,-Infinity,-Infinity,-Infinity,-Infinity,-Infinity,-Infinity,-Infinity,-Infinity,-Infinity,-Infinity,-Infinity,-Infinity,-Infinity,-Infinity,-Infinity,-Infinity,-Infinity,-Infinity,-Infinity,-Infinity,-Infinity,-Infinity,-Infinity,-Infinity,-Infinity,-Infinity,-Infinity,-Infinity,-Infinity,-Infinity
"S86",-Infinity,-Infinity,-Infinity,-Infinity,-Infinity,-Infinity,-Infinity,-Infinity,-Infinity,-Infinity,-Infinity,-Infinity,-Infinity,-Infinity,-Infinity,-Infinity,-Infinity,-Infinity,-Infinity,-Infinity,-Infinity,-Infinity,-Infinity,-Infinity,-Infinity,-Infinity,-Infinity,-Infinity,-Infinity,-Infinity,-Infinity,-Infinity,-Infinity,-Infinity,-Infinity,-Infinity,-Infinity,-Infinity,-Infinity,-Infinity,-Infinity,-Infinity,-Infinity,-Infinity,-Infinity,-Infinity,-Infinity,-Infinity,-Infinity,-Infinity,-Infinity,-Infinity,-Infinity,-Infinity,-Infinity,-Infinity,-Infinity,-Infinity,-Infinity,-Infinity,-Infinity,-Infinity,-Infinity,-Infinity,-Infinity,-Infinity,-Infinity,-Infinity,-Infinity,-Infinity,-Infinity,-Infinity,-Infinity,-Infinity,-Infinity,-Infinity,-Infinity,-Infinity,-Infinity,-Infinity,-Infinity,-Infinity,-Infinity,-Infinity,-Infinity,-Infinity,-Infinity,-Infinity,-Infinity,-Infinity,-Infinity,-Infinity,-Infinity,-Infinity,-Infinity,-Infinity,-Infinity,-Infinity,-Infinity,-Infinity,-Infinity,-Infinity,-Infinity,-Infinity,-Infinity,-Infinity,-Infinity,-Infinity,-Infinity,-Infinity,-Infinity,-Infinity,-Infinity,-Infinity,-Infinity,-Infinity,-Infinity,-Infinity,-Infinity,-Infinity,-Infinity,-Infinity,-Infinity,-Infinity,-Infinity,-Infinity,-Infinity,-Infinity,-Infinity,-Infinity,-Infinity,-Infinity,-Infinity,-Infinity,-Infinity,-Infinity,-Infinity,-Infinity,-Infinity,-Infinity,-Infinity
"S87",-Infinity,-Infinity,-Infinity,-Infinity,-Infinity,-Infinity,-Infinity,-Infinity,-Infinity,-Infinity,-Infinity,-Infinity,-Infinity,-Infinity,-Infinity,-Infinity,-Infinity,-Infinity,-Infinity,-Infinity,-Infinity,-Infinity,-Infinity,-Infinity,-Infinity,-Infinity,-Infinity,-Infinity,-Infinity,-Infinity,-Infinity,-Infinity,-Infinity,-Infinity,-Infinity,-Infinity,-Infinity,-Infinity,-Infinity,-Infinity,-Infinity,-Infinity,-Infinity,-Infinity,-Infinity,-Infinity,-Infinity,-Infinity,-Infinity,-Infinity,-Infinity,-Infinity,-Infinity,-Infinity,-Infinity,-Infinity,-Infinity,-Infinity,-Infinity,-Infinity,-Infinity,-Infinity,-Infinity,-Infinity,-Infinity,-Infinity,-Infinity,-Infinity,-Infinity,-Infinity,-Infinity,-Infinity,-Infinity,-Infinity,-Infinity,-Infinity,-Infinity,-Infinity,-Infinity,-Infinity,-Infinity,-Infinity,-Infinity,-Infinity,-Infinity,-Infinity,-Infinity,-Infinity,-Infinity,-Infinity,-Infinity,-Infinity,-Infinity,-Infinity,-Infinity,-Infinity,-Infinity,-Infinity,-Infinity,-Infinity,-Infinity,-Infinity,-Infinity,-Infinity,-Infinity,-Infinity,-Infinity,-Infinity,-Infinity,-Infinity,-Infinity,-Infinity,-Infinity,-Infinity,-Infinity,-Infinity,-Infinity,-Infinity,-Infinity,-Infinity,-Infinity,-Infinity,-Infinity,-Infinity,-Infinity,-Infinity,-Infinity,-Infinity,-Infinity,-Infinity,-Infinity,-Infinity,-Infinity,-Infinity,-Infinity,-Infinity,-Infinity,-Infinity,-Infinity,-Infinity,-Infinity
"S88",-Infinity,-Infinity,-Infinity,-Infinity,-Infinity,-Infinity,-Infinity,-Infinity,-Infinity,-Infinity,-Infinity,-Infinity,-Infinity,-Infinity,-Infinity,-Infinity,-Infinity,-Infinity,-Infinity,-Infinity,-Infinity,-Infinity,-Infinity,-Infinity,-Infinity,-Infinity,-Infinity,-Infinity,-Infinity,-Infinity,-Infinity,-Infinity,-Infinity,-Infinity,-Infinity,-Infinity,-Infinity,-Infinity,-Infinity,-Infinity,-Infinity,-Infinity,-Infinity,-Infinity,-Infinity,-Infinity,-Infinity,-Infinity,-Infinity,-Infinity,-Infinity,-Infinity,-Infinity,-Infinity,-Infinity,-Infinity,-Infinity,-Infinity,-Infinity,-Infinity,-Infinity,-Infinity,-Infinity,-Infinity,-Infinity,-Infinity,-Infinity,-Infinity,-Infinity,-Infinity,-Infinity,-Infinity,-Infinity,-Infinity,-Infinity,-Infinity,-Infinity,-Infinity,-Infinity,-Infinity,-Infinity,-Infinity,-Infinity,-Infinity,-Infinity,-Infinity,-Infinity,-Infinity,-Infinity,-Infinity,-Infinity,-Infinity,-Infinity,-Infinity,-Infinity,-Infinity,-Infinity,-Infinity,-Infinity,-Infinity,-Infinity,-Infinity,-Infinity,-Infinity,-Infinity,-Infinity,-Infinity,-Infinity,-Infinity,-Infinity,-Infinity,-Infinity,-Infinity,-Infinity,-Infinity,-Infinity,-Infinity,-Infinity,-Infinity,-Infinity,-Infinity,-Infinity,-Infinity,-Infinity,-Infinity,-Infinity,-Infinity,-Infinity,-Infinity,-Infinity,-Infinity,-Infinity,-Infinity,-Infinity,-Infinity,-Infinity,-Infinity,-Infinity,-Infinity,-Infinity,-Infinity
"S89",-Infinity,-Infinity,-Infinity,-Infinity,-Infinity,-Infinity,-Infinity,-Infinity,-Infinity,-Infinity,-Infinity,-Infinity,-Infinity,-Infinity,-Infinity,-Infinity,-Infinity,-Infinity,-Infinity,-Infinity,-Infinity,-Infinity,-Infinity,-Infinity,-Infinity,-Infinity,-Infinity,-Infinity,-Infinity,-Infinity,-Infinity,-Infinity,-Infinity,-Infinity,-Infinity,-Infinity,-Infinity,-Infinity,-Infinity,-Infinity,-Infinity,-Infinity,-Infinity,-Infinity,-Infinity,-Infinity,-Infinity,-Infinity,-Infinity,-Infinity,-Infinity,-Infinity,-Infinity,-Infinity,-Infinity,-Infinity,-Infinity,-Infinity,-Infinity,-Infinity,-Infinity,-Infinity,-Infinity,-Infinity,-Infinity,-Infinity,-Infinity,-Infinity,-Infinity,-Infinity,-Infinity,-Infinity,-Infinity,-Infinity,-Infinity,-Infinity,-Infinity,-Infinity,-Infinity,-Infinity,-Infinity,-Infinity,-Infinity,-Infinity,-Infinity,-Infinity,-Infinity,-Infinity,-Infinity,-Infinity,-Infinity,-Infinity,-Infinity,-Infinity,-Infinity,-Infinity,-Infinity,-Infinity,-Infinity,-Infinity,-Infinity,-Infinity,-Infinity,-Infinity,-Infinity,-Infinity,-Infinity,-Infinity,-Infinity,-Infinity,-Infinity,-Infinity,-Infinity,-Infinity,-Infinity,-Infinity,-Infinity,-Infinity,-Infinity,-Infinity,-Infinity,-Infinity,-Infinity,-Infinity,-Infinity,-Infinity,-Infinity,-Infinity,-Infinity,-Infinity,-Infinity,-Infinity,-Infinity,-Infinity,-Infinity,-Infinity,-Infinity,-Infinity,-Infinity,-Infinity,-Infinity
"S90",-Infinity,-Infinity,-Infinity,-Infinity,-Infinity,-Infinity,-Infinity,-Infinity,-Infinity,-Infinity,-Infinity,-Infinity,-Infinity,-Infinity,-Infinity,-Infinity,-Infinity,-Infinity,-Infinity,-Infinity,-Infinity,-Infinity,-Infinity,-Infinity,-Infinity,-Infinity,-Infinity,-Infinity,-Infinity,-Infinity,-Infinity,-Infinity,-Infinity,-Infinity,-Infinity,-Infinity,-Infinity,-Infinity,-Infinity,-Infinity,-Infinity,-Infinity,-Infinity,-Infinity,-Infinity,-Infinity,-Infinity,-Infinity,-Infinity,-Infinity,-Infinity,-Infinity,-Infinity,-Infinity,-Infinity,-Infinity,-Infinity,-Infinity,-Infinity,-Infinity,-Infinity,-Infinity,-Infinity,-Infinity,-Infinity,-Infinity,-Infinity,-Infinity,-Infinity,-Infinity,-Infinity,-Infinity,-Infinity,-Infinity,-Infinity,-Infinity,-Infinity,-Infinity,-Infinity,-Infinity,-Infinity,-Infinity,-Infinity,-Infinity,-Infinity,-Infinity,-Infinity,-Infinity,-Infinity,-Infinity,-Infinity,-Infinity,-Infinity,-Infinity,-Infinity,-Infinity,-Infinity,-Infinity,-Infinity,-Infinity,-Infinity,-Infinity,-Infinity,-Infinity,-Infinity,-Infinity,-Infinity,-Infinity,-Infinity,-Infinity,-Infinity,-Infinity,-Infinity,-Infinity,-Infinity,-Infinity,-Infinity,-Infinity,-Infinity,-Infinity,-Infinity,-Infinity,-Infinity,-Infinity,-Infinity,-Infinity,-Infinity,-Infinity,-Infinity,-Infinity,-Infinity,-Infinity,-Infinity,-Infinity,-Infinity,-Infinity,-Infinity,-Infinity,-Infinity,-Infinity,-Infinity
"S91",-Infinity,-Infinity,-Infinity,-Infinity,-Infinity,-Infinity,-Infinity,-Infinity,-Infinity,-Infinity,-Infinity,-Infinity,-Infinity,-Infinity,-Infinity,-Infinity,-Infinity,-Infinity,-Infinity,-Infinity,-Infinity,-Infinity,-Infinity,-Infinity,-Infinity,-Infinity,-Infinity,-Infinity,-Infinity,-Infinity,-Infinity,-Infinity,-Infinity,-Infinity,-Infinity,-Infinity,-Infinity,-Infinity,-Infinity,-Infinity,-Infinity,-Infinity,-Infinity,-Infinity,-Infinity,-Infinity,-Infinity,-Infinity,-Infinity,-Infinity,-Infinity,-Infinity,-Infinity,-Infinity,-Infinity,-Infinity,-Infinity,-Infinity,-Infinity,-Infinity,-Infinity,-Infinity,-Infinity,-Infinity,-Infinity,-Infinity,-Infinity,-Infinity,-Infinity,-Infinity,-Infinity,-Infinity,-Infinity,-Infinity,-Infinity,-Infinity,-Infinity,-Infinity,-Infinity,-Infinity,-Infinity,-Infinity,-Infinity,-Infinity,-Infinity,-Infinity,-Infinity,-Infinity,-Infinity,-Infinity,-Infinity,-Infinity,-Infinity,-Infinity,-Infinity,-Infinity,-Infinity,-Infinity,-Infinity,-Infinity,-Infinity,-Infinity,-Infinity,-Infinity,-Infinity,-Infinity,-Infinity,-Infinity,-Infinity,-Infinity,-Infinity,-Infinity,-Infinity,-Infinity,-Infinity,-Infinity,-Infinity,-Infinity,-Infinity,-Infinity,-Infinity,-Infinity,-Infinity,-Infinity,-Infinity,-Infinity,-Infinity,-Infinity,-Infinity,-Infinity,-Infinity,-Infinity,-Infinity,-Infinity,-Infinity,-Infinity,-Infinity,-Infinity,-Infinity,-Infinity,-Infinity
"S92",-180.27459716796875,-138.083740234375,-81.4693603515625,-61.6102294921875,-72.08001708984375,-34.89324951171875,-77.2830810546875,-70.185791015625,-27.79876708984375,-7.384490966796875,28.725830078125,68.1383056640625,-3.0574951171875,63.764923095703125,2.326446533203125,51.804656982421875,84.63641357421875,80.17523193359375,125.74700927734375,145.28372192382812,142.38357543945312,151.34872436523438,147.29412841796875,141.81063842773438,167.76358032226562,155.111328125,172.44915771484375,180.4002685546875,199.389404296875,198.197998046875,184.48220825195312,187.00079345703125,181.06979370117188,176.259765625,186.25921630859375,152.185302734375,158.96209716796875,146.92022705078125,139.16400146484375,135.92315673828125,88.55496215820312,69.537841796875,47.7939453125,26.1239013671875,-87.2249755859375,-108.5455322265625,-155.49530029296875,-380.712158203125,-479.4381103515625,-564.3758544921875,-649.7911376953125,-754.1422119140625,-911.0042724609375,-867.3983154296875,-1012.0791015625,-1042.7265625,-1057.259033203125,-1036.6258544921875,-1122.7861328125,-1180.521728515625,-1264.6683349609375,-1274.0108642578125,-1336.154541015625,-1343.18017578125,-1498.7596435546875,-1420.3831787109375,-1459.0849609375,-1384.4967041015625,-1433.27294921875,-1490.593017578125,-1500.9598388671875,-1453.9595947265625,-1465.8907470703125,-1424.003662109375,-1518.2691650390625,-1612.2763671875,-1547.4234619140625,-1440.041259765625,-1362.28857421875,-1334.1214599609375,-1441.845703125,-1431.6102294921875,-1342.421875,-1205.3929443359375,-1264.2469482421875,-1198.05712890625,-1257.5594482421875,-1202.2818603515625,-1125.4052734375,-1193.4080810546875,-1150.98681640625,-1161.0135498046875,-1232.123046875,-1290.626708984375,-1228.414306640625,-1218.525390625,-1228.757568359375,-1239.829833984375,-1165.8065185546875,-1256.119384765625,-1116.3128662109375,-1050.3909912109375,-1218.70654296875,-1208.0972900390625,-1199.93701171875,-1164.9229736328125,-1316.7198486328125,-1393.5067138671875,-1315.2080078125,-1264.35888671875,-1192.1890869140625,-1254.5765380859375,-1253.2608642578125,-1251.661865234375,-1210.572998046875,-1154.7119140625,-1264.7196044921875,-1222.4066162109375,-1219.149169921875,-1150.0750732421875,-1118.25146484375,-1171.583251953125,-905.3616943359375,-852.1021728515625,-752.460205078125,-687.171875,-679.2586669921875,-638.6571044921875,-571.5947265625,-610.095458984375,-556.384521484375,-510.9415283203125,-490.3565673828125,-491.3565673828125,-383.11767578125,-356.498779296875,-444.225341796875,-418.18951416015625,-325.072509765625,-356.9996337890625,-452.6253662109375
"S93",27.7806396484375,45.24932861328125,50.9305419921875,51.503662109375,36.732421875,66.40921020507812,36.5062255859375,48.184600830078125,140.30355834960938,177.1729736328125,182.43777465820312,186.61306762695312,134.31448364257812,221.1453857421875,151.3326416015625,203.97702026367188,222.06100463867188,204.85223388671875,219.79367065429688,245.26637268066406,238.7281494140625,259.0015106201172,262.065185546875,253.5836944580078,274.1599884033203,266.74884033203125,270.6698455810547,276.7397155761719,278.0279846191406,273.8177795410156,264.66810607910156,267.7427215576172,256.1805114746094,260.8104553222656,259.7812042236328,236.27197265625,246.25035095214844,226.84255981445312,222.11346435546875,219.48233032226562,163.94723510742188,170.08621215820312,151.47225952148438,104.87307739257812,46.920196533203125,-19.71038818359375,-104.79986572265625,-280.09283447265625,-418.51739501953125,-519.4740600585938,-514.672119140625,-1220.2518310546875,-1957.3017578125,-1850.388916015625,-1681.23291015625,-1818.756103515625,-2166.847412109375,-2467.6328125,-2123.921875,-2599.4482421875,-2639.248779296875,-2966.179931640625,-3264.55859375,-2937.724609375,-3379.171875,-3658.55322265625,-2741.51806640625,-2837.46728515625,-2532.91845703125,-2840.0830078125,-3138.702392578125,-2988.5576171875,-3008.6484375,-3266.890869140625,-2666.798828125,-2683.06982421875,-2881.584228515625,-3015.354248046875,-3078.63720703125,-2650.73681640625,-2992.70947265625,-3436.323486328125,-3785.6943359375,-3712.12353515625,-3651.5029296875,-2863.3115234375,-3338.002197265625,-3323.219482421875,-3289.868408203125,-3595.2802734375,-3296.558349609375,-3020.40771484375,-3136.89013671875,-3477.8447265625,-3221.262451171875,-3861.1796875,-3977.6435546875,-3398.57861328125,-3560.60888671875,-3227.900390625,-2797.9208984375,-2951.93115234375,-3386.446044921875,-3356.869384765625,-3204.81640625,-3258.73193359375,-3380.991455078125,-3682.53955078125,-2745.673828125,-2861.9794921875,-2697.07177734375,-2609.516357421875,-2489.3408203125,-2034.332275390625,-1801.758544921875,-1509.1646728515625,-1615.704345703125,-1620.437255859375,-1463.7554931640625,-1126.9627685546875,-1071.1622314453125,-1153.151123046875,-739.0335693359375,-685.923095703125,-692.7169189453125,-500.82843017578125,-550.8941650390625,-476.00970458984375,-344.9517822265625,-387.718505859375,-345.295654296875,-359.65057373046875,-392.07611083984375,-293.20770263671875,-178.35565185546875,-268.32958984375,-381.2003173828125,-217.70599365234375,-178.43341064453125,-257.65557861328125,-428.94085693359375
"S94",56.322174072265625,45.24932861328125,50.9305419921875,51.503662109375,43.4503173828125,100.95477294921875,102.47149658203125,134.58761596679688,140.30355834960938,177.1729736328125,189.75534057617188,203.00851440429688,213.12872314453125,221.1453857421875,205.51345825195312,244.3041534423828,222.06100463867188,204.85223388671875,219.79367065429688,245.26637268066406,244.59751892089844,264.6225128173828,265.6961364746094,263.8799591064453,274.1599884033203,271.60089111328125,281.0621643066406,277.06671142578125,283.97801208496094,280.9651794433594,258.2550811767578,269.9421691894531,261.9192810058594,281.1539764404297,275.4429931640625,259.3621368408203,248.9283447265625,249.40052795410156,272.61744689941406,250.61424255371094,193.72805786132812,220.87094116210938,198.28680419921875,179.804443359375,113.77633666992188,93.30078125,19.35205078125,-115.642822265625,-213.29833984375,-288.40753173828125,-530.612060546875,-700.7381591796875,-773.89453125,-828.593017578125,-702.95458984375,-771.29541015625,-991.3175048828125,-907.3116455078125,-706.649169921875,-888.10546875,-969.1239013671875,-1347.70556640625,-1548.544677734375,-1366.81005859375,-1381.363525390625,-1318.7083740234375,-1184.3475341796875,-1325.527099609375,-1111.4248046875,-1363.0313720703125,-1573.387451171875,-1317.79345703125,-1463.9503173828125,-1736.80126953125,-1421.32275390625,-1465.56005859375,-1324.4940185546875,-1302.6861572265625,-1583.527587890625,-1390.301025390625,-1575.00390625,-1535.929443359375,-1600.7265625,-1851.812255859375,-1996.380615234375,-1698.10498046875,-1797.553955078125,-1381.89892578125,-1489.8421630859375,-1336.349853515625,-1513.8895263671875,-1238.788330078125,-1186.5675048828125,-1207.2493896484375,-1424.4876708984375,-1703.351318359375,-1897.6025390625,-1561.271728515625,-1534.0343017578125,-1271.9024658203125,-1388.7060546875,-1259.4359130859375,-1509.1435546875,-1270.880615234375,-1479.4365234375,-1212.27978515625,-1439.3426513671875,-1687.3916015625,-1178.121826171875,-1226.156005859375,-1223.874755859375,-878.407958984375,-867.1695556640625,-1029.752685546875,-795.1253662109375,-777.293212890625,-681.9349365234375,-824.4266357421875,-981.8233642578125,-555.1014404296875,-523.6378173828125,-575.9871826171875,-400.7347412109375,-524.73193359375,-300.78167724609375,-329.84539794921875,-451.8133544921875,-334.8492431640625,-285.83856201171875,-295.97210693359375,-249.43304443359375,-317.82012939453125,-171.09912109375,-212.01397705078125,-121.287109375,-338.00714111328125,-322.09405517578125,-300.7125244140625,-103.04022216796875,-210.50732421875,-654.7139892578125
"S95",-22.66424560546875,-21.25213623046875,-29.825439453125,59.61163330078125,-30.053466796875,-1.364715576171875,43.732391357421875,71.02059936523438,74.94790649414062,117.83282470703125,78.2628173828125,168.1173095703125,177.01962280273438,160.55810546875,144.66464233398438,223.85845947265625,-9.6209716796875,34.2718505859375,-75.5906982421875,193.67562866210938,78.40048217773438,258.9758605957031,242.9622802734375,231.58572387695312,260.8340301513672,240.87405395507812,235.06671142578125,291.8180847167969,258.4308319091797,242.110595703125,260.8184509277344,235.40866088867188,240.75689697265625,280.80833435058594,248.24160766601562,267.39720153808594,284.3224639892578,221.25772094726562,247.44424438476562,236.17584228515625,194.55435180664062,226.98681640625,201.26226806640625,173.51885986328125,151.46170043945312,190.33087158203125,76.53652954101562,4.1082763671875,18.18994140625,-40.16156005859375,-78.9075927734375,-322.21881103515625,-187.2794189453125,-191.26068115234375,-140.73419189453125,-128.4400634765625,-203.42486572265625,-166.70379638671875,-438.09588623046875,-434.45660400390625,-247.7984619140625,-279.85595703125,-340.48388671875,-308.4752197265625,-300.45135498046875,-261.142333984375,-164.42926025390625,-191.36761474609375,-207.6119384765625,-163.1944580078125,-213.40576171875,-365.443115234375,-283.402099609375,-284.98699951171875,-341.36383056640625,-323.8883056640625,-465.440673828125,-360.168212890625,-365.87237548828125,-315.330810546875,-416.88812255859375,-308.4454345703125,-292.14886474609375,-377.38201904296875,-354.7174072265625,-351.36297607421875,-404.5992431640625,-321.7962646484375,-235.18084716796875,-296.842529296875,-421.48876953125,-313.21453857421875,-167.85162353515625,-191.79986572265625,-194.4071044921875,-247.86871337890625,-337.748291015625,-416.068603515625,-361.50872802734375,-242.33746337890625,-264.2413330078125,-199.239501953125,-210.8651123046875,-277.8485107421875,-328.84576416015625,-224.05224609375,-578.3916015625,-1387.986572265625,-827.08349609375,-411.948486328125,-225.4058837890625,-285.00396728515625,-273.45220947265625,-332.85333251953125,-339.56201171875,-481.2996826171875,-360.0968017578125,-249.0899658203125,-367.56744384765625,-210.73956298828125,-219.9844970703125,-395.63427734375,-177.2230224609375,-238.806884765625,-438.23699951171875,-214.04486083984375,-420.4071044921875,-317.43255615234375,-335.37823486328125,-178.83660888671875,-292.8270263671875,-231.15130615234375,-226.37432861328125,-296.76483154296875,-121.600830078125,-154.9814453125,-158.5604248046875,-345.9129638671875,-148.01593017578125,-102.701416015625,-269.70465087890625
"S96",-300.79632568359375,-157.73516845703125,-184.2197265625,-101.35400390625,-90.92962646484375,-16.8701171875,-213.3919677734375,-135.9481201171875,-87.18280029296875,-20.31976318359375,-46.54949951171875,64.7794189453125,77.05966186523438,85.48095703125,78.24090576171875,118.46859741210938,77.88323974609375,134.39227294921875,126.85354614257812,113.97979736328125,143.1077880859375,135.4146728515625,132.2872314453125,159.80557250976562,179.1456298828125,168.96011352539062,211.95001220703125,212.28372192382812,195.20883178710938,208.70480346679688,207.67120361328125,172.61209106445312,178.64627075195312,232.99215698242188,218.64483642578125,227.40658569335938,244.25198364257812,214.52728271484375,220.56951904296875,181.5794677734375,174.94683837890625,184.27261352539062,101.75338745117188,21.282867431640625,16.137115478515625,60.08673095703125,-50.85028076171875,-69.80963134765625,-98.14544677734375,-196.5665283203125,-253.27215576171875,-503.447998046875,-339.37030029296875,-365.3155517578125,-337.8458251953125,-299.51263427734375,-421.6571044921875,-311.35260009765625,-257.6922607421875,-274.16204833984375,-294.25555419921875,-292.3172607421875,-321.43939208984375,-393.17254638671875,-302.986572265625,-386.77069091796875,-321.51239013671875,-352.962646484375,-358.72833251953125,-299.05975341796875,-229.08099365234375,-267.18182373046875,-306.35931396484375,-342.1309814453125,-462.54302978515625,-427.1136474609375,-360.2978515625,-389.5501708984375,-614.4329833984375,-430.82867431640625,-611.2520751953125,-384.07781982421875,-298.08697509765625,-415.56329345703125,-484.63653564453125,-412.2403564453125,-595.5184326171875,-462.23077392578125,-264.363525390625,-351.89910888671875,-457.84967041015625,-277.7081298828125,-299.8883056640625,-307.788330078125,-407.1328125,-409.89959716796875,-513.5076293945312,-721.9932861328125,-565.2279052734375,-359.75286865234375,-447.62152099609375,-334.30902099609375,-372.93463134765625,-451.9329833984375,-410.47296142578125,-523.6300048828125,-741.5672607421875,-2183.60302734375,-1373.7998046875,-520.53564453125,-529.27294921875,-512.2559204101562,-553.70947265625,-597.8870849609375,-648.0943603515625,-791.5926513671875,-744.7635498046875,-581.2276611328125,-692.7611083984375,-547.9351806640625,-635.8406982421875,-690.0408935546875,-535.4117431640625,-595.140625,-702.6392822265625,-649.2811279296875,-653.0950927734375,-656.6229248046875,-617.5125732421875,-732.75244140625,-614.5069580078125,-561.5250244140625,-485.675537109375,-655.880615234375,-524.3502197265625,-508.70306396484375,-589.5911865234375,-1067.3187255859375,-488.0450439453125,-473.0574951171875,-569.5692138671875
"S97",79.55276489257812,189.0709228515625,247.27435302734375,221.41702270507812,215.21786499023438,257.2772674560547,266.96595764160156,202.18667602539062,248.46792602539062,228.14181518554688,250.0552520751953,234.02883911132812,240.33505249023438,261.9379425048828,241.4915771484375,264.6674499511719,264.2965087890625,238.91265869140625,276.4855651855469,277.76548767089844,279.67893981933594,286.1128845214844,291.27516174316406,299.69671630859375,322.3312225341797,321.8972473144531,327.7098693847656,334.13648986816406,330.30665588378906,342.7394714355469,313.6944122314453,347.04380798339844,335.78907775878906,346.3775177001953,336.8146209716797,340.64439392089844,345.9932861328125,342.1576232910156,323.5733337402344,337.7359313964844,327.68414306640625,289.48358154296875,312.7088928222656,276.13670349121094,269.74183654785156,267.33485412597656,240.46109008789062,155.91934204101562,198.407470703125,187.34188842773438,72.99609375,118.80722045898438,153.35391235351562,-100.5106201171875,141.1246337890625,132.13522338867188,17.653839111328125,145.71490478515625,129.1329345703125,97.96133422851562,98.4188232421875,80.14883422851562,61.803741455078125,65.19873046875,59.95989990234375,41.734832763671875,19.60052490234375,28.97637939453125,41.7496337890625,49.510528564453125,46.659820556640625,75.63726806640625,75.68316650390625,95.05654907226562,89.34359741210938,102.44796752929688,113.86508178710938,80.98208618164062,71.3740234375,37.76348876953125,40.22052001953125,125.18032836914062,-0.146087646484375,19.50384521484375,74.53472900390625,-78.0296630859375,59.250762939453125,131.72296142578125,155.07711791992188,145.07440185546875,130.99142456054688,136.12457275390625,162.29931640625,144.09762573242188,165.80569458007812,185.23373413085938,153.4034423828125,139.849365234375,89.60079956054688,104.84042358398438,122.14999389648438,38.8677978515625,127.76473999023438,69.65716552734375,41.243408203125,93.15478515625,113.84707641601562,74.69473266601562,71.86080932617188,71.24697875976562,67.1043701171875,113.64535522460938,99.94345092773438,26.712982177734375,-50.39556884765625,-176.1199951171875,44.659881591796875,37.270416259765625,-136.9027099609375,-185.5313720703125,-32.53802490234375,-64.3828125,19.673675537109375,1.936248779296875,-76.70111083984375,-76.77215576171875,-245.564208984375,24.110260009765625,50.4603271484375,-12.888916015625,-10.41387939453125,10.89166259765625,59.7940673828125,-24.6060791015625,63.995941162109375,64.94943237304688,18.366485595703125,124.13949584960938,99.04107666015625,-16.2869873046875,113.97573852539062
"S98",395.0292663574219,380.9401626586914,371.3263702392578,395.2999725341797,402.7635726928711,403.9500732421875,398.00984954833984,385.61685943603516,389.06400299072266,405.14105224609375,413.1498260498047,415.2387390136719,428.50655364990234,410.23165130615234,393.7861099243164,383.8456268310547,388.41734313964844,404.89945220947266,410.8926544189453,418.50038146972656,410.88187408447266,422.99308013916016,393.8244323730469,436.2710494995117,428.43939208984375,419.1007843017578,443.1763229370117,421.5807800292969,432.2261734008789,436.47513580322266,429.74039459228516,431.6327438354492,425.17562103271484,427.9828796386719,419.99853515625,441.4815864562988,428.42249298095703,425.36302185058594,406.8838806152344,422.93370819091797,393.6789016723633,399.7889709472656,374.3510437011719,361.82716369628906,310.38047790527344,300.2590637207031,278.73687744140625,278.2905578613281,279.04833984375,247.0244598388672,213.89068603515625,183.90692138671875,144.84967041015625,155.604736328125,142.66250610351562,132.13522338867188,117.18179321289062,145.71490478515625,140.03598022460938,97.96133422851562,76.54519653320312,55.784820556640625,74.11083984375,65.19873046875,59.95989990234375,41.734832763671875,19.60052490234375,28.97637939453125,41.7496337890625,49.510528564453125,46.659820556640625,75.63726806640625,75.68316650390625,95.05654907226562,89.34359741210938,102.44796752929688,60.200836181640625,65.18841552734375,31.032073974609375,102.05294799804688,43.544097900390625,81.4058837890625,73.74264526367188,81.37753295898438,101.16879272460938,16.10809326171875,128.09051513671875,88.7159423828125,92.51251220703125,110.86935424804688,98.8895263671875,96.74981689453125,122.01092529296875,149.89614868164062,136.18246459960938,130.75079345703125,125.43911743164062,72.11819458007812,59.9052734375,117.660888671875,109.9013671875,149.58737182617188,31.526092529296875,102.05636596679688,105.71395874023438,99.12057495117188,61.46209716796875,142.74490356445312,97.16339111328125,40.805999755859375,37.93548583984375,77.25729370117188,2.957122802734375,17.956878662109375,46.53765869140625,-58.46502685546875,37.8021240234375,91.89450073242188,46.26971435546875,148.89871215820312,94.64627075195312,105.46575927734375,122.90350341796875,127.0599365234375,104.982666015625,151.86471557617188,154.71060180664062,185.46463012695312,237.70571899414062,219.74102783203125,213.67913818359375,192.360595703125,233.69403076171875,188.21170043945312,261.6230926513672,243.08377075195312,220.469970703125,250.46266174316406,286.96922302246094,247.560791015625,332.111328125
"S99",438.35919189453125,435.4113998413086,441.45470428466797,431.2692642211914,440.9595489501953,446.06080627441406,448.9515609741211,450.7283058166504,451.1120910644531,451.3289909362793,449.8269462585449,447.8181571960449,457.5939064025879,451.99658203125,449.29244232177734,451.9148864746094,454.53647232055664,458.0967712402344,456.8943786621094,459.15182876586914,453.8373107910156,457.8235740661621,452.39232635498047,461.1790008544922,462.389404296875,458.5275573730469,455.86861419677734,458.41240310668945,457.84861755371094,457.8288345336914,459.9861488342285,455.21666717529297,453.19015884399414,458.3624496459961,459.98833084106445,454.62045669555664,448.14969635009766,455.3897819519043,447.71556091308594,450.0655174255371,444.94704818725586,438.31611251831055,429.66910552978516,411.67293548583984,389.93868255615234,375.89422607421875,357.53990173339844,324.67578125,281.2540283203125,252.2440185546875,239.02194213867188,236.14871215820312,198.0157470703125,155.604736328125,142.66250610351562,132.13522338867188,117.18179321289062,145.71490478515625,140.03598022460938,97.96133422851562,98.4188232421875,80.14883422851562,74.11083984375,65.19873046875,59.95989990234375,41.734832763671875,19.60052490234375,28.97637939453125,41.7496337890625,49.510528564453125,46.659820556640625,75.63726806640625,75.68316650390625,95.05654907226562,89.34359741210938,102.44796752929688,113.86508178710938,80.98208618164062,79.90203857421875,102.05294799804688,83.42816162109375,125.18032836914062,109.25161743164062,113.67770385742188,101.16879272460938,121.87445068359375,131.55657958984375,151.11514282226562,169.82418823242188,145.07440185546875,135.86480712890625,161.0853271484375,189.13656616210938,181.85528564453125,206.47442626953125,200.244384765625,205.52127075195312,188.56845092773438,200.22061157226562,214.07852172851562,240.18038940429688,240.49237060546875,220.796875,218.15896606445312,217.54269409179688,242.23416137695312,251.12600708007812,256.97499084472656,264.0966796875,282.0719909667969,295.8576354980469,320.9771270751953,322.0504913330078,313.1627502441406,323.2178192138672,332.59539794921875,320.4221496582031,337.4663543701172,331.26365661621094,343.0764465332031,324.9709167480469,341.2525329589844,363.91554260253906,359.32093811035156,347.4837341308594,358.398681640625,356.435302734375,364.2697448730469,383.9082489013672,369.99395751953125,376.5718002319336,379.7793884277344,386.82010650634766,375.6096649169922,391.6842727661133,393.33641052246094,397.3307876586914,403.1501770019531,400.4637908935547,399.38755798339844,419.4660110473633
"S100",410.6805953979492,405.62899017333984,420.43555450439453,429.8223190307617,432.0284118652344,433.0543746948242,437.2910385131836,435.70751953125,444.20572662353516,444.6535835266113,444.7553176879883,445.005916595459,451.2335548400879,444.8661193847656,438.16759490966797,442.84546661376953,453.85641860961914,454.63210678100586,450.17687225341797,453.59690856933594,447.8346290588379,450.4010353088379,443.5403633117676,452.8372917175293,453.9956703186035,454.5324592590332,450.67947006225586,454.3828315734863,452.41373443603516,451.7223587036133,452.9166450500488,447.42180252075195,447.5002212524414,449.0578308105469,447.4002685546875,447.14537048339844,441.8615303039551,437.29108810424805,438.60809326171875,430.71575927734375,417.8877639770508,412.3518753051758,409.49806213378906,398.8168029785156,382.4388885498047,375.89422607421875,357.53990173339844,324.67578125,281.2540283203125,252.2440185546875,239.02194213867188,236.14871215820312,198.0157470703125,155.604736328125,142.66250610351562,132.13522338867188,117.18179321289062,145.71490478515625,140.03598022460938,97.96133422851562,98.4188232421875,80.14883422851562,74.11083984375,65.19873046875,59.95989990234375,41.734832763671875,19.60052490234375,28.97637939453125,41.7496337890625,49.510528564453125,46.659820556640625,75.63726806640625,75.68316650390625,95.05654907226562,89.34359741210938,102.44796752929688,113.86508178710938,80.98208618164062,79.90203857421875,102.05294799804688,83.42816162109375,125.18032836914062,109.25161743164062,113.67770385742188,101.16879272460938,121.87445068359375,131.55657958984375,151.11514282226562,169.82418823242188,145.07440185546875,135.86480712890625,161.0853271484375,189.13656616210938,181.85528564453125,206.47442626953125,200.244384765625,205.52127075195312,188.56845092773438,200.22061157226562,214.07852172851562,240.18038940429688,240.49237060546875,220.796875,218.15896606445312,217.54269409179688,242.23416137695312,234.23135375976562,256.97499084472656,264.0966796875,282.0719909667969,295.8576354980469,291.7478790283203,274.86871337890625,283.20631408691406,269.7007598876953,288.7150421142578,271.91143798828125,300.5938262939453,308.6690979003906,303.0461730957031,296.7134094238281,316.5228271484375,304.72015380859375,311.7303466796875,327.49217224121094,336.3135986328125,345.9078063964844,337.02740478515625,352.00535583496094,368.3109130859375,358.1360778808594,358.4356689453125,369.19737243652344,362.87660217285156,363.0431671142578,364.5942687988281,372.61863708496094,363.08897399902344,370.5665588378906,369.1143798828125,376.18460845947266
"S101",-Infinity,-Infinity,-Infinity,-Infinity,-Infinity,-Infinity,-Infinity,-Infinity,-Infinity,-Infinity,-Infinity,-Infinity,-Infinity,-Infinity,-Infinity,-Infinity,-Infinity,-Infinity,-Infinity,-Infinity,-Infinity,-Infinity,-Infinity,-Infinity,-Infinity,-Infinity,-Infinity,-Infinity,-Infinity,-Infinity,-Infinity,-Infinity,-Infinity,-Infinity,-Infinity,-Infinity,-Infinity,-Infinity,-Infinity,-Infinity,-Infinity,-Infinity,-Infinity,-Infinity,-Infinity,-Infinity,-Infinity,-Infinity,-Infinity,-Infinity,-Infinity,-Infinity,-Infinity,-Infinity,-Infinity,-Infinity,-Infinity,-Infinity,-Infinity,-Infinity,-Infinity,-Infinity,-Infinity,-Infinity,-Infinity,-Infinity,-Infinity,-Infinity,-Infinity,-Infinity,-Infinity,-Infinity,-Infinity,-Infinity,-Infinity,-Infinity,-Infinity,-Infinity,-Infinity,-Infinity,-Infinity,-Infinity,-Infinity,-Infinity,-Infinity,-Infinity,-Infinity,-Infinity,-Infinity,-Infinity,-Infinity,-Infinity,-Infinity,-Infinity,-Infinity,-Infinity,-Infinity,-Infinity,-Infinity,-Infinity,-Infinity,-Infinity,-Infinity,-Infinity,-Infinity,-Infinity,-Infinity,-Infinity,-Infinity,-Infinity,-Infinity,-Infinity,-Infinity,-Infinity,-Infinity,-Infinity,-Infinity,-Infinity,-Infinity,-Infinity,-Infinity,-Infinity,-Infinity,-Infinity,-Infinity,-Infinity,-Infinity,-Infinity,-Infinity,-Infinity,-Infinity,-Infinity,-Infinity,-Infinity,-Infinity,-Infinity,-Infinity,-Infinity,-Infinity,-Infinity,-Infinity
"S102",-Infinity,-Infinity,-Infinity,-Infinity,-Infinity,-Infinity,-Infinity,-Infinity,-Infinity,-Infinity,-Infinity,-Infinity,-Infinity,-Infinity,-Infinity,-Infinity,-Infinity,-Infinity,-Infinity,-Infinity,-Infinity,-Infinity,-Infinity,-Infinity,-Infinity,-Infinity,-Infinity,-Infinity,-Infinity,-Infinity,-Infinity,-Infinity,-Infinity,-Infinity,-Infinity,-Infinity,-Infinity,-Infinity,-Infinity,-Infinity,-Infinity,-Infinity,-Infinity,-Infinity,-Infinity,-Infinity,-Infinity,-Infinity,-Infinity,-Infinity,-Infinity,-Infinity,-Infinity,-Infinity,-Infinity,-Infinity,-Infinity,-Infinity,-Infinity,-Infinity,-Infinity,-Infinity,-Infinity,-Infinity,-Infinity,-Infinity,-Infinity,-Infinity,-Infinity,-Infinity,-Infinity,-Infinity,-Infinity,-Infinity,-Infinity,-Infinity,-Infinity,-Infinity,-Infinity,-Infinity,-Infinity,-Infinity,-Infinity,-Infinity,-Infinity,-Infinity,-Infinity,-Infinity,-Infinity,-Infinity,-Infinity,-Infinity,-Infinity,-Infinity,-Infinity,-Infinity,-Infinity,-Infinity,-Infinity,-Infinity,-Infinity,-Infinity,-Infinity,-Infinity,-Infinity,-Infinity,-Infinity,-Infinity,-Infinity,-Infinity,-Infinity,-Infinity,-Infinity,-Infinity,-Infinity,-Infinity,-Infinity,-Infinity,-Infinity,-Infinity,-Infinity,-Infinity,-Infinity,-Infinity,-Infinity,-Infinity,-Infinity,-Infinity,-Infinity,-Infinity,-Infinity,-Infinity,-Infinity,-Infinity,-Infinity,-Infinity,-Infinity,-Infinity,-Infinity,-Infinity,-Infinity
"S103",-Infinity,-Infinity,-Infinity,-Infinity,-Infinity,-Infinity,-Infinity,-Infinity,-Infinity,-Infinity,-Infinity,-Infinity,-Infinity,-Infinity,-Infinity,-Infinity,-Infinity,-Infinity,-Infinity,-Infinity,-Infinity,-Infinity,-Infinity,-Infinity,-Infinity,-Infinity,-Infinity,-Infinity,-Infinity,-Infinity,-Infinity,-Infinity,-Infinity,-Infinity,-Infinity,-Infinity,-Infinity,-Infinity,-Infinity,-Infinity,-Infinity,-Infinity,-Infinity,-Infinity,-Infinity,-Infinity,-Infinity,-Infinity,-Infinity,-Infinity,-Infinity,-Infinity,-Infinity,-Infinity,-Infinity,-Infinity,-Infinity,-Infinity,-Infinity,-Infinity,-Infinity,-Infinity,-Infinity,-Infinity,-Infinity,-Infinity,-Infinity,-Infinity,-Infinity,-Infinity,-Infinity,-Infinity,-Infinity,-Infinity,-Infinity,-Infinity,-Infinity,-Infinity,-Infinity,-Infinity,-Infinity,-Infinity,-Infinity,-Infinity,-Infinity,-Infinity,-Infinity,-Infinity,-Infinity,-Infinity,-Infinity,-Infinity,-Infinity,-Infinity,-Infinity,-Infinity,-Infinity,-Infinity,-Infinity,-Infinity,-Infinity,-Infinity,-Infinity,-Infinity,-Infinity,-Infinity,-Infinity,-Infinity,-Infinity,-Infinity,-Infinity,-Infinity,-Infinity,-Infinity,-Infinity,-Infinity,-Infinity,-Infinity,-Infinity,-Infinity,-Infinity,-Infinity,-Infinity,-Infinity,-Infinity,-Infinity,-Infinity,-Infinity,-Infinity,-Infinity,-Infinity,-Infinity,-Infinity,-Infinity,-Infinity,-Infinity,-Infinity,-Infinity,-Infinity,-Infinity,-Infinity
"S104",-Infinity,-Infinity,-Infinity,-Infinity,-Infinity,-Infinity,-Infinity,-Infinity,-Infinity,-Infinity,-Infinity,-Infinity,-Infinity,-Infinity,-Infinity,-Infinity,-Infinity,-Infinity,-Infinity,-Infinity,-Infinity,-Infinity,-Infinity,-Infinity,-Infinity,-Infinity,-Infinity,-Infinity,-Infinity,-Infinity,-Infinity,-Infinity,-Infinity,-Infinity,-Infinity,-Infinity,-Infinity,-Infinity,-Infinity,-Infinity,-Infinity,-Infinity,-Infinity,-Infinity,-Infinity,-Infinity,-Infinity,-Infinity,-Infinity,-Infinity,-Infinity,-Infinity,-Infinity,-Infinity,-Infinity,-Infinity,-Infinity,-Infinity,-Infinity,-Infinity,-Infinity,-Infinity,-Infinity,-Infinity,-Infinity,-Infinity,-Infinity,-Infinity,-Infinity,-Infinity,-Infinity,-Infinity,-Infinity,-Infinity,-Infinity,-Infinity,-Infinity,-Infinity,-Infinity,-Infinity,-Infinity,-Infinity,-Infinity,-Infinity,-Infinity,-Infinity,-Infinity,-Infinity,-Infinity,-Infinity,-Infinity,-Infinity,-Infinity,-Infinity,-Infinity,-Infinity,-Infinity,-Infinity,-Infinity,-Infinity,-Infinity,-Infinity,-Infinity,-Infinity,-Infinity,-Infinity,-Infinity,-Infinity,-Infinity,-Infinity,-Infinity,-Infinity,-Infinity,-Infinity,-Infinity,-Infinity,-Infinity,-Infinity,-Infinity,-Infinity,-Infinity,-Infinity,-Infinity,-Infinity,-Infinity,-Infinity,-Infinity,-Infinity,-Infinity,-Infinity,-Infinity,-Infinity,-Infinity,-Infinity,-Infinity,-Infinity,-Infinity,-Infinity,-Infinity,-Infinity,-Infinity
"S105",-Infinity,-Infinity,-Infinity,-Infinity,-Infinity,-Infinity,-Infinity,-Infinity,-Infinity,-Infinity,-Infinity,-Infinity,-Infinity,-Infinity,-Infinity,-Infinity,-Infinity,-Infinity,-Infinity,-Infinity,-Infinity,-Infinity,-Infinity,-Infinity,-Infinity,-Infinity,-Infinity,-Infinity,-Infinity,-Infinity,-Infinity,-Infinity,-Infinity,-Infinity,-Infinity,-Infinity,-Infinity,-Infinity,-Infinity,-Infinity,-Infinity,-Infinity,-Infinity,-Infinity,-Infinity,-Infinity,-Infinity,-Infinity,-Infinity,-Infinity,-Infinity,-Infinity,-Infinity,-Infinity,-Infinity,-Infinity,-Infinity,-Infinity,-Infinity,-Infinity,-Infinity,-Infinity,-Infinity,-Infinity,-Infinity,-Infinity,-Infinity,-Infinity,-Infinity,-Infinity,-Infinity,-Infinity,-Infinity,-Infinity,-Infinity,-Infinity,-Infinity,-Infinity,-Infinity,-Infinity,-Infinity,-Infinity,-Infinity,-Infinity,-Infinity,-Infinity,-Infinity,-Infinity,-Infinity,-Infinity,-Infinity,-Infinity,-Infinity,-Infinity,-Infinity,-Infinity,-Infinity,-Infinity,-Infinity,-Infinity,-Infinity,-Infinity,-Infinity,-Infinity,-Infinity,-Infinity,-Infinity,-Infinity,-Infinity,-Infinity,-Infinity,-Infinity,-Infinity,-Infinity,-Infinity,-Infinity,-Infinity,-Infinity,-Infinity,-Infinity,-Infinity,-Infinity,-Infinity,-Infinity,-Infinity,-Infinity,-Infinity,-Infinity,-Infinity,-Infinity,-Infinity,-Infinity,-Infinity,-Infinity,-Infinity,-Infinity,-Infinity,-Infinity,-Infinity,-Infinity,-Infinity
"S106",-Infinity,-Infinity,-Infinity,-Infinity,-Infinity,-Infinity,-Infinity,-Infinity,-Infinity,-Infinity,-Infinity,-Infinity,-Infinity,-Infinity,-Infinity,-Infinity,-Infinity,-Infinity,-Infinity,-Infinity,-Infinity,-Infinity,-Infinity,-Infinity,-Infinity,-Infinity,-Infinity,-Infinity,-Infinity,-Infinity,-Infinity,-Infinity,-Infinity,-Infinity,-Infinity,-Infinity,-Infinity,-Infinity,-Infinity,-Infinity,-Infinity,-Infinity,-Infinity,-Infinity,-Infinity,-Infinity,-Infinity,-Infinity,-Infinity,-Infinity,-Infinity,-Infinity,-Infinity,-Infinity,-Infinity,-Infinity,-Infinity,-Infinity,-Infinity,-Infinity,-Infinity,-Infinity,-Infinity,-Infinity,-Infinity,-Infinity,-Infinity,-Infinity,-Infinity,-Infinity,-Infinity,-Infinity,-Infinity,-Infinity,-Infinity,-Infinity,-Infinity,-Infinity,-Infinity,-Infinity,-Infinity,-Infinity,-Infinity,-Infinity,-Infinity,-Infinity,-Infinity,-Infinity,-Infinity,-Infinity,-Infinity,-Infinity,-Infinity,-Infinity,-Infinity,-Infinity,-Infinity,-Infinity,-Infinity,-Infinity,-Infinity,-Infinity,-Infinity,-Infinity,-Infinity,-Infinity,-Infinity,-Infinity,-Infinity,-Infinity,-Infinity,-Infinity,-Infinity,-Infinity,-Infinity,-Infinity,-Infinity,-Infinity,-Infinity,-Infinity,-Infinity,-Infinity,-Infinity,-Infinity,-Infinity,-Infinity,-Infinity,-Infinity,-Infinity,-Infinity,-Infinity,-Infinity,-Infinity,-Infinity,-Infinity,-Infinity,-Infinity,-Infinity,-Infinity,-Infinity,-Infinity
"S107",-Infinity,-Infinity,-Infinity,-Infinity,-Infinity,-Infinity,-Infinity,-Infinity,-Infinity,-Infinity,-Infinity,-Infinity,-Infinity,-Infinity,-Infinity,-Infinity,-Infinity,-Infinity,-Infinity,-Infinity,-Infinity,-Infinity,-Infinity,-Infinity,-Infinity,-Infinity,-Infinity,-Infinity,-Infinity,-Infinity,-Infinity,-Infinity,-Infinity,-Infinity,-Infinity,-Infinity,-Infinity,-Infinity,-Infinity,-Infinity,-Infinity,-Infinity,-Infinity,-Infinity,-Infinity,-Infinity,-Infinity,-Infinity,-Infinity,-Infinity,-Infinity,-Infinity,-Infinity,-Infinity,-Infinity,-Infinity,-Infinity,-Infinity,-Infinity,-Infinity,-Infinity,-Infinity,-Infinity,-Infinity,-Infinity,-Infinity,-Infinity,-Infinity,-Infinity,-Infinity,-Infinity,-Infinity,-Infinity,-Infinity,-Infinity,-Infinity,-Infinity,-Infinity,-Infinity,-Infinity,-Infinity,-Infinity,-Infinity,-Infinity,-Infinity,-Infinity,-Infinity,-Infinity,-Infinity,-Infinity,-Infinity,-Infinity,-Infinity,-Infinity,-Infinity,-Infinity,-Infinity,-Infinity,-Infinity,-Infinity,-Infinity,-Infinity,-Infinity,-Infinity,-Infinity,-Infinity,-Infinity,-Infinity,-Infinity,-Infinity,-Infinity,-Infinity,-Infinity,-Infinity,-Infinity,-Infinity,-Infinity,-Infinity,-Infinity,-Infinity,-Infinity,-Infinity,-Infinity,-Infinity,-Infinity,-Infinity,-Infinity,-Infinity,-Infinity,-Infinity,-Infinity,-Infinity,-Infinity,-Infinity,-Infinity,-Infinity,-Infinity,-Infinity,-Infinity,-Infinity,-Infinity
"S108",-Infinity,-Infinity,-Infinity,-Infinity,-Infinity,-Infinity,-Infinity,-Infinity,-Infinity,-Infinity,-Infinity,-Infinity,-Infinity,-Infinity,-Infinity,-Infinity,-Infinity,-Infinity,-Infinity,-Infinity,-Infinity,-Infinity,-Infinity,-Infinity,-Infinity,-Infinity,-Infinity,-Infinity,-Infinity,-Infinity,-Infinity,-Infinity,-Infinity,-Infinity,-Infinity,-Infinity,-Infinity,-Infinity,-Infinity,-Infinity,-Infinity,-Infinity,-Infinity,-Infinity,-Infinity,-Infinity,-Infinity,-Infinity,-Infinity,-Infinity,-Infinity,-Infinity,-Infinity,-Infinity,-Infinity,-Infinity,-Infinity,-Infinity,-Infinity,-Infinity,-Infinity,-Infinity,-Infinity,-Infinity,-Infinity,-Infinity,-Infinity,-Infinity,-Infinity,-Infinity,-Infinity,-Infinity,-Infinity,-Infinity,-Infinity,-Infinity,-Infinity,-Infinity,-Infinity,-Infinity,-Infinity,-Infinity,-Infinity,-Infinity,-Infinity,-Infinity,-Infinity,-Infinity,-Infinity,-Infinity,-Infinity,-Infinity,-Infinity,-Infinity,-Infinity,-Infinity,-Infinity,-Infinity,-Infinity,-Infinity,-Infinity,-Infinity,-Infinity,-Infinity,-Infinity,-Infinity,-Infinity,-Infinity,-Infinity,-Infinity,-Infinity,-Infinity,-Infinity,-Infinity,-Infinity,-Infinity,-Infinity,-Infinity,-Infinity,-Infinity,-Infinity,-Infinity,-Infinity,-Infinity,-Infinity,-Infinity,-Infinity,-Infinity,-Infinity,-Infinity,-Infinity,-Infinity,-Infinity,-Infinity,-Infinity,-Infinity,-Infinity,-Infinity,-Infinity,-Infinity,-Infinity
"S109",-Infinity,-Infinity,-Infinity,-Infinity,-Infinity,-Infinity,-Infinity,-Infinity,-Infinity,-Infinity,-Infinity,-Infinity,-Infinity,-Infinity,-Infinity,-Infinity,-Infinity,-Infinity,-Infinity,-Infinity,-Infinity,-Infinity,-Infinity,-Infinity,-Infinity,-Infinity,-Infinity,-Infinity,-Infinity,-Infinity,-Infinity,-Infinity,-Infinity,-Infinity,-Infinity,-Infinity,-Infinity,-Infinity,-Infinity,-Infinity,-Infinity,-Infinity,-Infinity,-Infinity,-Infinity,-Infinity,-Infinity,-Infinity,-Infinity,-Infinity,-Infinity,-Infinity,-Infinity,-Infinity,-Infinity,-Infinity,-Infinity,-Infinity,-Infinity,-Infinity,-Infinity,-Infinity,-Infinity,-Infinity,-Infinity,-Infinity,-Infinity,-Infinity,-Infinity,-Infinity,-Infinity,-Infinity,-Infinity,-Infinity,-Infinity,-Infinity,-Infinity,-Infinity,-Infinity,-Infinity,-Infinity,-Infinity,-Infinity,-Infinity,-Infinity,-Infinity,-Infinity,-Infinity,-Infinity,-Infinity,-Infinity,-Infinity,-Infinity,-Infinity,-Infinity,-Infinity,-Infinity,-Infinity,-Infinity,-Infinity,-Infinity,-Infinity,-Infinity,-Infinity,-Infinity,-Infinity,-Infinity,-Infinity,-Infinity,-Infinity,-Infinity,-Infinity,-Infinity,-Infinity,-Infinity,-Infinity,-Infinity,-Infinity,-Infinity,-Infinity,-Infinity,-Infinity,-Infinity,-Infinity,-Infinity,-Infinity,-Infinity,-Infinity,-Infinity,-Infinity,-Infinity,-Infinity,-Infinity,-Infinity,-Infinity,-Infinity,-Infinity,-Infinity,-Infinity,-Infinity,-Infinity
"S110",-Infinity,-Infinity,-Infinity,-Infinity,-Infinity,-Infinity,-Infinity,-Infinity,-Infinity,-Infinity,-Infinity,-Infinity,-Infinity,-Infinity,-Infinity,-Infinity,-Infinity,-Infinity,-Infinity,-Infinity,-Infinity,-Infinity,-Infinity,-Infinity,-Infinity,-Infinity,-Infinity,-Infinity,-Infinity,-Infinity,-Infinity,-Infinity,-Infinity,-Infinity,-Infinity,-Infinity,-Infinity,-Infinity,-Infinity,-Infinity,-Infinity,-Infinity,-Infinity,-Infinity,-Infinity,-Infinity,-Infinity,-Infinity,-Infinity,-Infinity,-Infinity,-Infinity,-Infinity,-Infinity,-Infinity,-Infinity,-Infinity,-Infinity,-Infinity,-Infinity,-Infinity,-Infinity,-Infinity,-Infinity,-Infinity,-Infinity,-Infinity,-Infinity,-Infinity,-Infinity,-Infinity,-Infinity,-Infinity,-Infinity,-Infinity,-Infinity,-Infinity,-Infinity,-Infinity,-Infinity,-Infinity,-Infinity,-Infinity,-Infinity,-Infinity,-Infinity,-Infinity,-Infinity,-Infinity,-Infinity,-Infinity,-Infinity,-Infinity,-Infinity,-Infinity,-Infinity,-Infinity,-Infinity,-Infinity,-Infinity,-Infinity,-Infinity,-Infinity,-Infinity,-Infinity,-Infinity,-Infinity,-Infinity,-Infinity,-Infinity,-Infinity,-Infinity,-Infinity,-Infinity,-Infinity,-Infinity,-Infinity,-Infinity,-Infinity,-Infinity,-Infinity,-Infinity,-Infinity,-Infinity,-Infinity,-Infinity,-Infinity,-Infinity,-Infinity,-Infinity,-Infinity,-Infinity,-Infinity,-Infinity,-Infinity,-Infinity,-Infinity,-Infinity,-Infinity,-Infinity,-Infinity
"S111",-Infinity,-Infinity,-Infinity,-Infinity,-Infinity,-Infinity,-Infinity,-Infinity,-Infinity,-Infinity,-Infinity,-Infinity,-Infinity,-Infinity,-Infinity,-Infinity,-Infinity,-Infinity,-Infinity,-Infinity,-Infinity,-Infinity,-Infinity,-Infinity,-Infinity,-Infinity,-Infinity,-Infinity,-Infinity,-Infinity,-Infinity,-Infinity,-Infinity,-Infinity,-Infinity,-Infinity,-Infinity,-Infinity,-Infinity,-Infinity,-Infinity,-Infinity,-Infinity,-Infinity,-Infinity,-Infinity,-Infinity,-Infinity,-Infinity,-Infinity,-Infinity,-Infinity,-Infinity,-Infinity,-Infinity,-Infinity,-Infinity,-Infinity,-Infinity,-Infinity,-Infinity,-Infinity,-Infinity,-Infinity,-Infinity,-Infinity,-Infinity,-Infinity,-Infinity,-Infinity,-Infinity,-Infinity,-Infinity,-Infinity,-Infinity,-Infinity,-Infinity,-Infinity,-Infinity,-Infinity,-Infinity,-Infinity,-Infinity,-Infinity,-Infinity,-Infinity,-Infinity,-Infinity,-Infinity,-Infinity,-Infinity,-Infinity,-Infinity,-Infinity,-Infinity,-Infinity,-Infinity,-Infinity,-Infinity,-Infinity,-Infinity,-Infinity,-Infinity,-Infinity,-Infinity,-Infinity,-Infinity,-Infinity,-Infinity,-Infinity,-Infinity,-Infinity,-Infinity,-Infinity,-Infinity,-Infinity,-Infinity,-Infinity,-Infinity,-Infinity,-Infinity,-Infinity,-Infinity,-Infinity,-Infinity,-Infinity,-Infinity,-Infinity,-Infinity,-Infinity,-Infinity,-Infinity,-Infinity,-Infinity,-Infinity,-Infinity,-Infinity,-Infinity,-Infinity,-Infinity,-Infinity
"S112",-Infinity,-Infinity,-Infinity,-Infinity,-Infinity,-Infinity,-Infinity,-Infinity,-Infinity,-Infinity,-Infinity,-Infinity,-Infinity,-Infinity,-Infinity,-Infinity,-Infinity,-Infinity,-Infinity,-Infinity,-Infinity,-Infinity,-Infinity,-Infinity,-Infinity,-Infinity,-Infinity,-Infinity,-Infinity,-Infinity,-Infinity,-Infinity,-Infinity,-Infinity,-Infinity,-Infinity,-Infinity,-Infinity,-Infinity,-Infinity,-Infinity,-Infinity,-Infinity,-Infinity,-Infinity,-Infinity,-Infinity,-Infinity,-Infinity,-Infinity,-Infinity,-Infinity,-Infinity,-Infinity,-Infinity,-Infinity,-Infinity,-Infinity,-Infinity,-Infinity,-Infinity,-Infinity,-Infinity,-Infinity,-Infinity,-Infinity,-Infinity,-Infinity,-Infinity,-Infinity,-Infinity,-Infinity,-Infinity,-Infinity,-Infinity,-Infinity,-Infinity,-Infinity,-Infinity,-Infinity,-Infinity,-Infinity,-Infinity,-Infinity,-Infinity,-Infinity,-Infinity,-Infinity,-Infinity,-Infinity,-Infinity,-Infinity,-Infinity,-Infinity,-Infinity,-Infinity,-Infinity,-Infinity,-Infinity,-Infinity,-Infinity,-Infinity,-Infinity,-Infinity,-Infinity,-Infinity,-Infinity,-Infinity,-Infinity,-Infinity,-Infinity,-Infinity,-Infinity,-Infinity,-Infinity,-Infinity,-Infinity,-Infinity,-Infinity,-Infinity,-Infinity,-Infinity,-Infinity,-Infinity,-Infinity,-Infinity,-Infinity,-Infinity,-Infinity,-Infinity,-Infinity,-Infinity,-Infinity,-Infinity,-Infinity,-Infinity,-Infinity,-Infinity,-Infinity,-Infinity,-Infinity
"S113",-173.29345703125,-124.9161376953125,-74.9931640625,-37.8612060546875,-72.08001708984375,-34.89324951171875,-64.4501953125,-21.76422119140625,22.85150146484375,36.824951171875,67.72088623046875,94.33865356445312,87.72637939453125,103.500244140625,91.84637451171875,107.52297973632812,101.5164794921875,94.02676391601562,125.74700927734375,145.28372192382812,143.9774169921875,154.48837280273438,156.48028564453125,166.4205322265625,170.38949584960938,155.111328125,186.32989501953125,188.6849365234375,199.389404296875,204.9014892578125,186.14361572265625,197.3167724609375,186.80453491210938,181.28997802734375,188.98312377929688,153.165771484375,167.80532836914062,161.6624755859375,139.16400146484375,135.92315673828125,93.02529907226562,78.91519165039062,47.7939453125,31.235137939453125,-43.5655517578125,-61.1689453125,-113.3675537109375,-270.73736572265625,-328.63067626953125,-448.57171630859375,-602.1455078125,-565.0391845703125,-562.1229248046875,-648.1199951171875,-802.019775390625,-849.5584716796875,-884.811767578125,-906.578857421875,-979.9935302734375,-1043.231689453125,-1200.2340087890625,-1234.49951171875,-1250.1265869140625,-1331.717041015625,-1472.774658203125,-1384.8271484375,-1453.1373291015625,-1384.4967041015625,-1433.27294921875,-1436.852783203125,-1475.5601806640625,-1442.036865234375,-1465.8907470703125,-1424.003662109375,-1518.2691650390625,-1612.2763671875,-1547.4234619140625,-1440.041259765625,-1362.28857421875,-1334.1214599609375,-1325.708984375,-1267.91259765625,-1203.514892578125,-1114.4254150390625,-1213.2557373046875,-1194.794677734375,-1257.5594482421875,-1202.2818603515625,-1111.9368896484375,-1133.932373046875,-1132.02392578125,-1149.1153564453125,-1196.2615966796875,-1172.6629638671875,-1090.9876708984375,-1081.791259765625,-1102.310546875,-1091.1414794921875,-1055.8443603515625,-1243.331298828125,-1078.0045166015625,-1013.0267333984375,-934.5521240234375,-1016.8695068359375,-909.73095703125,-966.126953125,-851.2611083984375,-782.09619140625,-815.440673828125,-749.8115234375,-675.595703125,-624.0296630859375,-660.9051513671875,-583.1187744140625,-655.75390625,-593.013671875,-759.2265625,-497.01953125,-537.864990234375,-643.02490234375,-702.473388671875,-536.670654296875,-425.7239990234375,-470.4307861328125,-294.43902587890625,-371.8125,-356.1204833984375,-345.076416015625,-352.94964599609375,-382.95489501953125,-337.33489990234375,-293.27960205078125,-287.4166259765625,-360.57989501953125,-383.11767578125,-356.498779296875,-295.9373779296875,-368.15911865234375,-245.32427978515625,-231.27496337890625,-213.02410888671875
"S114",-99.8624267578125,-44.923095703125,10.380279541015625,38.203399658203125,4.26898193359375,25.2396240234375,-39.70379638671875,-17.8533935546875,69.0550537109375,56.740478515625,100.1568603515625,146.23477172851562,2.959503173828125,157.99240112304688,21.114044189453125,135.49081420898438,179.60162353515625,158.19674682617188,198.04019165039062,201.92092895507812,184.38519287109375,193.78945922851562,191.88851928710938,190.06613159179688,231.23837280273438,207.94387817382812,226.531494140625,236.90390014648438,258.8652801513672,240.25119018554688,231.96481323242188,231.69107055664062,229.17181396484375,219.73715209960938,246.5068817138672,194.81484985351562,220.88568115234375,209.86538696289062,190.82559204101562,209.11782836914062,141.055419921875,134.37408447265625,139.51077270507812,108.63760375976562,-22.70538330078125,-4.807281494140625,-52.245361328125,-230.95263671875,-265.46966552734375,-378.65655517578125,-441.20654296875,-484.83074951171875,-720.191162109375,-648.1199951171875,-802.019775390625,-849.5584716796875,-884.811767578125,-873.84814453125,-883.623291015625,-948.7607421875,-960.9385986328125,-933.4761962890625,-984.1094970703125,-985.911376953125,-1090.25537109375,-1078.1461181640625,-1023.959716796875,-933.5029296875,-955.2874755859375,-942.56787109375,-919.1942138671875,-878.388427734375,-845.4371337890625,-810.204833984375,-844.3843994140625,-821.62060546875,-831.782470703125,-825.9993896484375,-795.8851318359375,-825.207275390625,-929.514404296875,-925.12109375,-868.3839111328125,-777.07763671875,-968.670166015625,-865.593505859375,-796.9937744140625,-597.092041015625,-568.643310546875,-790.0838623046875,-696.1453857421875,-730.23876953125,-632.41455078125,-617.0394287109375,-594.5687255859375,-744.7838134765625,-713.3544921875,-1020.942626953125,-932.143310546875,-1047.315673828125,-910.1944580078125,-773.6217041015625,-1080.74853515625,-929.1976318359375,-1019.3629150390625,-896.4483642578125,-1229.7967529296875,-1079.78564453125,-1098.226806640625,-1065.438232421875,-958.08056640625,-1036.594970703125,-1015.484619140625,-1084.6986083984375,-924.28857421875,-908.66796875,-1230.371337890625,-991.0283203125,-1058.5189208984375,-949.1212158203125,-924.38720703125,-1053.5601806640625,-577.14453125,-611.802978515625,-523.5216064453125,-510.80389404296875,-522.174072265625,-497.5496826171875,-399.780517578125,-530.3216552734375,-365.46722412109375,-368.78497314453125,-354.33489990234375,-334.22943115234375,-198.0234375,-207.61572265625,-437.20538330078125,-241.70953369140625,-231.972412109375,-270.0308837890625,-369.64044189453125
"S115",56.7960205078125,25.797332763671875,44.04278564453125,41.591278076171875,36.29510498046875,109.02230834960938,135.76531982421875,158.75228881835938,142.22879028320312,198.596923828125,198.12112426757812,207.87655639648438,221.06552124023438,232.59451293945312,218.57546997070312,229.79672241210938,234.33499145507812,210.03668212890625,234.66213989257812,261.08860778808594,255.3137969970703,275.2281494140625,273.3759002685547,269.8477325439453,286.51251220703125,273.14759826660156,288.9774627685547,288.0042419433594,285.4976806640625,288.91619873046875,267.7298278808594,277.58924865722656,262.49681091308594,269.9383087158203,268.7097473144531,239.60025024414062,265.87193298339844,240.41937255859375,234.8076171875,242.25326538085938,160.17855834960938,201.65090942382812,181.75225830078125,179.804443359375,97.78802490234375,93.30078125,19.35205078125,-115.738525390625,-213.29833984375,-288.40753173828125,-467.17535400390625,-389.30841064453125,-390.91845703125,-550.2431640625,-530.73681640625,-558.008056640625,-579.7410888671875,-543.7264404296875,-564.83447265625,-611.62646484375,-608.63720703125,-582.04248046875,-752.2213134765625,-669.6934814453125,-689.812744140625,-708.2210693359375,-664.507568359375,-660.3614501953125,-599.132080078125,-577.99365234375,-702.5347900390625,-574.80322265625,-680.5137939453125,-783.2972412109375,-580.68115234375,-668.72412109375,-582.79443359375,-613.783447265625,-704.526123046875,-596.658447265625,-636.891357421875,-646.354736328125,-574.2237548828125,-848.9942626953125,-838.2554931640625,-756.772705078125,-880.7325439453125,-636.2679443359375,-657.55029296875,-558.2369384765625,-667.88330078125,-637.9896240234375,-606.366455078125,-565.131591796875,-617.9696044921875,-828.7901611328125,-774.0537109375,-851.8602294921875,-710.00146484375,-626.285888671875,-759.2132568359375,-593.3360595703125,-770.630859375,-740.1585693359375,-793.6392822265625,-635.42724609375,-795.359619140625,-877.0970458984375,-748.02880859375,-793.2706298828125,-766.7203369140625,-661.625244140625,-597.3126220703125,-700.3306884765625,-597.41259765625,-668.8345947265625,-584.8302001953125,-574.8873291015625,-599.9576416015625,-405.1160888671875,-422.0645751953125,-458.14080810546875,-270.21514892578125,-320.62689208984375,-266.7559814453125,-290.0572509765625,-401.29901123046875,-255.37353515625,-224.9002685546875,-219.6573486328125,-166.54296875,-161.40081787109375,-115.81182861328125,-195.1939697265625,-83.015625,-183.86639404296875,-180.77099609375,-202.360595703125,-56.4505615234375,-80.0189208984375,-299.237060546875
"S116",-42.23486328125,-69.17840576171875,-89.01715087890625,-25.48895263671875,34.16094970703125,65.63604736328125,13.5098876953125,68.84014892578125,85.32000732421875,144.25460815429688,105.03790283203125,182.9884033203125,210.98635864257812,191.1241455078125,184.83755493164062,231.85934448242188,120.00323486328125,150.30758666992188,111.45538330078125,220.747802734375,178.40707397460938,255.53627014160156,237.62008666992188,248.99949645996094,264.9898376464844,253.6338348388672,266.5715789794922,295.4821014404297,258.13929748535156,260.5911865234375,273.5585021972656,233.18246459960938,245.0470733642578,277.3182678222656,254.57154846191406,279.4696960449219,294.16563415527344,259.5815734863281,260.2289733886719,244.6663818359375,123.76583862304688,241.3551025390625,213.63531494140625,155.46615600585938,121.55255126953125,159.41824340820312,69.59750366210938,41.661407470703125,22.851318359375,-57.014892578125,-98.15521240234375,-294.234619140625,-200.90887451171875,-176.89599609375,-114.6209716796875,-123.5045166015625,-178.2298583984375,-108.90350341796875,-224.39373779296875,-226.0238037109375,-146.626220703125,-164.56414794921875,-169.7921142578125,-202.302734375,-181.88525390625,-166.4052734375,-126.78814697265625,-155.51470947265625,-125.29010009765625,-95.8880615234375,-115.96533203125,-179.84271240234375,-130.44683837890625,-125.39764404296875,-205.42535400390625,-222.723876953125,-254.8531494140625,-223.517333984375,-279.94140625,-190.544189453125,-281.65679931640625,-152.856689453125,-136.68890380859375,-235.8486328125,-219.05987548828125,-230.94439697265625,-275.8853759765625,-257.32061767578125,-141.38116455078125,-169.745849609375,-231.398193359375,-153.48590087890625,-112.16424560546875,-91.8233642578125,-150.42547607421875,-208.14422607421875,-208.0198974609375,-548.2880859375,-294.0224609375,-152.32879638671875,-231.17291259765625,-131.458740234375,-155.245849609375,-218.1707763671875,-224.9554443359375,-257.99578857421875,-461.77239990234375,-1344.10888671875,-818.8441162109375,-307.574462890625,-296.1796875,-239.00787353515625,-273.0614013671875,-286.13726806640625,-322.84027099609375,-438.63446044921875,-393.3890380859375,-256.42401123046875,-323.82757568359375,-243.93048095703125,-300.02862548828125,-378.42523193359375,-222.75518798828125,-285.533447265625,-458.928466796875,-344.82379150390625,-457.61993408203125,-345.64300537109375,-287.43768310546875,-270.00506591796875,-289.45855712890625,-221.5860595703125,-202.23541259765625,-324.88201904296875,-191.05902099609375,-152.76953125,-224.20599365234375,-478.8934326171875,-171.06329345703125,-131.368408203125,-281.55926513671875
"S117",148.56610107421875,196.85504150390625,185.75485229492188,225.18777465820312,233.4691162109375,262.1427764892578,172.75445556640625,207.98941040039062,231.85476684570312,275.21791076660156,250.60684204101562,310.8714904785156,322.6783905029297,316.87261962890625,320.6483459472656,338.31768798828125,313.2272033691406,343.7843475341797,338.30653381347656,338.67132568359375,342.4036560058594,347.3984069824219,333.8536071777344,352.8386993408203,357.9239959716797,349.7149200439453,371.90599060058594,379.2882995605469,358.37548828125,365.5285339355469,372.54825592041016,342.06935119628906,345.7174377441406,380.9542007446289,361.1461181640625,372.55084228515625,383.6940002441406,366.2818298339844,369.2601623535156,344.571533203125,338.11329650878906,348.76373291015625,325.96995544433594,274.40997314453125,260.39186096191406,281.7886962890625,221.93869018554688,217.94857788085938,205.09841918945312,144.84600830078125,113.82058715820312,-36.90997314453125,66.57867431640625,66.85934448242188,90.92999267578125,106.80899047851562,39.22796630859375,112.686767578125,108.595458984375,93.03164672851562,81.89764404296875,78.72796630859375,74.11083984375,49.455718994140625,59.95989990234375,41.734832763671875,19.60052490234375,28.97637939453125,41.7496337890625,49.510528564453125,46.659820556640625,75.63726806640625,75.68316650390625,70.94412231445312,-18.7056884765625,-13.2591552734375,17.76922607421875,9.48974609375,-65.7667236328125,20.115447998046875,-69.85296630859375,83.651123046875,95.60440063476562,0.438262939453125,6.13958740234375,24.85223388671875,-30.57635498046875,-3.694366455078125,118.15615844726562,57.53192138671875,0.6402587890625,105.54806518554688,77.19967651367188,97.78475952148438,36.370819091796875,27.578948974609375,5.28839111328125,-127.5029296875,-48.928466796875,82.74395751953125,-8.73046875,69.27297973632812,56.380584716796875,15.235931396484375,35.220245361328125,-15.75360107421875,-124.708984375,-866.6143798828125,-465.61334228515625,-33.624755859375,-40.1612548828125,-6.99420166015625,-46.36474609375,-68.14495849609375,-76.42108154296875,-153.21331787109375,-122.66851806640625,-36.2091064453125,-84.25360107421875,-32.38458251953125,-83.23193359375,-95.8116455078125,-12.4732666015625,-28.1126708984375,-107.96148681640625,-65.31689453125,-28.734619140625,-55.2703857421875,-1.053863525390625,-55.02447509765625,2.770416259765625,13.57867431640625,50.40106201171875,-38.8917236328125,10.64666748046875,80.11367797851562,-12.856689453125,-237.2109375,46.500579833984375,78.12811279296875,-15.122314453125
"S118",443.32592010498047,444.6953582763672,451.01903533935547,453.968936920166,453.0932197570801,458.72480392456055,465.4995460510254,453.7748908996582,463.0988349914551,466.4786186218262,464.18433380126953,468.9003143310547,468.6675777435303,464.62646102905273,427.96864318847656,461.0354995727539,467.63032150268555,470.09113121032715,470.64941596984863,464.992130279541,467.3233413696289,468.3606472015381,468.65411949157715,463.5602569580078,465.89652252197266,465.07379150390625,469.4332618713379,472.9776496887207,468.79589080810547,467.46127700805664,466.2486228942871,466.11226654052734,470.0750370025635,466.21957778930664,463.952579498291,467.64257049560547,464.66362380981445,464.0483055114746,462.2903060913086,452.7880401611328,444.94704818725586,438.31611251831055,429.66910552978516,411.67293548583984,389.93868255615234,375.89422607421875,357.53990173339844,324.67578125,281.2540283203125,252.2440185546875,239.02194213867188,236.14871215820312,198.0157470703125,155.604736328125,142.66250610351562,132.13522338867188,117.18179321289062,145.71490478515625,140.03598022460938,97.96133422851562,98.4188232421875,80.14883422851562,74.11083984375,65.19873046875,59.95989990234375,41.734832763671875,19.60052490234375,28.97637939453125,41.7496337890625,49.510528564453125,46.659820556640625,75.63726806640625,75.68316650390625,95.05654907226562,89.34359741210938,102.44796752929688,113.86508178710938,80.98208618164062,79.90203857421875,102.05294799804688,83.42816162109375,125.18032836914062,109.25161743164062,113.67770385742188,101.16879272460938,121.87445068359375,131.55657958984375,151.11514282226562,169.82418823242188,145.07440185546875,135.86480712890625,161.0853271484375,189.13656616210938,181.85528564453125,206.47442626953125,200.244384765625,205.52127075195312,188.56845092773438,200.22061157226562,214.07852172851562,240.18038940429688,240.49237060546875,220.796875,218.15896606445312,217.54269409179688,242.23416137695312,251.12600708007812,256.97499084472656,264.0966796875,282.0719909667969,295.8576354980469,320.9771270751953,322.0504913330078,332.70054626464844,323.2178192138672,332.59539794921875,320.4221496582031,337.4663543701172,349.50421142578125,354.99000549316406,362.4338836669922,371.47132873535156,363.91554260253906,379.6151580810547,373.3096008300781,384.6477584838867,393.8645935058594,380.22013092041016,390.701416015625,401.8478546142578,387.71531677246094,407.58477783203125,417.0574645996094,406.16346740722656,403.88997650146484,411.7405776977539,413.6985778808594,419.97647857666016,427.21558380126953,431.04212951660156,431.67346954345703
"S119",441.01695251464844,429.07408905029297,439.01923751831055,453.968936920166,447.6886749267578,444.7473564147949,460.5426559448242,443.66541290283203,453.797306060791,452.3162841796875,450.5466423034668,454.694393157959,459.01153564453125,451.4490852355957,449.9667854309082,458.8450508117676,447.93321990966797,460.6644630432129,462.2198371887207,456.6839828491211,459.29894638061523,460.2847137451172,451.8546142578125,461.66039657592773,462.0933952331543,454.0441551208496,464.9852600097656,459.3887481689453,454.6867561340332,458.3451614379883,461.32495880126953,454.4212226867676,456.4396553039551,465.6196632385254,458.53763580322266,459.62078857421875,464.66362380981445,452.77092361450195,451.3381652832031,452.7880401611328,444.94704818725586,438.31611251831055,429.66910552978516,411.67293548583984,389.93868255615234,375.89422607421875,357.53990173339844,324.67578125,281.2540283203125,252.2440185546875,239.02194213867188,236.14871215820312,198.0157470703125,155.604736328125,142.66250610351562,132.13522338867188,117.18179321289062,145.71490478515625,140.03598022460938,97.96133422851562,98.4188232421875,80.14883422851562,74.11083984375,65.19873046875,59.95989990234375,41.734832763671875,19.60052490234375,28.97637939453125,41.7496337890625,49.510528564453125,46.659820556640625,75.63726806640625,75.68316650390625,95.05654907226562,89.34359741210938,102.44796752929688,113.86508178710938,80.98208618164062,79.90203857421875,102.05294799804688,83.42816162109375,125.18032836914062,109.25161743164062,113.67770385742188,101.16879272460938,121.87445068359375,131.55657958984375,151.11514282226562,169.82418823242188,145.07440185546875,135.86480712890625,161.0853271484375,189.13656616210938,181.85528564453125,206.47442626953125,200.244384765625,205.52127075195312,188.56845092773438,200.22061157226562,214.07852172851562,240.18038940429688,240.49237060546875,220.796875,218.15896606445312,217.54269409179688,242.23416137695312,251.12600708007812,256.97499084472656,264.0966796875,282.0719909667969,295.8576354980469,320.9771270751953,322.0504913330078,332.70054626464844,323.2178192138672,329.4660186767578,320.4221496582031,337.4663543701172,343.86041259765625,354.99000549316406,351.87164306640625,363.1381072998047,348.8789367675781,371.3758544921875,362.46148681640625,359.16168212890625,379.6366195678711,358.0724639892578,382.64866638183594,390.5060043334961,373.47061920166016,384.3052215576172,399.4545364379883,378.2057571411133,383.2894744873047,389.1369171142578,391.05895233154297,401.7490921020508,421.69776916503906,415.6468734741211,429.46783447265625
"S120",446.2973213195801,434.5360641479492,446.45311737060547,452.31293869018555,447.7311096191406,447.301456451416,462.75255584716797,449.95189666748047,459.08967208862305,453.74717712402344,450.462459564209,453.83470916748047,457.83912658691406,453.0091743469238,450.9592170715332,457.9810485839844,453.4316215515137,463.7290382385254,463.637752532959,458.91321563720703,461.0702934265137,462.46141815185547,456.7998237609863,461.49105072021484,463.5007209777832,457.7368812561035,466.7853584289551,463.0793762207031,458.5287284851074,462.2658271789551,463.33050537109375,457.93982315063477,461.0215187072754,466.21957778930664,464.05644607543945,462.1915283203125,464.66362380981445,458.32230377197266,455.58861541748047,452.7880401611328,444.94704818725586,438.31611251831055,429.66910552978516,411.67293548583984,389.93868255615234,375.89422607421875,357.53990173339844,324.67578125,281.2540283203125,252.2440185546875,239.02194213867188,236.14871215820312,198.0157470703125,155.604736328125,142.66250610351562,132.13522338867188,117.18179321289062,145.71490478515625,140.03598022460938,97.96133422851562,98.4188232421875,80.14883422851562,74.11083984375,65.19873046875,59.95989990234375,41.734832763671875,19.60052490234375,28.97637939453125,41.7496337890625,49.510528564453125,46.659820556640625,75.63726806640625,75.68316650390625,95.05654907226562,89.34359741210938,102.44796752929688,113.86508178710938,80.98208618164062,79.90203857421875,102.05294799804688,83.42816162109375,125.18032836914062,109.25161743164062,113.67770385742188,101.16879272460938,121.87445068359375,131.55657958984375,151.11514282226562,169.82418823242188,145.07440185546875,135.86480712890625,161.0853271484375,189.13656616210938,181.85528564453125,206.47442626953125,200.244384765625,205.52127075195312,188.56845092773438,200.22061157226562,214.07852172851562,240.18038940429688,240.49237060546875,220.796875,218.15896606445312,217.54269409179688,242.23416137695312,251.12600708007812,256.97499084472656,264.0966796875,282.0719909667969,295.8576354980469,320.9771270751953,322.0504913330078,332.70054626464844,323.2178192138672,332.59539794921875,320.4221496582031,337.4663543701172,349.50421142578125,354.99000549316406,358.3296203613281,371.47132873535156,363.91554260253906,379.6151580810547,375.03311920166016,384.0818099975586,390.25352478027344,381.2569808959961,359.7791290283203,398.84918212890625,387.37139892578125,397.96292877197266,414.1554641723633,401.22655487060547,402.60304260253906,406.9303207397461,416.01961517333984,422.879638671875,427.21558380126953,435.1037368774414,422.4265899658203
"S121",444.9848861694336,437.7240180969238,428.5141143798828,448.5060005187988,435.96734619140625,437.65993881225586,449.5628128051758,439.60110092163086,453.08372497558594,447.0710868835449,439.4959297180176,443.9115791320801,450.55483627319336,446.2133598327637,450.9592170715332,451.1037292480469,449.1123046875,456.466609954834,458.48884201049805,451.79564666748047,451.4712600708008,464.4058723449707,445.9536247253418,452.7878875732422,461.5974349975586,453.9126777648926,465.0168914794922,466.1925811767578,456.8711280822754,463.5429496765137,464.2506103515625,455.1292533874512,460.9415588378906,459.80546951293945,453.2070732116699,455.93138885498047,457.9479789733887,457.5720977783203,454.20898818969727,452.7880401611328,444.94704818725586,438.31611251831055,429.66910552978516,411.67293548583984,389.93868255615234,375.89422607421875,357.53990173339844,324.67578125,281.2540283203125,252.2440185546875,239.02194213867188,236.14871215820312,198.0157470703125,155.604736328125,142.66250610351562,132.13522338867188,117.18179321289062,145.71490478515625,140.03598022460938,97.96133422851562,98.4188232421875,80.14883422851562,74.11083984375,65.19873046875,59.95989990234375,41.734832763671875,19.60052490234375,28.97637939453125,41.7496337890625,49.510528564453125,46.659820556640625,75.63726806640625,75.68316650390625,95.05654907226562,89.34359741210938,102.44796752929688,113.86508178710938,80.98208618164062,79.90203857421875,102.05294799804688,83.42816162109375,125.18032836914062,109.25161743164062,113.67770385742188,101.16879272460938,121.87445068359375,131.55657958984375,151.11514282226562,169.82418823242188,145.07440185546875,135.86480712890625,161.0853271484375,189.13656616210938,181.85528564453125,206.47442626953125,200.244384765625,205.52127075195312,188.56845092773438,200.22061157226562,214.07852172851562,240.18038940429688,240.49237060546875,220.796875,218.15896606445312,217.54269409179688,242.23416137695312,251.12600708007812,256.97499084472656,264.0966796875,282.0719909667969,295.8576354980469,320.9771270751953,322.0504913330078,332.70054626464844,323.2178192138672,332.59539794921875,320.4221496582031,337.4663543701172,349.50421142578125,319.2965087890625,308.7478942871094,338.7739715576172,363.91554260253906,350.19920349121094,375.03311920166016,383.4156799316406,374.22855377197266,384.1421585083008,274.5909423828125,382.4403839111328,377.64768981933594,386.0008010864258,416.67667388916016,403.6711730957031,416.86646270751953,414.31959533691406,416.14717864990234,422.879638671875,420.360595703125,435.8733215332031,382.3912887573242
"S122",-Infinity,-Infinity,-Infinity,-Infinity,-Infinity,-Infinity,-Infinity,-Infinity,-Infinity,-Infinity,-Infinity,-Infinity,-Infinity,-Infinity,-Infinity,-Infinity,-Infinity,-Infinity,-Infinity,-Infinity,-Infinity,-Infinity,-Infinity,-Infinity,-Infinity,-Infinity,-Infinity,-Infinity,-Infinity,-Infinity,-Infinity,-Infinity,-Infinity,-Infinity,-Infinity,-Infinity,-Infinity,-Infinity,-Infinity,-Infinity,-Infinity,-Infinity,-Infinity,-Infinity,-Infinity,-Infinity,-Infinity,-Infinity,-Infinity,-Infinity,-Infinity,-Infinity,-Infinity,-Infinity,-Infinity,-Infinity,-Infinity,-Infinity,-Infinity,-Infinity,-Infinity,-Infinity,-Infinity,-Infinity,-Infinity,-Infinity,-Infinity,-Infinity,-Infinity,-Infinity,-Infinity,-Infinity,-Infinity,-Infinity,-Infinity,-Infinity,-Infinity,-Infinity,-Infinity,-Infinity,-Infinity,-Infinity,-Infinity,-Infinity,-Infinity,-Infinity,-Infinity,-Infinity,-Infinity,-Infinity,-Infinity,-Infinity,-Infinity,-Infinity,-Infinity,-Infinity,-Infinity,-Infinity,-Infinity,-Infinity,-Infinity,-Infinity,-Infinity,-Infinity,-Infinity,-Infinity,-Infinity,-Infinity,-Infinity,-Infinity,-Infinity,-Infinity,-Infinity,-Infinity,-Infinity,-Infinity,-Infinity,-Infinity,-Infinity,-Infinity,-Infinity,-Infinity,-Infinity,-Infinity,-Infinity,-Infinity,-Infinity,-Infinity,-Infinity,-Infinity,-Infinity,-Infinity,-Infinity,-Infinity,-Infinity,-Infinity,-Infinity,-Infinity,-Infinity,-Infinity,-Infinity
"S123",-Infinity,-Infinity,-Infinity,-Infinity,-Infinity,-Infinity,-Infinity,-Infinity,-Infinity,-Infinity,-Infinity,-Infinity,-Infinity,-Infinity,-Infinity,-Infinity,-Infinity,-Infinity,-Infinity,-Infinity,-Infinity,-Infinity,-Infinity,-Infinity,-Infinity,-Infinity,-Infinity,-Infinity,-Infinity,-Infinity,-Infinity,-Infinity,-Infinity,-Infinity,-Infinity,-Infinity,-Infinity,-Infinity,-Infinity,-Infinity,-Infinity,-Infinity,-Infinity,-Infinity,-Infinity,-Infinity,-Infinity,-Infinity,-Infinity,-Infinity,-Infinity,-Infinity,-Infinity,-Infinity,-Infinity,-Infinity,-Infinity,-Infinity,-Infinity,-Infinity,-Infinity,-Infinity,-Infinity,-Infinity,-Infinity,-Infinity,-Infinity,-Infinity,-Infinity,-Infinity,-Infinity,-Infinity,-Infinity,-Infinity,-Infinity,-Infinity,-Infinity,-Infinity,-Infinity,-Infinity,-Infinity,-Infinity,-Infinity,-Infinity,-Infinity,-Infinity,-Infinity,-Infinity,-Infinity,-Infinity,-Infinity,-Infinity,-Infinity,-Infinity,-Infinity,-Infinity,-Infinity,-Infinity,-Infinity,-Infinity,-Infinity,-Infinity,-Infinity,-Infinity,-Infinity,-Infinity,-Infinity,-Infinity,-Infinity,-Infinity,-Infinity,-Infinity,-Infinity,-Infinity,-Infinity,-Infinity,-Infinity,-Infinity,-Infinity,-Infinity,-Infinity,-Infinity,-Infinity,-Infinity,-Infinity,-Infinity,-Infinity,-Infinity,-Infinity,-Infinity,-Infinity,-Infinity,-Infinity,-Infinity,-Infinity,-Infinity,-Infinity,-Infinity,-Infinity,-Infinity,-Infinity
"S124",-Infinity,-Infinity,-Infinity,-Infinity,-Infinity,-Infinity,-Infinity,-Infinity,-Infinity,-Infinity,-Infinity,-Infinity,-Infinity,-Infinity,-Infinity,-Infinity,-Infinity,-Infinity,-Infinity,-Infinity,-Infinity,-Infinity,-Infinity,-Infinity,-Infinity,-Infinity,-Infinity,-Infinity,-Infinity,-Infinity,-Infinity,-Infinity,-Infinity,-Infinity,-Infinity,-Infinity,-Infinity,-Infinity,-Infinity,-Infinity,-Infinity,-Infinity,-Infinity,-Infinity,-Infinity,-Infinity,-Infinity,-Infinity,-Infinity,-Infinity,-Infinity,-Infinity,-Infinity,-Infinity,-Infinity,-Infinity,-Infinity,-Infinity,-Infinity,-Infinity,-Infinity,-Infinity,-Infinity,-Infinity,-Infinity,-Infinity,-Infinity,-Infinity,-Infinity,-Infinity,-Infinity,-Infinity,-Infinity,-Infinity,-Infinity,-Infinity,-Infinity,-Infinity,-Infinity,-Infinity,-Infinity,-Infinity,-Infinity,-Infinity,-Infinity,-Infinity,-Infinity,-Infinity,-Infinity,-Infinity,-Infinity,-Infinity,-Infinity,-Infinity,-Infinity,-Infinity,-Infinity,-Infinity,-Infinity,-Infinity,-Infinity,-Infinity,-Infinity,-Infinity,-Infinity,-Infinity,-Infinity,-Infinity,-Infinity,-Infinity,-Infinity,-Infinity,-Infinity,-Infinity,-Infinity,-Infinity,-Infinity,-Infinity,-Infinity,-Infinity,-Infinity,-Infinity,-Infinity,-Infinity,-Infinity,-Infinity,-Infinity,-Infinity,-Infinity,-Infinity,-Infinity,-Infinity,-Infinity,-Infinity,-Infinity,-Infinity,-Infinity,-Infinity,-Infinity,-Infinity,-Infinity
"S125",-Infinity,-Infinity,-Infinity,-Infinity,-Infinity,-Infinity,-Infinity,-Infinity,-Infinity,-Infinity,-Infinity,-Infinity,-Infinity,-Infinity,-Infinity,-Infinity,-Infinity,-Infinity,-Infinity,-Infinity,-Infinity,-Infinity,-Infinity,-Infinity,-Infinity,-Infinity,-Infinity,-Infinity,-Infinity,-Infinity,-Infinity,-Infinity,-Infinity,-Infinity,-Infinity,-Infinity,-Infinity,-Infinity,-Infinity,-Infinity,-Infinity,-Infinity,-Infinity,-Infinity,-Infinity,-Infinity,-Infinity,-Infinity,-Infinity,-Infinity,-Infinity,-Infinity,-Infinity,-Infinity,-Infinity,-Infinity,-Infinity,-Infinity,-Infinity,-Infinity,-Infinity,-Infinity,-Infinity,-Infinity,-Infinity,-Infinity,-Infinity,-Infinity,-Infinity,-Infinity,-Infinity,-Infinity,-Infinity,-Infinity,-Infinity,-Infinity,-Infinity,-Infinity,-Infinity,-Infinity,-Infinity,-Infinity,-Infinity,-Infinity,-Infinity,-Infinity,-Infinity,-Infinity,-Infinity,-Infinity,-Infinity,-Infinity,-Infinity,-Infinity,-Infinity,-Infinity,-Infinity,-Infinity,-Infinity,-Infinity,-Infinity,-Infinity,-Infinity,-Infinity,-Infinity,-Infinity,-Infinity,-Infinity,-Infinity,-Infinity,-Infinity,-Infinity,-Infinity,-Infinity,-Infinity,-Infinity,-Infinity,-Infinity,-Infinity,-Infinity,-Infinity,-Infinity,-Infinity,-Infinity,-Infinity,-Infinity,-Infinity,-Infinity,-Infinity,-Infinity,-Infinity,-Infinity,-Infinity,-Infinity,-Infinity,-Infinity,-Infinity,-Infinity,-Infinity,-Infinity,-Infinity
"S126",1.669708251953125,-85.33831787109375,-58.7784423828125,56.134246826171875,225.85610961914062,233.15658569335938,219.43865966796875,239.96490478515625,229.80197143554688,219.09881591796875,135.27529907226562,244.50668334960938,287.27149963378906,271.938232421875,286.8699951171875,299.5941619873047,288.3404541015625,308.6212158203125,302.09449768066406,306.52684020996094,300.6418151855469,299.06785583496094,306.2646026611328,319.1865997314453,325.41334533691406,326.6139831542969,322.66021728515625,327.73345947265625,321.42311096191406,328.3221130371094,338.2450408935547,331.35693359375,325.9423522949219,321.06211853027344,326.3805389404297,321.9429473876953,323.88059997558594,319.8609619140625,314.2554473876953,315.6672668457031,287.2327423095703,231.59243774414062,245.9736785888672,230.75628662109375,201.84942626953125,127.92404174804688,101.407958984375,20.102020263671875,-27.21160888671875,-57.8831787109375,-125.482421875,-146.18792724609375,-215.6607666015625,-242.33642578125,-301.7921142578125,-367.44097900390625,-358.5859375,-394.3084716796875,-475.228271484375,-436.18975830078125,-544.0709228515625,-466.34210205078125,-478.53704833984375,-542.114501953125,-615.3421630859375,-573.632080078125,-604.3604736328125,-619.911865234375,-678.01513671875,-663.50439453125,-665.741943359375,-610.98583984375,-566.34130859375,-528.9544677734375,-631.3447265625,-535.67529296875,-592.8033447265625,-565.3388671875,-503.15380859375,-504.70648193359375,-494.65093994140625,-482.9844970703125,-622.6873779296875,-496.4036865234375,-473.0794677734375,-433.31439208984375,-396.86419677734375,-466.01837158203125,-458.52764892578125,-464.56915283203125,-446.34869384765625,-378.8017578125,-364.0142822265625,-355.13134765625,-404.45843505859375,-404.37347412109375,-390.17559814453125,-327.506103515625,-378.337646484375,-296.9638671875,-305.5494384765625,-310.64007568359375,-290.7236328125,-257.841064453125,-249.2923583984375,-250.0162353515625,-309.03863525390625,-384.83642578125,-375.92730712890625,-284.65240478515625,-223.883056640625,-178.0538330078125,-261.012451171875,-204.3497314453125,-367.5218505859375,-289.43255615234375,-212.7996826171875,-144.95660400390625,-206.144287109375,-183.951171875,-52.5906982421875,-107.74267578125,-30.65264892578125,8.026275634765625,-17.8233642578125,-9.609832763671875,16.145477294921875,-10.761962890625,-66.124755859375,-111.5865478515625,24.884796142578125,-5.582061767578125,-56.8223876953125,-34.53460693359375,79.66549682617188,76.84576416015625,99.26785278320312,19.955474853515625,102.564697265625,-88.8905029296875,105.44979858398438
"S127",-6.50787353515625,-125.11883544921875,-69.37945556640625,33.613616943359375,225.85610961914062,233.15658569335938,219.43865966796875,239.96490478515625,229.80197143554688,219.09881591796875,135.27529907226562,244.50668334960938,297.0136260986328,293.5431213378906,286.8699951171875,301.22686767578125,298.30352783203125,308.6212158203125,312.02943420410156,305.0657043457031,308.56866455078125,307.41111755371094,295.5742645263672,314.3131561279297,323.30625915527344,320.4075622558594,299.85658264160156,321.1128234863281,302.96864318847656,306.6986083984375,328.48838806152344,324.5865783691406,322.2821350097656,321.06211853027344,326.3805389404297,315.4597930908203,323.88059997558594,319.7992401123047,312.30918884277344,315.6672668457031,274.41468811035156,231.59243774414062,245.9736785888672,230.75628662109375,201.84942626953125,127.92404174804688,101.407958984375,20.102020263671875,-27.21160888671875,-57.8831787109375,-125.482421875,-146.18792724609375,-215.6607666015625,-242.33642578125,-335.65643310546875,-367.44097900390625,-358.5859375,-394.3084716796875,-475.228271484375,-436.18975830078125,-544.0709228515625,-466.34210205078125,-478.53704833984375,-542.114501953125,-615.3421630859375,-573.632080078125,-604.3604736328125,-619.911865234375,-678.01513671875,-663.50439453125,-665.741943359375,-610.98583984375,-566.34130859375,-528.9544677734375,-631.3447265625,-535.67529296875,-592.8033447265625,-565.3388671875,-510.88092041015625,-504.70648193359375,-507.43359375,-506.709228515625,-620.94580078125,-496.4036865234375,-473.0794677734375,-433.31439208984375,-396.86419677734375,-466.01837158203125,-458.52764892578125,-464.56915283203125,-446.34869384765625,-378.8017578125,-364.0142822265625,-355.13134765625,-404.45843505859375,-404.37347412109375,-390.17559814453125,-327.506103515625,-378.337646484375,-296.9638671875,-305.5494384765625,-310.64007568359375,-290.7236328125,-257.841064453125,-249.2923583984375,-250.0162353515625,-268.713623046875,-320.8065185546875,-321.1435546875,-226.795166015625,-186.2496337890625,-109.91864013671875,-227.59783935546875,-147.12744140625,-295.8529052734375,-267.58734130859375,-277.2935791015625,-133.6739501953125,-224.59515380859375,-157.4503173828125,-59.522705078125,-190.21893310546875,-35.732421875,8.026275634765625,-60.929443359375,-9.609832763671875,16.145477294921875,-10.761962890625,-66.124755859375,-106.9417724609375,10.461151123046875,-37.15228271484375,-66.4112548828125,-61.9923095703125,42.912841796875,48.308837890625,69.4686279296875,10.401641845703125,102.564697265625,-121.16754150390625,43.608123779296875
"S128",76.57711791992188,-26.342529296875,93.9327392578125,84.7384033203125,127.41262817382812,172.87994384765625,78.203125,136.0673828125,138.56881713867188,54.93878173828125,135.27529907226562,169.888916015625,195.22329711914062,177.95462036132812,213.28155517578125,197.38760375976562,196.45452880859375,209.16201782226562,203.39645385742188,215.53549194335938,231.6083984375,203.27850341796875,236.44076538085938,225.62637329101562,229.2579345703125,251.97511291503906,253.70704650878906,226.26885986328125,258.1109924316406,251.30499267578125,262.2036590576172,245.27777099609375,204.3306884765625,236.22769165039062,259.23870849609375,262.73182678222656,268.39495849609375,256.3432312011719,245.67457580566406,249.51040649414062,208.12774658203125,195.72579956054688,190.69561767578125,166.1331787109375,175.10617065429688,97.6900634765625,34.8408203125,20.102020263671875,-27.21160888671875,-104.63031005859375,-125.482421875,-146.18792724609375,-215.6607666015625,-242.33642578125,-373.9573974609375,-367.44097900390625,-358.5859375,-394.3084716796875,-475.228271484375,-436.18975830078125,-544.0709228515625,-466.34210205078125,-478.53704833984375,-542.114501953125,-615.3421630859375,-573.632080078125,-604.3604736328125,-619.911865234375,-678.01513671875,-663.50439453125,-665.741943359375,-610.98583984375,-566.34130859375,-528.9544677734375,-631.3447265625,-535.67529296875,-592.8033447265625,-565.3388671875,-503.15380859375,-504.70648193359375,-494.65093994140625,-482.9844970703125,-501.15423583984375,-496.4036865234375,-473.0794677734375,-433.31439208984375,-396.86419677734375,-466.01837158203125,-458.52764892578125,-464.56915283203125,-446.34869384765625,-378.8017578125,-364.0142822265625,-355.13134765625,-404.45843505859375,-404.37347412109375,-390.17559814453125,-327.506103515625,-378.337646484375,-296.9638671875,-305.5494384765625,-310.64007568359375,-290.7236328125,-257.841064453125,-249.2923583984375,-250.0162353515625,-208.9859619140625,-157.10052490234375,-167.155029296875,-187.27899169921875,-193.15350341796875,-82.00634765625,-159.13128662109375,-102.50079345703125,-122.58306884765625,-193.73089599609375,-448.80712890625,-250.0584716796875,-307.27117919921875,-262.845703125,-126.34539794921875,-447.66046142578125,-141.9345703125,-178.4755859375,-245.5489501953125,-177.404052734375,-126.5780029296875,-124.84136962890625,-163.67254638671875,-131.61285400390625,-116.73565673828125,-263.32427978515625,-107.40478515625,-175.564453125,-210.2501220703125,-169.634521484375,-181.95843505859375,-95.85626220703125,-112.8397216796875,-108.45050048828125,-161.2945556640625
"S129",-178.11859130859375,-49.72698974609375,-42.92547607421875,-41.697021484375,32.61785888671875,10.303741455078125,8.349609375,99.4837646484375,39.46710205078125,9.468505859375,-132.75299072265625,2.223175048828125,40.116424560546875,92.50888061523438,161.67327880859375,63.52789306640625,57.899169921875,-74.60833740234375,50.2491455078125,115.78018188476562,-77.06158447265625,18.6600341796875,116.52938842773438,239.65887451171875,240.71453857421875,264.97715759277344,273.27545166015625,254.73074340820312,273.5284729003906,282.0251770019531,260.0942687988281,273.0257110595703,234.0604248046875,255.1038360595703,264.14215087890625,278.44915771484375,245.03497314453125,246.99000549316406,254.88592529296875,225.0,208.65090942382812,190.77859497070312,176.32608032226562,169.31951904296875,82.02072143554688,-73.39361572265625,-62.5283203125,-31.88836669921875,-52.922119140625,-187.1781005859375,-190.6158447265625,-146.18792724609375,-215.6607666015625,-242.33642578125,-286.12872314453125,-367.44097900390625,-358.5859375,-394.3084716796875,-475.228271484375,-436.18975830078125,-544.0709228515625,-466.34210205078125,-478.53704833984375,-542.114501953125,-615.3421630859375,-573.632080078125,-604.3604736328125,-619.911865234375,-678.01513671875,-663.50439453125,-665.741943359375,-610.98583984375,-566.34130859375,-528.9544677734375,-631.3447265625,-535.67529296875,-592.8033447265625,-565.3388671875,-503.15380859375,-504.70648193359375,-494.65093994140625,-482.9844970703125,-501.15423583984375,-496.4036865234375,-473.0794677734375,-433.31439208984375,-396.86419677734375,-466.01837158203125,-458.52764892578125,-464.56915283203125,-446.34869384765625,-378.8017578125,-364.0142822265625,-355.13134765625,-404.45843505859375,-404.37347412109375,-390.17559814453125,-327.506103515625,-378.337646484375,-375.690673828125,-409.04901123046875,-355.8924560546875,-400.52996826171875,-375.5960693359375,-329.35986328125,-443.07061767578125,-598.0130615234375,-497.625732421875,-610.0404052734375,-483.46832275390625,-584.6754150390625,-531.0323486328125,-448.96392822265625,-516.2735595703125,-612.8028564453125,-549.4193115234375,-699.88232421875,-640.670654296875,-548.9190673828125,-549.6568603515625,-463.67376708984375,-566.1583251953125,-579.0908203125,-538.562744140625,-555.4376220703125,-565.7100830078125,-488.90673828125,-599.265380859375,-486.6934814453125,-377.677490234375,-329.58935546875,-393.10980224609375,-403.91375732421875,-475.6953125,-388.624755859375,-473.4927978515625,-320.839111328125,-365.2767333984375,-474.0321044921875,-257.46533203125,-214.88580322265625
"S130",-225.6185302734375,-134.01611328125,-120.39166259765625,-84.43536376953125,-39.59161376953125,-107.51690673828125,-37.23699951171875,33.932525634765625,-27.51434326171875,-27.02734375,-106.31219482421875,-61.27325439453125,-38.6419677734375,61.9298095703125,79.97415161132812,34.989349365234375,20.6373291015625,-62.98712158203125,32.91796875,72.81826782226562,-62.81475830078125,-28.1290283203125,85.228271484375,163.14398193359375,190.10552978515625,212.923095703125,214.55606079101562,197.48260498046875,218.03167724609375,225.83258056640625,189.32586669921875,224.58724975585938,219.76708984375,199.95303344726562,218.41677856445312,233.18185424804688,202.16183471679688,197.4383544921875,213.84768676757812,171.09002685546875,157.31005859375,137.6134033203125,104.03509521484375,100.54196166992188,34.15728759765625,-89.02337646484375,-136.77392578125,-79.73388671875,-212.49835205078125,-293.38507080078125,-305.072998046875,-297.33148193359375,-273.589111328125,-262.7950439453125,-377.02630615234375,-367.44097900390625,-358.5859375,-394.3084716796875,-475.228271484375,-436.18975830078125,-544.0709228515625,-466.34210205078125,-478.53704833984375,-542.114501953125,-615.3421630859375,-573.632080078125,-604.3604736328125,-619.911865234375,-678.01513671875,-663.50439453125,-665.741943359375,-610.98583984375,-566.34130859375,-528.9544677734375,-631.3447265625,-535.67529296875,-592.8033447265625,-565.3388671875,-503.15380859375,-504.70648193359375,-494.65093994140625,-482.9844970703125,-501.15423583984375,-496.4036865234375,-473.0794677734375,-433.31439208984375,-396.86419677734375,-466.01837158203125,-458.52764892578125,-464.56915283203125,-446.34869384765625,-378.8017578125,-364.0142822265625,-389.24176025390625,-404.45843505859375,-505.847412109375,-390.17559814453125,-481.61761474609375,-439.969482421875,-527.13916015625,-572.940185546875,-517.2682495117188,-507.885986328125,-520.4486083984375,-467.56982421875,-601.3101806640625,-632.1300048828125,-740.8651123046875,-738.9417724609375,-808.18896484375,-761.4453125,-656.08349609375,-605.5159912109375,-703.2474365234375,-766.2535400390625,-650.27490234375,-773.1248779296875,-745.6201171875,-661.5096435546875,-621.9178466796875,-646.4378662109375,-701.9703369140625,-734.577392578125,-684.6866455078125,-744.914794921875,-665.61279296875,-630.6827392578125,-790.0589599609375,-543.838623046875,-493.35272216796875,-510.7293701171875,-531.7095947265625,-449.36798095703125,-529.319091796875,-493.20343017578125,-598.7655029296875,-524.43994140625,-552.6331787109375,-614.917236328125,-305.09112548828125,-287.69219970703125
"S131",-202.44158935546875,-184.66796875,-169.969970703125,-132.41265869140625,-141.09869384765625,-53.430908203125,-30.031982421875,-7.71893310546875,-15.40924072265625,53.289581298828125,49.761077880859375,52.053985595703125,50.219940185546875,82.31576538085938,96.77786254882812,117.50958251953125,106.99951171875,96.28335571289062,106.9388427734375,121.32546997070312,146.4454345703125,137.49462890625,163.78732299804688,166.92779541015625,181.60342407226562,189.79739379882812,193.3642578125,176.60189819335938,206.18844604492188,211.16668701171875,173.91848754882812,201.91336059570312,210.04605102539062,194.29144287109375,202.02096557617188,218.33810424804688,188.40554809570312,189.83636474609375,209.73971557617188,173.33889770507812,163.5943603515625,126.78305053710938,75.1719970703125,43.119476318359375,38.519195556640625,-69.03759765625,-162.82989501953125,-255.08978271484375,-266.13702392578125,-304.17327880859375,-417.67718505859375,-407.07489013671875,-391.1580810546875,-491.2677001953125,-484.6202392578125,-521.869384765625,-632.5714111328125,-582.031005859375,-586.8126220703125,-513.6478271484375,-591.72119140625,-561.261962890625,-602.4228515625,-554.859619140625,-615.3421630859375,-605.128662109375,-604.3604736328125,-619.911865234375,-678.01513671875,-663.50439453125,-665.741943359375,-610.98583984375,-566.34130859375,-534.5498046875,-631.3447265625,-559.29736328125,-592.8033447265625,-617.935302734375,-593.0140380859375,-587.6341552734375,-693.957275390625,-654.897216796875,-697.9923095703125,-628.339599609375,-572.2205810546875,-655.7669677734375,-597.1767578125,-647.49462890625,-650.6197509765625,-568.8275146484375,-615.970947265625,-661.491943359375,-579.3275146484375,-711.964599609375,-655.461181640625,-695.27392578125,-639.95654296875,-601.7164306640625,-554.2171630859375,-548.565185546875,-444.07904052734375,-523.8755493164062,-465.253662109375,-496.74176025390625,-577.8470458984375,-496.986083984375,-472.50946044921875,-593.553955078125,-518.8316040039062,-564.34814453125,-550.5845947265625,-505.21337890625,-574.666748046875,-581.588134765625,-611.9205322265625,-555.659423828125,-592.8363037109375,-636.3248291015625,-582.294677734375,-605.1466064453125,-550.9237060546875,-664.1654052734375,-570.01611328125,-609.0552978515625,-655.966552734375,-634.5550537109375,-664.635986328125,-693.519287109375,-587.8441162109375,-485.51934814453125,-580.51416015625,-532.8604736328125,-430.77520751953125,-609.9935302734375,-515.4047241210938,-523.9491577148438,-487.2833251953125,-596.0123291015625,-522.4500732421875,-486.2685546875,-459.39483642578125
"S132",-122.4136962890625,-88.5797119140625,-195.37628173828125,-110.2745361328125,-47.45849609375,9.886505126953125,26.4150390625,45.876953125,55.799224853515625,88.14291381835938,77.91531372070312,120.080810546875,134.37802124023438,109.87225341796875,129.6339111328125,104.72567749023438,121.8436279296875,106.69744873046875,125.56576538085938,148.0947265625,175.7442626953125,157.01321411132812,152.48281860351562,170.82015991210938,152.47509765625,185.30609130859375,167.6060791015625,152.76028442382812,161.51031494140625,171.06097412109375,161.46865844726562,138.88351440429688,170.358154296875,163.697509765625,172.82650756835938,174.4189453125,166.10064697265625,174.62060546875,162.75881958007812,152.88803100585938,142.63052368164062,112.29541015625,88.3485107421875,44.82562255859375,-18.30859375,-108.651123046875,-220.39801025390625,-370.59423828125,-431.91717529296875,-512.13720703125,-653.489990234375,-625.9112548828125,-612.4053955078125,-575.62841796875,-681.635498046875,-720.9156494140625,-803.5146484375,-808.2940673828125,-799.7188720703125,-701.688720703125,-783.85498046875,-711.125244140625,-831.509521484375,-773.3424072265625,-786.260009765625,-772.545166015625,-817.906494140625,-900.0767822265625,-913.2015380859375,-1024.727783203125,-966.991455078125,-889.3526611328125,-797.5902099609375,-739.0338134765625,-699.49462890625,-737.194091796875,-769.970947265625,-746.33837890625,-769.9896240234375,-799.901611328125,-872.0396728515625,-777.76123046875,-819.6883544921875,-788.509521484375,-705.2994384765625,-737.736572265625,-676.421875,-720.2218017578125,-673.464599609375,-627.5889892578125,-660.9271240234375,-738.5914306640625,-712.2261962890625,-784.7484130859375,-768.73828125,-704.572265625,-665.1241455078125,-698.44970703125,-764.5452880859375,-688.916259765625,-553.2017822265625,-589.9156494140625,-528.54248046875,-532.949951171875,-700.02587890625,-646.085205078125,-628.5963134765625,-673.39892578125,-601.072265625,-516.2463989257812,-525.5394287109375,-543.9803466796875,-572.212646484375,-639.7073974609375,-648.5421142578125,-654.364501953125,-697.6080322265625,-744.53369140625,-704.23095703125,-674.656005859375,-632.7652587890625,-642.869384765625,-603.7613525390625,-622.145751953125,-610.3406982421875,-559.854736328125,-560.0712890625,-485.12249755859375,-529.1348876953125,-437.73504638671875,-476.8917236328125,-417.96380615234375,-472.594482421875,-606.4468994140625,-426.24798583984375,-454.97540283203125,-405.53973388671875,-464.53802490234375,-448.90673828125,-447.28509521484375,-422.92474365234375
"S133",-122.4136962890625,-88.5797119140625,-195.37628173828125,-110.2745361328125,-47.45849609375,9.886505126953125,26.4150390625,45.876953125,55.799224853515625,88.14291381835938,77.91531372070312,120.080810546875,134.37802124023438,109.87225341796875,129.6339111328125,104.72567749023438,121.8436279296875,49.445404052734375,125.56576538085938,148.0947265625,175.7442626953125,157.01321411132812,152.48281860351562,170.82015991210938,152.47509765625,185.30609130859375,167.6060791015625,152.76028442382812,161.51031494140625,171.06097412109375,161.46865844726562,138.88351440429688,170.358154296875,163.697509765625,172.82650756835938,174.4189453125,166.10064697265625,174.62060546875,162.75881958007812,152.88803100585938,142.63052368164062,112.29541015625,88.3485107421875,44.82562255859375,-18.30859375,-108.651123046875,-220.39801025390625,-370.59423828125,-431.91717529296875,-533.6466064453125,-701.6435546875,-846.7142333984375,-932.2138671875,-967.7171630859375,-1038.112548828125,-1105.616455078125,-1215.09765625,-1340.3466796875,-1370.1456298828125,-1339.2509765625,-1382.7164306640625,-1376.6800537109375,-1490.599609375,-1469.873779296875,-1514.424072265625,-1479.6595458984375,-1577.697509765625,-1516.4859619140625,-1566.736328125,-1569.575439453125,-1525.4405517578125,-1465.23779296875,-1595.606201171875,-1466.185791015625,-1437.1136474609375,-1570.27197265625,-1495.325927734375,-1443.06884765625,-1430.9722900390625,-1513.0360107421875,-1601.619873046875,-1595.716064453125,-1475.7713623046875,-1366.2969970703125,-1341.907958984375,-1416.0166015625,-1346.1298828125,-1340.62548828125,-1226.114013671875,-1207.9937744140625,-1280.0079345703125,-1356.3515625,-1326.8880615234375,-1478.68505859375,-1485.6458740234375,-1352.2587890625,-1224.1837158203125,-1174.2860107421875,-1269.8690185546875,-1240.4691162109375,-1128.6527099609375,-1132.328125,-1074.771484375,-1021.7452392578125,-1104.60205078125,-1111.0697021484375,-1037.9962158203125,-1095.1485595703125,-1042.047119140625,-894.75927734375,-859.1790771484375,-806.010986328125,-740.9232177734375,-811.79931640625,-790.5391845703125,-730.5941162109375,-815.588623046875,-766.289794921875,-742.127197265625,-693.40966796875,-717.254150390625,-642.869384765625,-603.7613525390625,-622.145751953125,-610.3406982421875,-559.854736328125,-560.0712890625,-485.12249755859375,-529.1348876953125,-437.73504638671875,-476.8917236328125,-417.96380615234375,-472.594482421875,-569.96484375,-426.24798583984375,-454.97540283203125,-405.53973388671875,-464.53802490234375,-448.90673828125,-447.28509521484375,-422.92474365234375
"S134",66.53472900390625,55.77850341796875,145.86846923828125,165.80038452148438,171.0994873046875,208.14102172851562,180.57171630859375,184.39236450195312,180.058349609375,189.6783447265625,214.39999389648438,256.68528747558594,252.0017547607422,258.6663818359375,249.498291015625,247.6337432861328,255.2393798828125,259.79551696777344,260.4197540283203,260.2333068847656,275.7195739746094,279.31101989746094,277.1750946044922,284.9954071044922,279.6188507080078,277.46299743652344,286.9293975830078,283.665283203125,284.45631408691406,293.8377380371094,274.67030334472656,284.1054382324219,283.4688415527344,272.6230163574219,282.8780822753906,277.22259521484375,263.5171203613281,271.37074279785156,258.2893829345703,243.62557983398438,225.4407958984375,201.29013061523438,164.93951416015625,177.58529663085938,118.45770263671875,76.93966674804688,40.546539306640625,-82.53826904296875,-214.3946533203125,-276.72747802734375,-310.595458984375,-371.6263427734375,-488.86114501953125,-615.4996337890625,-740.8116455078125,-849.5584716796875,-884.811767578125,-906.578857421875,-979.9935302734375,-1043.231689453125,-1200.2340087890625,-1234.49951171875,-1250.1265869140625,-1331.717041015625,-1472.774658203125,-1384.8271484375,-1453.1373291015625,-1384.4967041015625,-1433.27294921875,-1436.852783203125,-1475.5601806640625,-1442.036865234375,-1465.8907470703125,-1424.003662109375,-1518.2691650390625,-1612.2763671875,-1547.4234619140625,-1440.041259765625,-1362.28857421875,-1334.1214599609375,-1325.708984375,-1267.91259765625,-1203.514892578125,-1114.4254150390625,-1213.2557373046875,-1194.794677734375,-1257.5594482421875,-1202.2818603515625,-1111.9368896484375,-1133.932373046875,-1132.02392578125,-1149.1153564453125,-1196.2615966796875,-1172.6629638671875,-1090.9876708984375,-1081.791259765625,-1102.310546875,-1091.1414794921875,-1055.8443603515625,-1243.331298828125,-1078.0045166015625,-1013.0267333984375,-934.5521240234375,-1016.8695068359375,-909.73095703125,-966.126953125,-851.2611083984375,-782.09619140625,-815.440673828125,-749.8115234375,-675.595703125,-612.18701171875,-639.0552978515625,-547.6715087890625,-578.1165771484375,-439.87115478515625,-381.18115234375,-425.78167724609375,-359.79376220703125,-279.5103759765625,-248.91851806640625,-227.57122802734375,-223.4644775390625,-221.08050537109375,-157.7509765625,-311.48016357421875,-207.66876220703125,-156.45703125,-119.93603515625,-153.62298583984375,-105.65277099609375,-134.16363525390625,-114.05780029296875,-203.23065185546875,-197.8988037109375,-135.1973876953125,-129.20953369140625,-157.78070068359375,-50.301513671875,20.443389892578125,41.55413818359375
"S135",-116.5152587890625,-33.88714599609375,-19.4871826171875,41.436126708984375,-100.60845947265625,3.228851318359375,-13.44683837890625,47.710418701171875,92.78298950195312,77.41647338867188,117.41000366210938,137.29730224609375,138.97463989257812,139.16400146484375,144.70675659179688,142.767333984375,133.6275634765625,148.49349975585938,139.3973388671875,160.27804565429688,196.44757080078125,190.67044067382812,195.12307739257812,208.80126953125,207.98898315429688,177.09652709960938,246.29769897460938,227.46334838867188,231.77105712890625,238.08627319335938,222.80126953125,237.73284912109375,213.53811645507812,220.30316162109375,227.75320434570312,178.02880859375,228.93997192382812,199.57894897460938,160.88671875,186.375244140625,147.67697143554688,132.49996948242188,90.69149780273438,111.19720458984375,35.131591796875,43.588623046875,-30.14453125,-221.4906005859375,-214.3946533203125,-288.5751953125,-495.50006103515625,-371.6263427734375,-488.86114501953125,-615.4996337890625,-740.8116455078125,-849.5584716796875,-884.811767578125,-873.84814453125,-883.623291015625,-948.7607421875,-960.9385986328125,-933.4761962890625,-984.1094970703125,-985.911376953125,-1090.25537109375,-1078.1461181640625,-1023.959716796875,-933.5029296875,-955.2874755859375,-942.56787109375,-919.1942138671875,-878.388427734375,-845.4371337890625,-810.204833984375,-844.3843994140625,-821.62060546875,-831.782470703125,-825.9993896484375,-795.8851318359375,-825.207275390625,-929.514404296875,-925.12109375,-868.3839111328125,-708.6455078125,-790.6221923828125,-696.534912109375,-659.645751953125,-593.8834228515625,-568.643310546875,-641.562255859375,-639.6522216796875,-617.6990966796875,-1023.5491943359375,-832.083251953125,-594.5687255859375,-664.6512451171875,-630.9962158203125,-638.1741943359375,-592.909423828125,-585.736572265625,-499.30419921875,-485.62786865234375,-497.69830322265625,-507.4356689453125,-458.19091796875,-508.333984375,-513.2094116210938,-514.4678955078125,-472.02471923828125,-428.176025390625,-413.67547607421875,-573.943115234375,-679.12939453125,-442.21380615234375,-450.03173828125,-554.1043701171875,-369.49822998046875,-391.06591796875,-300.47509765625,-293.36834716796875,-327.42230224609375,-310.9354248046875,-266.3363037109375,-232.16168212890625,-199.16204833984375,-388.62884521484375,-300.85406494140625,-299.64068603515625,-313.09112548828125,-357.9674072265625,-217.7049560546875,-191.80426025390625,-203.678466796875,-357.00543212890625,-393.006103515625,-245.31378173828125,-158.80255126953125,-342.28472900390625,-163.43157958984375,-104.2855224609375,-51.0230712890625
"S136",-42.22918701171875,-48.2684326171875,-33.2305908203125,-12.9886474609375,-30.44561767578125,53.312652587890625,51.619476318359375,83.8846435546875,105.33840942382812,120.79824829101562,158.71829223632812,162.01983642578125,180.73190307617188,174.18206787109375,161.37091064453125,175.22723388671875,172.32095336914062,144.86740112304688,157.28152465820312,186.90274047851562,218.08432006835938,218.07034301757812,212.6641845703125,223.351806640625,226.91497802734375,208.95645141601562,255.34300231933594,225.67840576171875,238.8887939453125,242.68182373046875,217.73086547851562,242.62933349609375,198.58340454101562,200.97647094726562,230.0291748046875,185.98947143554688,217.501953125,199.84954833984375,160.77569580078125,180.38662719726562,72.54904174804688,133.0074462890625,100.56607055664062,108.67724609375,21.427886962890625,-19.1773681640625,-60.229248046875,-337.818603515625,-268.8587646484375,-316.73583984375,-542.2376708984375,-369.66986083984375,-392.32318115234375,-550.2431640625,-595.8812255859375,-558.008056640625,-579.7410888671875,-566.7857666015625,-564.83447265625,-611.62646484375,-608.63720703125,-582.04248046875,-637.7469482421875,-625.84619140625,-689.812744140625,-708.2210693359375,-708.8623046875,-605.8924560546875,-599.132080078125,-591.98828125,-573.52001953125,-640.7548828125,-787.8563232421875,-626.0589599609375,-550.7532958984375,-631.625,-661.9423828125,-718.4031982421875,-718.8111572265625,-618.041015625,-643.96630859375,-614.6956787109375,-650.7178955078125,-546.085205078125,-513.2020263671875,-560.96337890625,-743.9864501953125,-750.1119384765625,-654.060302734375,-594.626953125,-540.2698974609375,-659.885009765625,-737.0596923828125,-773.3939208984375,-734.331787109375,-758.4310302734375,-648.4429931640625,-801.850341796875,-684.6304931640625,-646.5850830078125,-652.5015869140625,-640.8287353515625,-612.6944580078125,-638.4576416015625,-556.5823974609375,-577.5277099609375,-581.908447265625,-642.634765625,-459.68341064453125,-528.4876708984375,-474.4866943359375,-703.3126220703125,-731.730224609375,-482.79888916015625,-530.061279296875,-563.6055908203125,-437.01947021484375,-313.20758056640625,-277.980224609375,-300.76177978515625,-256.91314697265625,-301.41412353515625,-358.1856689453125,-273.32843017578125,-312.75482177734375,-367.44342041015625,-395.11334228515625,-225.50299072265625,-271.58575439453125,-240.63385009765625,-216.06060791015625,-197.35797119140625,-152.37542724609375,-200.07708740234375,-192.65496826171875,-201.11199951171875,-166.42547607421875,-200.01727294921875,-112.58709716796875,-36.2637939453125,-57.65203857421875
"S137",153.63922119140625,24.993194580078125,41.152587890625,90.84857177734375,195.36993408203125,236.02706909179688,249.2536163330078,272.5174102783203,248.98968505859375,280.8485107421875,296.35162353515625,271.91929626464844,294.3241882324219,274.154541015625,282.5282287597656,311.2267761230469,308.051025390625,275.5522766113281,320.6233215332031,315.21681213378906,303.37013244628906,323.9173889160156,326.0924835205078,329.8223571777344,320.23130798339844,339.17662048339844,328.59031677246094,324.82920837402344,322.6700439453125,323.38702392578125,320.5152587890625,324.1311798095703,308.65008544921875,307.0307922363281,325.7148895263672,305.7686462402344,311.29017639160156,279.2525177001953,263.60240173339844,298.14886474609375,123.89199829101562,251.5298614501953,227.16799926757812,192.19192504882812,140.68637084960938,7.06292724609375,17.614227294921875,-225.7103271484375,-135.41387939453125,-238.5301513671875,-235.3095703125,-273.0364990234375,-326.630859375,-411.4005126953125,-537.7137451171875,-432.62872314453125,-428.78802490234375,-414.32501220703125,-498.6390380859375,-517.4990844726562,-511.04754638671875,-513.2456665039062,-574.7999267578125,-534.26416015625,-673.8602294921875,-563.536865234375,-634.33642578125,-585.987060546875,-566.872314453125,-743.7515869140625,-670.923828125,-606.273193359375,-646.050537109375,-497.70184326171875,-580.8331298828125,-706.5145263671875,-664.7291259765625,-525.8551025390625,-549.1103515625,-596.86962890625,-764.372314453125,-742.8133544921875,-642.6064453125,-551.431396484375,-568.6651611328125,-588.1358642578125,-643.862548828125,-648.3858642578125,-623.94677734375,-637.3226318359375,-493.41357421875,-585.8878173828125,-665.24853515625,-754.23779296875,-659.542236328125,-651.872314453125,-680.574462890625,-937.1402587890625,-644.25,-662.63330078125,-485.34967041015625,-550.0418701171875,-466.38800048828125,-524.7027587890625,-507.22442626953125,-556.73974609375,-415.90362548828125,-449.23583984375,-359.81787109375,-412.52374267578125,-387.37603759765625,-343.04766845703125,-283.20416259765625,-272.9295654296875,-322.1934814453125,-254.33282470703125,-227.67047119140625,-153.64276123046875,-105.6810302734375,-174.6785888671875,-145.39178466796875,-121.47454833984375,-216.8111572265625,-114.8006591796875,-240.361572265625,-197.24713134765625,-249.2005615234375,-15.41021728515625,-91.6724853515625,-61.2413330078125,-96.3604736328125,-36.08642578125,-38.26361083984375,-27.0,20.16058349609375,-19.84991455078125,2.433074951171875,-23.15899658203125,8.189697265625,87.23373413085938,17.710479736328125
"S138",57.604827880859375,174.69500732421875,130.63079833984375,276.86114501953125,146.26235961914062,292.8652648925781,297.2442169189453,305.51133728027344,321.0927276611328,293.3370819091797,338.2594757080078,314.8548889160156,326.4425811767578,346.3759460449219,301.9961242675781,335.90403747558594,360.78492736816406,333.13560485839844,344.1516571044922,356.7942352294922,331.9590301513672,360.2493438720703,356.583251953125,339.51930236816406,337.61370849609375,376.64471435546875,337.7779998779297,363.9807891845703,349.92279052734375,340.3614044189453,354.6056671142578,363.3506622314453,333.6575622558594,360.2284851074219,349.1076202392578,327.87107849121094,359.86656188964844,348.41297912597656,299.3788299560547,295.6473693847656,286.756103515625,277.7987823486328,167.99130249023438,151.850830078125,154.29660034179688,44.40972900390625,-18.5638427734375,-165.78778076171875,-263.14056396484375,-327.67742919921875,-283.674072265625,-374.968017578125,-376.82452392578125,-723.02783203125,-533.56005859375,-640.41259765625,-599.8055419921875,-591.6641845703125,-562.594970703125,-652.00537109375,-623.3519287109375,-567.6796875,-698.476318359375,-654.9459228515625,-797.493896484375,-731.99853515625,-616.667236328125,-562.9439697265625,-659.78759765625,-632.8143310546875,-566.2777099609375,-590.9017333984375,-504.0391845703125,-512.8447875976562,-551.593505859375,-478.0711669921875,-630.1876220703125,-525.9971923828125,-519.8204345703125,-654.1519775390625,-720.4429931640625,-723.941162109375,-577.6136474609375,-368.12982177734375,-616.536376953125,-420.94647216796875,-392.61236572265625,-384.1605224609375,-404.22320556640625,-500.53204345703125,-406.04248046875,-424.259033203125,-457.21502685546875,-393.572509765625,-446.18377685546875,-573.501953125,-444.18011474609375,-426.49591064453125,-433.214111328125,-392.36322021484375,-327.45654296875,-354.91796875,-378.56488037109375,-331.22735595703125,-279.9638671875,-455.824462890625,-422.944091796875,-364.2008056640625,-281.97430419921875,-198.1341552734375,-442.411376953125,-166.685546875,-311.07562255859375,-241.003173828125,-271.654052734375,-512.5291137695312,-371.17572021484375,-228.98626708984375,-201.05572509765625,-247.8551025390625,-163.19384765625,-107.9794921875,-101.76873779296875,-205.81158447265625,-67.58160400390625,-17.08953857421875,31.47979736328125,26.88037109375,-8.45343017578125,13.384674072265625,16.08148193359375,32.35430908203125,59.814666748046875,54.05755615234375,-23.811767578125,9.091461181640625,85.09500122070312,-69.01898193359375,-174.66839599609375,109.02175903320312,23.185455322265625
"S139",441.54014587402344,446.67551040649414,449.2966766357422,453.968936920166,453.0932197570801,461.5753402709961,465.4995460510254,457.3757095336914,467.4219779968262,466.4786186218262,467.04356384277344,468.9003143310547,468.6675777435303,469.1278190612793,417.6394348144531,461.0354995727539,467.63032150268555,470.09113121032715,470.64941596984863,466.5167541503906,467.3233413696289,468.3606472015381,468.77344512939453,463.5602569580078,465.89652252197266,465.07379150390625,469.4332618713379,472.9776496887207,469.0950565338135,467.46127700805664,466.2486228942871,466.11226654052734,470.0750370025635,466.21957778930664,464.4844284057617,467.64257049560547,464.66362380981445,464.0483055114746,462.2903060913086,452.7880401611328,444.94704818725586,438.31611251831055,429.66910552978516,411.67293548583984,389.93868255615234,375.89422607421875,357.53990173339844,324.67578125,281.2540283203125,252.2440185546875,239.02194213867188,236.14871215820312,198.0157470703125,155.604736328125,142.66250610351562,132.13522338867188,117.18179321289062,145.71490478515625,140.03598022460938,97.96133422851562,98.4188232421875,80.14883422851562,74.11083984375,65.19873046875,59.95989990234375,41.734832763671875,19.60052490234375,28.97637939453125,41.7496337890625,49.510528564453125,46.659820556640625,75.63726806640625,75.68316650390625,95.05654907226562,89.34359741210938,102.44796752929688,113.86508178710938,80.98208618164062,79.90203857421875,102.05294799804688,83.42816162109375,125.18032836914062,109.25161743164062,113.67770385742188,101.16879272460938,121.87445068359375,131.55657958984375,151.11514282226562,169.82418823242188,145.07440185546875,135.86480712890625,161.0853271484375,189.13656616210938,181.85528564453125,206.47442626953125,200.244384765625,205.52127075195312,188.56845092773438,200.22061157226562,214.07852172851562,240.18038940429688,240.49237060546875,220.796875,218.15896606445312,217.54269409179688,242.23416137695312,251.12600708007812,256.97499084472656,264.0966796875,282.0719909667969,295.8576354980469,320.9771270751953,322.0504913330078,332.70054626464844,323.2178192138672,332.59539794921875,320.4221496582031,337.4663543701172,349.50421142578125,354.99000549316406,362.4338836669922,371.47132873535156,363.91554260253906,379.6151580810547,375.03311920166016,384.6477584838867,393.8645935058594,384.50244140625,390.701416015625,401.8478546142578,393.2196960449219,407.58477783203125,421.8373336791992,413.6441955566406,408.93341064453125,414.31959533691406,417.4478225708008,420.5739517211914,426.34124755859375,430.552490234375,435.242431640625
"S140",403.0882797241211,391.77685546875,420.5749816894531,426.18672943115234,428.06946563720703,418.0488967895508,431.3138122558594,434.4978256225586,442.8852729797363,439.52264404296875,444.25951766967773,452.1945381164551,445.1714668273926,457.025089263916,426.19979095458984,454.01518630981445,451.8898162841797,447.1362075805664,459.52593994140625,447.63358306884766,451.9989471435547,456.04815673828125,456.1915283203125,450.2874336242676,447.2506408691406,455.8778953552246,454.76650619506836,448.33562088012695,455.564266204834,461.39045333862305,442.5427055358887,439.00018310546875,462.39247131347656,449.8830146789551,439.79698181152344,440.9971160888672,446.9073486328125,425.2125701904297,438.03035736083984,430.87030029296875,412.3633117675781,407.59954833984375,412.2541809082031,402.14666748046875,377.79256439208984,375.89422607421875,357.53990173339844,324.67578125,281.2540283203125,252.2440185546875,239.02194213867188,236.14871215820312,198.0157470703125,155.604736328125,142.66250610351562,132.13522338867188,117.18179321289062,145.71490478515625,140.03598022460938,97.96133422851562,98.4188232421875,80.14883422851562,74.11083984375,65.19873046875,59.95989990234375,41.734832763671875,19.60052490234375,28.97637939453125,41.7496337890625,49.510528564453125,46.659820556640625,75.63726806640625,75.68316650390625,95.05654907226562,89.34359741210938,102.44796752929688,113.86508178710938,80.98208618164062,79.90203857421875,102.05294799804688,83.42816162109375,125.18032836914062,109.25161743164062,113.67770385742188,101.16879272460938,121.87445068359375,131.55657958984375,151.11514282226562,169.82418823242188,145.07440185546875,135.86480712890625,161.0853271484375,189.13656616210938,181.85528564453125,191.85275268554688,200.244384765625,205.52127075195312,143.44461059570312,200.22061157226562,214.07852172851562,236.88922119140625,240.49237060546875,220.796875,218.15896606445312,217.54269409179688,163.11737060546875,197.06011962890625,256.97499084472656,264.0966796875,253.12391662597656,295.8576354980469,255.6107635498047,230.5264892578125,267.89532470703125,238.60971069335938,286.34869384765625,216.02783203125,296.7673034667969,293.40052795410156,263.47412109375,265.9677734375,301.2317657470703,260.03057861328125,299.1891174316406,322.36090087890625,314.298583984375,332.9075927734375,312.81121826171875,344.6153106689453,359.3014678955078,338.85914611816406,330.56689453125,347.5222625732422,347.0788116455078,349.20701599121094,347.7190704345703,361.3213806152344,323.4815368652344,356.7432098388672,344.8451843261719,372.28668212890625
"S141",447.9176940917969,439.09638595581055,449.15664291381836,452.31293869018555,452.5571174621582,452.67916107177734,465.4995460510254,452.5566825866699,462.44933700561523,459.5319175720215,458.22265625,462.2814826965332,462.4490852355957,459.2947654724121,450.9592170715332,457.9810485839844,457.21255111694336,469.0117588043213,466.85973739624023,461.0788383483887,464.2943992614746,463.4685173034668,461.86010360717773,463.5602569580078,465.89652252197266,459.47949600219727,469.4332618713379,464.7860908508301,459.48806381225586,463.4853973388672,464.0045700073242,456.7387504577637,461.51760482788086,466.21957778930664,464.4844284057617,463.1255111694336,464.66362380981445,459.01375579833984,460.8583106994629,452.7880401611328,444.94704818725586,438.31611251831055,429.66910552978516,411.67293548583984,389.93868255615234,375.89422607421875,357.53990173339844,324.67578125,281.2540283203125,252.2440185546875,239.02194213867188,236.14871215820312,198.0157470703125,155.604736328125,142.66250610351562,132.13522338867188,117.18179321289062,145.71490478515625,140.03598022460938,97.96133422851562,98.4188232421875,80.14883422851562,74.11083984375,65.19873046875,59.95989990234375,41.734832763671875,19.60052490234375,28.97637939453125,41.7496337890625,49.510528564453125,46.659820556640625,75.63726806640625,75.68316650390625,95.05654907226562,89.34359741210938,102.44796752929688,113.86508178710938,80.98208618164062,79.90203857421875,102.05294799804688,83.42816162109375,125.18032836914062,109.25161743164062,113.67770385742188,101.16879272460938,121.87445068359375,131.55657958984375,151.11514282226562,169.82418823242188,145.07440185546875,135.86480712890625,161.0853271484375,189.13656616210938,181.85528564453125,206.47442626953125,200.244384765625,205.52127075195312,188.56845092773438,200.22061157226562,214.07852172851562,240.18038940429688,240.49237060546875,220.796875,218.15896606445312,217.54269409179688,242.23416137695312,251.12600708007812,256.97499084472656,264.0966796875,282.0719909667969,295.8576354980469,320.9771270751953,322.0504913330078,332.70054626464844,323.2178192138672,332.59539794921875,320.4221496582031,337.4663543701172,349.50421142578125,354.99000549316406,362.4338836669922,371.47132873535156,363.91554260253906,379.6151580810547,375.03311920166016,384.6477584838867,393.8645935058594,382.01920318603516,390.701416015625,399.2937698364258,393.4800033569336,403.1396789550781,410.6354522705078,402.6475524902344,395.33740997314453,408.8580322265625,411.12525177001953,422.879638671875,427.21558380126953,436.1561470031738,420.86283111572266
"S142",436.97519302368164,434.34727478027344,427.49302673339844,440.9232368469238,438.71081161499023,443.3324089050293,444.64303970336914,429.2345962524414,449.10290908813477,450.6225051879883,451.7875747680664,455.87839126586914,450.10005950927734,450.27651596069336,450.64719009399414,451.0589828491211,453.646728515625,463.6004333496094,453.8024101257324,450.7955207824707,453.3150405883789,452.05714416503906,454.98399353027344,456.0601043701172,457.0428123474121,453.2381172180176,467.13704681396484,460.53662872314453,456.8612632751465,462.6826972961426,457.36742401123047,451.7077751159668,459.50646209716797,452.02077865600586,453.19234466552734,456.6664237976074,455.9914741516113,456.67700576782227,459.7416534423828,451.31750106811523,442.858154296875,438.31611251831055,429.66910552978516,411.67293548583984,389.93868255615234,375.89422607421875,357.53990173339844,324.67578125,281.2540283203125,252.2440185546875,239.02194213867188,236.14871215820312,198.0157470703125,155.604736328125,142.66250610351562,132.13522338867188,117.18179321289062,145.71490478515625,140.03598022460938,97.96133422851562,98.4188232421875,80.14883422851562,74.11083984375,65.19873046875,59.95989990234375,41.734832763671875,19.60052490234375,28.97637939453125,41.7496337890625,49.510528564453125,46.659820556640625,75.63726806640625,75.68316650390625,95.05654907226562,89.34359741210938,102.44796752929688,113.86508178710938,80.98208618164062,79.90203857421875,102.05294799804688,83.42816162109375,125.18032836914062,109.25161743164062,113.67770385742188,101.16879272460938,121.87445068359375,131.55657958984375,151.11514282226562,169.82418823242188,145.07440185546875,135.86480712890625,161.0853271484375,189.13656616210938,181.85528564453125,206.47442626953125,200.244384765625,205.52127075195312,188.56845092773438,200.22061157226562,214.07852172851562,240.18038940429688,240.49237060546875,220.796875,218.15896606445312,217.54269409179688,242.23416137695312,251.12600708007812,256.97499084472656,264.0966796875,282.0719909667969,295.8576354980469,316.72889709472656,322.0504913330078,332.70054626464844,313.8299102783203,332.59539794921875,320.4221496582031,337.4663543701172,339.6211853027344,337.6531524658203,319.6538391113281,345.7353515625,338.52333068847656,334.9766845703125,350.8734130859375,362.1529083251953,355.97373962402344,355.86334228515625,315.9793701171875,352.1587829589844,361.4235076904297,362.2691345214844,364.55616760253906,390.45277404785156,367.04412841796875,394.4289321899414,399.1923065185547,402.1650085449219,391.9557647705078,409.5309524536133,359.5253143310547
"S143",-Infinity,-Infinity,-Infinity,-Infinity,-Infinity,-Infinity,-Infinity,-Infinity,-Infinity,-Infinity,-Infinity,-Infinity,-Infinity,-Infinity,-Infinity,-Infinity,-Infinity,-Infinity,-Infinity,-Infinity,-Infinity,-Infinity,-Infinity,-Infinity,-Infinity,-Infinity,-Infinity,-Infinity,-Infinity,-Infinity,-Infinity,-Infinity,-Infinity,-Infinity,-Infinity,-Infinity,-Infinity,-Infinity,-Infinity,-Infinity,-Infinity,-Infinity,-Infinity,-Infinity,-Infinity,-Infinity,-Infinity,-Infinity,-Infinity,-Infinity,-Infinity,-Infinity,-Infinity,-Infinity,-Infinity,-Infinity,-Infinity,-Infinity,-Infinity,-Infinity,-Infinity,-Infinity,-Infinity,-Infinity,-Infinity,-Infinity,-Infinity,-Infinity,-Infinity,-Infinity,-Infinity,-Infinity,-Infinity,-Infinity,-Infinity,-Infinity,-Infinity,-Infinity,-Infinity,-Infinity,-Infinity,-Infinity,-Infinity,-Infinity,-Infinity,-Infinity,-Infinity,-Infinity,-Infinity,-Infinity,-Infinity,-Infinity,-Infinity,-Infinity,-Infinity,-Infinity,-Infinity,-Infinity,-Infinity,-Infinity,-Infinity,-Infinity,-Infinity,-Infinity,-Infinity,-Infinity,-Infinity,-Infinity,-Infinity,-Infinity,-Infinity,-Infinity,-Infinity,-Infinity,-Infinity,-Infinity,-Infinity,-Infinity,-Infinity,-Infinity,-Infinity,-Infinity,-Infinity,-Infinity,-Infinity,-Infinity,-Infinity,-Infinity,-Infinity,-Infinity,-Infinity,-Infinity,-Infinity,-Infinity,-Infinity,-Infinity,-Infinity,-Infinity,-Infinity,-Infinity,-Infinity
"S144",-Infinity,-Infinity,-Infinity,-Infinity,-Infinity,-Infinity,-Infinity,-Infinity,-Infinity,-Infinity,-Infinity,-Infinity,-Infinity,-Infinity,-Infinity,-Infinity,-Infinity,-Infinity,-Infinity,-Infinity,-Infinity,-Infinity,-Infinity,-Infinity,-Infinity,-Infinity,-Infinity,-Infinity,-Infinity,-Infinity,-Infinity,-Infinity,-Infinity,-Infinity,-Infinity,-Infinity,-Infinity,-Infinity,-Infinity,-Infinity,-Infinity,-Infinity,-Infinity,-Infinity,-Infinity,-Infinity,-Infinity,-Infinity,-Infinity,-Infinity,-Infinity,-Infinity,-Infinity,-Infinity,-Infinity,-Infinity,-Infinity,-Infinity,-Infinity,-Infinity,-Infinity,-Infinity,-Infinity,-Infinity,-Infinity,-Infinity,-Infinity,-Infinity,-Infinity,-Infinity,-Infinity,-Infinity,-Infinity,-Infinity,-Infinity,-Infinity,-Infinity,-Infinity,-Infinity,-Infinity,-Infinity,-Infinity,-Infinity,-Infinity,-Infinity,-Infinity,-Infinity,-Infinity,-Infinity,-Infinity,-Infinity,-Infinity,-Infinity,-Infinity,-Infinity,-Infinity,-Infinity,-Infinity,-Infinity,-Infinity,-Infinity,-Infinity,-Infinity,-Infinity,-Infinity,-Infinity,-Infinity,-Infinity,-Infinity,-Infinity,-Infinity,-Infinity,-Infinity,-Infinity,-Infinity,-Infinity,-Infinity,-Infinity,-Infinity,-Infinity,-Infinity,-Infinity,-Infinity,-Infinity,-Infinity,-Infinity,-Infinity,-Infinity,-Infinity,-Infinity,-Infinity,-Infinity,-Infinity,-Infinity,-Infinity,-Infinity,-Infinity,-Infinity,-Infinity,-Infinity,-Infinity
"S145",-Infinity,-Infinity,-Infinity,-Infinity,-Infinity,-Infinity,-Infinity,-Infinity,-Infinity,-Infinity,-Infinity,-Infinity,-Infinity,-Infinity,-Infinity,-Infinity,-Infinity,-Infinity,-Infinity,-Infinity,-Infinity,-Infinity,-Infinity,-Infinity,-Infinity,-Infinity,-Infinity,-Infinity,-Infinity,-Infinity,-Infinity,-Infinity,-Infinity,-Infinity,-Infinity,-Infinity,-Infinity,-Infinity,-Infinity,-Infinity,-Infinity,-Infinity,-Infinity,-Infinity,-Infinity,-Infinity,-Infinity,-Infinity,-Infinity,-Infinity,-Infinity,-Infinity,-Infinity,-Infinity,-Infinity,-Infinity,-Infinity,-Infinity,-Infinity,-Infinity,-Infinity,-Infinity,-Infinity,-Infinity,-Infinity,-Infinity,-Infinity,-Infinity,-Infinity,-Infinity,-Infinity,-Infinity,-Infinity,-Infinity,-Infinity,-Infinity,-Infinity,-Infinity,-Infinity,-Infinity,-Infinity,-Infinity,-Infinity,-Infinity,-Infinity,-Infinity,-Infinity,-Infinity,-Infinity,-Infinity,-Infinity,-Infinity,-Infinity,-Infinity,-Infinity,-Infinity,-Infinity,-Infinity,-Infinity,-Infinity,-Infinity,-Infinity,-Infinity,-Infinity,-Infinity,-Infinity,-Infinity,-Infinity,-Infinity,-Infinity,-Infinity,-Infinity,-Infinity,-Infinity,-Infinity,-Infinity,-Infinity,-Infinity,-Infinity,-Infinity,-Infinity,-Infinity,-Infinity,-Infinity,-Infinity,-Infinity,-Infinity,-Infinity,-Infinity,-Infinity,-Infinity,-Infinity,-Infinity,-Infinity,-Infinity,-Infinity,-Infinity,-Infinity,-Infinity,-Infinity,-Infinity
"S146",-Infinity,-Infinity,-Infinity,-Infinity,-Infinity,-Infinity,-Infinity,-Infinity,-Infinity,-Infinity,-Infinity,-Infinity,-Infinity,-Infinity,-Infinity,-Infinity,-Infinity,-Infinity,-Infinity,-Infinity,-Infinity,-Infinity,-Infinity,-Infinity,-Infinity,-Infinity,-Infinity,-Infinity,-Infinity,-Infinity,-Infinity,-Infinity,-Infinity,-Infinity,-Infinity,-Infinity,-Infinity,-Infinity,-Infinity,-Infinity,-Infinity,-Infinity,-Infinity,-Infinity,-Infinity,-Infinity,-Infinity,-Infinity,-Infinity,-Infinity,-Infinity,-Infinity,-Infinity,-Infinity,-Infinity,-Infinity,-Infinity,-Infinity,-Infinity,-Infinity,-Infinity,-Infinity,-Infinity,-Infinity,-Infinity,-Infinity,-Infinity,-Infinity,-Infinity,-Infinity,-Infinity,-Infinity,-Infinity,-Infinity,-Infinity,-Infinity,-Infinity,-Infinity,-Infinity,-Infinity,-Infinity,-Infinity,-Infinity,-Infinity,-Infinity,-Infinity,-Infinity,-Infinity,-Infinity,-Infinity,-Infinity,-Infinity,-Infinity,-Infinity,-Infinity,-Infinity,-Infinity,-Infinity,-Infinity,-Infinity,-Infinity,-Infinity,-Infinity,-Infinity,-Infinity,-Infinity,-Infinity,-Infinity,-Infinity,-Infinity,-Infinity,-Infinity,-Infinity,-Infinity,-Infinity,-Infinity,-Infinity,-Infinity,-Infinity,-Infinity,-Infinity,-Infinity,-Infinity,-Infinity,-Infinity,-Infinity,-Infinity,-Infinity,-Infinity,-Infinity,-Infinity,-Infinity,-Infinity,-Infinity,-Infinity,-Infinity,-Infinity,-Infinity,-Infinity,-Infinity,-Infinity
"S147",106.14486694335938,80.98251342773438,131.97808837890625,150.05474853515625,209.62701416015625,219.1810302734375,199.58709716796875,193.3778076171875,213.45272827148438,219.09881591796875,135.27529907226562,226.47225952148438,225.84072875976562,226.98550415039062,253.8023681640625,249.05235290527344,239.4993896484375,274.4838409423828,250.07681274414062,269.25230407714844,242.23089599609375,253.52108764648438,262.37351989746094,289.65122985839844,273.06060791015625,288.65028381347656,286.49623107910156,287.8890075683594,300.1230010986328,288.7868957519531,287.47509765625,297.29376220703125,309.5941162109375,298.17726135253906,296.54058837890625,277.6795196533203,268.0718994140625,292.94366455078125,262.81236267089844,262.38519287109375,253.66151428222656,245.04257202148438,194.16104125976562,183.8675537109375,174.19464111328125,126.42779541015625,72.19375610351562,20.102020263671875,-52.2972412109375,-37.4622802734375,-111.21783447265625,-145.56103515625,-215.6607666015625,-242.33642578125,-286.12872314453125,-367.44097900390625,-358.5859375,-394.3084716796875,-475.228271484375,-436.18975830078125,-544.0709228515625,-466.34210205078125,-478.53704833984375,-542.114501953125,-615.3421630859375,-573.632080078125,-604.3604736328125,-619.911865234375,-678.01513671875,-663.50439453125,-665.741943359375,-610.98583984375,-566.34130859375,-528.9544677734375,-631.3447265625,-535.67529296875,-592.8033447265625,-565.3388671875,-503.15380859375,-504.70648193359375,-494.65093994140625,-482.9844970703125,-501.15423583984375,-496.4036865234375,-473.0794677734375,-433.31439208984375,-396.86419677734375,-466.01837158203125,-458.52764892578125,-464.56915283203125,-446.34869384765625,-378.8017578125,-364.0142822265625,-355.13134765625,-404.45843505859375,-404.37347412109375,-390.17559814453125,-327.506103515625,-378.337646484375,-296.9638671875,-305.5494384765625,-310.64007568359375,-290.7236328125,-257.841064453125,-249.2923583984375,-250.0162353515625,-208.9859619140625,-177.85107421875,-175.439208984375,-153.48895263671875,-107.593017578125,-179.4833984375,-294.880126953125,-232.9058837890625,-291.13275146484375,-217.32659912109375,-168.94683837890625,-118.97955322265625,-199.18896484375,-160.91656494140625,-137.4222412109375,-121.59954833984375,-79.892333984375,-18.9349365234375,-183.67669677734375,-186.65936279296875,-52.384765625,-56.63702392578125,-94.31658935546875,-146.26885986328125,-117.44110107421875,-53.809326171875,-73.3131103515625,-30.6390380859375,-19.33544921875,-28.56195068359375,-16.11016845703125,-37.71295166015625,30.664764404296875,-9.931396484375,46.26641845703125
"S148",108.0008544921875,136.12188720703125,204.48333740234375,152.88818359375,154.52862548828125,231.22216796875,179.39697265625,147.8233642578125,226.51126098632812,201.156005859375,135.27529907226562,220.8770751953125,217.02359008789062,178.75640869140625,260.17742919921875,234.56964111328125,216.786376953125,281.6386413574219,227.00106811523438,250.59207153320312,239.88165283203125,241.68655395507812,246.5191192626953,302.0722351074219,270.0673828125,269.72601318359375,306.51625061035156,300.2068328857422,290.4323425292969,309.9790802001953,307.96533203125,298.1572723388672,325.9423522949219,321.06211853027344,300.2917785644531,311.07513427734375,280.35247802734375,270.71826171875,295.97813415527344,284.2660369873047,259.9283447265625,245.04257202148438,220.263671875,182.126953125,212.4239501953125,129.56936645507812,90.808837890625,51.743072509765625,-14.0791015625,-22.0181884765625,-111.21783447265625,-145.56103515625,-215.6607666015625,-242.33642578125,-286.12872314453125,-367.44097900390625,-358.5859375,-394.3084716796875,-475.228271484375,-436.18975830078125,-544.0709228515625,-466.34210205078125,-478.53704833984375,-542.114501953125,-615.3421630859375,-573.632080078125,-604.3604736328125,-619.911865234375,-678.01513671875,-663.50439453125,-665.741943359375,-610.98583984375,-566.34130859375,-528.9544677734375,-631.3447265625,-535.67529296875,-592.8033447265625,-565.3388671875,-503.15380859375,-504.70648193359375,-494.65093994140625,-482.9844970703125,-501.15423583984375,-496.4036865234375,-473.0794677734375,-433.31439208984375,-396.86419677734375,-466.01837158203125,-458.52764892578125,-464.56915283203125,-446.34869384765625,-378.8017578125,-364.0142822265625,-355.13134765625,-404.45843505859375,-404.37347412109375,-390.17559814453125,-327.506103515625,-378.337646484375,-296.9638671875,-305.5494384765625,-310.64007568359375,-290.7236328125,-257.841064453125,-249.2923583984375,-250.0162353515625,-208.9859619140625,-157.10052490234375,-157.47052001953125,-136.6251220703125,-100.39849853515625,-158.1605224609375,-348.478515625,-292.5994873046875,-227.86273193359375,-111.46209716796875,-90.61602783203125,-41.75421142578125,-118.19818115234375,-88.26898193359375,-58.009765625,-90.82562255859375,-80.177978515625,6.989654541015625,-225.9364013671875,-254.8536376953125,-1.497711181640625,-72.39630126953125,-154.0269775390625,-129.6109619140625,-102.94293212890625,-10.215972900390625,29.527862548828125,-9.5831298828125,-78.63983154296875,-42.477783203125,-54.67401123046875,8.48486328125,47.697357177734375,53.716400146484375,35.333648681640625
"S149",156.38641357421875,122.85870361328125,181.97442626953125,191.99176025390625,222.91806030273438,233.15658569335938,128.30923461914062,223.53619384765625,229.80197143554688,222.59619140625,135.27529907226562,251.779541015625,291.38758850097656,276.68165588378906,288.7840881347656,298.8617858886719,304.5514678955078,302.4436340332031,303.289794921875,307.94627380371094,308.56866455078125,307.41111755371094,314.4813995361328,319.1865997314453,325.41334533691406,326.6139831542969,331.3487091064453,327.73345947265625,331.45880126953125,329.20945739746094,338.2450408935547,331.35693359375,283.2669372558594,321.06211853027344,326.3805389404297,321.9429473876953,323.88059997558594,319.8609619140625,314.2554473876953,315.6672668457031,287.2327423095703,245.04257202148438,245.9736785888672,230.75628662109375,215.13470458984375,129.56936645507812,101.407958984375,51.743072509765625,-14.0791015625,-22.0181884765625,-111.21783447265625,-145.56103515625,-215.6607666015625,-242.33642578125,-286.12872314453125,-367.44097900390625,-358.5859375,-394.3084716796875,-471.9320068359375,-436.18975830078125,-544.0709228515625,-466.34210205078125,-478.53704833984375,-542.114501953125,-614.7423095703125,-573.632080078125,-604.3604736328125,-619.911865234375,-676.7880859375,-663.50439453125,-653.441162109375,-610.98583984375,-558.0477294921875,-528.9544677734375,-624.83056640625,-535.67529296875,-555.3184814453125,-558.4415283203125,-503.15380859375,-504.70648193359375,-494.65093994140625,-482.9844970703125,-501.15423583984375,-496.4036865234375,-473.0794677734375,-433.31439208984375,-396.86419677734375,-466.01837158203125,-458.52764892578125,-464.56915283203125,-446.34869384765625,-378.8017578125,-364.0142822265625,-355.13134765625,-404.45843505859375,-404.37347412109375,-390.17559814453125,-327.506103515625,-378.337646484375,-296.9638671875,-305.5494384765625,-310.64007568359375,-290.7236328125,-257.841064453125,-249.2923583984375,-250.0162353515625,-208.9859619140625,-157.10052490234375,-157.47052001953125,-136.6251220703125,-132.151611328125,-107.69989013671875,-124.732177734375,-82.258544921875,-102.7698974609375,-152.1324462890625,-121.3492431640625,-95.8095703125,-144.12518310546875,-186.2998046875,-42.4915771484375,-163.25238037109375,-84.6107177734375,-155.9393310546875,-144.72662353515625,-227.14111328125,-105.37078857421875,-107.80169677734375,-202.91888427734375,-70.6326904296875,-42.14874267578125,-170.10137939453125,-41.310791015625,-90.327880859375,-82.81402587890625,-40.5406494140625,-29.8614501953125,29.1715087890625,8.253570556640625,-11.212860107421875,28.126373291015625
"S150",-3.071319580078125,-20.3038330078125,-20.63653564453125,-10.736602783203125,9.860504150390625,97.78659057617188,42.5989990234375,132.19595336914062,129.089599609375,148.52554321289062,135.27529907226562,179.46771240234375,183.39520263671875,227.67337036132812,205.37802124023438,217.94363403320312,249.22470092773438,232.8896484375,239.27511596679688,256.94529724121094,254.46957397460938,246.69888305664062,268.9535827636719,262.64776611328125,271.6353302001953,283.7966003417969,295.1531066894531,272.9433135986328,286.44166564941406,285.8220520019531,295.59361267089844,284.4565124511719,243.84292602539062,306.0824279785156,288.0401153564453,300.3160705566406,275.8504333496094,286.2100830078125,287.3411865234375,277.50146484375,256.37416076660156,231.9342041015625,236.642578125,230.75628662109375,174.87222290039062,96.39306640625,20.9661865234375,-62.00738525390625,-35.73162841796875,-79.78570556640625,-197.43310546875,-150.71527099609375,-215.6607666015625,-288.25457763671875,-286.12872314453125,-367.44097900390625,-358.5859375,-394.3084716796875,-471.9320068359375,-486.4259033203125,-544.0709228515625,-466.34210205078125,-478.53704833984375,-542.114501953125,-614.7423095703125,-573.632080078125,-604.3604736328125,-619.911865234375,-676.7880859375,-663.50439453125,-653.441162109375,-610.98583984375,-558.0477294921875,-528.9544677734375,-624.83056640625,-535.67529296875,-555.3184814453125,-558.4415283203125,-503.15380859375,-504.70648193359375,-494.65093994140625,-540.1497802734375,-638.3409423828125,-496.4036865234375,-473.0794677734375,-433.31439208984375,-396.86419677734375,-466.01837158203125,-625.10400390625,-464.56915283203125,-446.34869384765625,-378.8017578125,-364.0142822265625,-453.0823974609375,-405.521240234375,-404.37347412109375,-390.17559814453125,-327.506103515625,-378.337646484375,-357.9869384765625,-331.072265625,-310.64007568359375,-399.5067138671875,-398.85797119140625,-249.2923583984375,-371.13214111328125,-238.87841796875,-542.4732666015625,-470.10369873046875,-515.9221801757812,-378.75994873046875,-365.4119873046875,-371.10516357421875,-335.75897216796875,-438.89031982421875,-487.297119140625,-391.46722412109375,-387.034912109375,-407.96636962890625,-407.86993408203125,-346.285888671875,-396.951171875,-344.74578857421875,-462.68359375,-347.779541015625,-378.2606201171875,-323.1905517578125,-279.06787109375,-329.8179931640625,-169.16998291015625,-177.34466552734375,-327.3018798828125,-362.37213134765625,-187.5546875,-251.67901611328125,-201.07379150390625,-172.37786865234375,-287.22918701171875,-157.8084716796875,-143.47564697265625,-182.19696044921875
"S151",-196.9459228515625,-198.1343994140625,-196.96630859375,-104.52984619140625,-138.16375732421875,-129.8341064453125,-85.3465576171875,-23.55682373046875,-44.970703125,7.32861328125,35.986541748046875,-20.4007568359375,-12.28643798828125,79.14581298828125,41.579620361328125,83.97000122070312,70.90020751953125,61.034637451171875,94.30947875976562,92.35867309570312,109.51296997070312,68.41183471679688,135.28854370117188,122.67770385742188,162.6162109375,174.71002197265625,174.77389526367188,163.11395263671875,189.27194213867188,190.60879516601562,149.12783813476562,183.97695922851562,185.68594360351562,181.87167358398438,187.14556884765625,201.5166015625,177.29385375976562,176.22470092773438,189.44876098632812,150.86111450195312,139.20492553710938,119.08819580078125,56.154998779296875,32.983245849609375,34.621185302734375,-41.97369384765625,-184.29144287109375,-249.0123291015625,-298.1671142578125,-329.42608642578125,-415.4442138671875,-430.01666259765625,-345.05792236328125,-369.04827880859375,-600.067138671875,-672.24560546875,-758.1405029296875,-753.9666748046875,-742.4263916015625,-537.8311767578125,-599.8919677734375,-813.4595947265625,-769.6597900390625,-639.34228515625,-625.4798583984375,-832.2845458984375,-651.30322265625,-659.187744140625,-689.7620849609375,-678.5087890625,-749.8009033203125,-719.0218505859375,-659.5325927734375,-676.179931640625,-624.83056640625,-731.8013916015625,-647.4976806640625,-764.4642333984375,-707.94873046875,-720.0574951171875,-947.0458984375,-768.171875,-753.1915283203125,-782.99560546875,-660.34423828125,-730.2906494140625,-694.21484375,-912.335693359375,-832.5999755859375,-675.9808349609375,-842.7630615234375,-804.607666015625,-709.278564453125,-890.8382568359375,-818.5352783203125,-983.6129150390625,-759.044921875,-633.6685791015625,-595.6741943359375,-541.1661376953125,-580.108154296875,-585.7491455078125,-547.7657470703125,-580.252197265625,-616.714111328125,-638.879638671875,-539.0316162109375,-800.7042236328125,-655.15478515625,-874.04638671875,-738.5546875,-633.8492431640625,-644.864990234375,-722.3035888671875,-750.2318115234375,-673.1851806640625,-659.893310546875,-734.23388671875,-682.296875,-633.74267578125,-669.02099609375,-712.886474609375,-721.60986328125,-764.313720703125,-807.76708984375,-707.8968505859375,-738.519775390625,-780.5865478515625,-629.78955078125,-526.565185546875,-576.19189453125,-628.757568359375,-462.470947265625,-542.653564453125,-507.0167236328125,-577.888427734375,-604.0787353515625,-608.9141845703125,-620.6575927734375,-439.48175048828125,-396.31964111328125
"S152",-316.66546630859375,-304.02783203125,-437.622314453125,-341.970947265625,-448.27691650390625,-179.0048828125,-127.48236083984375,-208.272705078125,-129.07025146484375,-50.66595458984375,-75.522216796875,-75.3065185546875,-30.74737548828125,-49.0859375,-17.80517578125,-0.060882568359375,-37.67742919921875,-114.701904296875,-17.66217041015625,4.282562255859375,62.793243408203125,79.37652587890625,70.20889282226562,72.80307006835938,80.05862426757812,89.71893310546875,70.26763916015625,59.91046142578125,108.23068237304688,127.12542724609375,39.99249267578125,65.67929077148438,103.25363159179688,109.54928588867188,97.61077880859375,98.47000122070312,96.266357421875,105.16323852539062,105.53164672851562,74.94674682617188,71.92105102539062,18.8790283203125,-80.09100341796875,-189.07672119140625,-94.12933349609375,-195.91552734375,-517.3508911132812,-823.23046875,-376.9580078125,-486.43792724609375,-785.453125,-602.9100341796875,-617.72216796875,-573.3673095703125,-800.4849853515625,-840.5634765625,-930.27587890625,-844.4132080078125,-897.6065673828125,-657.5572509765625,-756.638427734375,-738.2596435546875,-1082.3154296875,-757.609130859375,-651.258056640625,-809.1585693359375,-829.200927734375,-729.748046875,-913.457763671875,-704.2532958984375,-926.174560546875,-893.98681640625,-908.2120361328125,-725.8125,-631.3447265625,-801.6866455078125,-792.343505859375,-752.6099853515625,-992.6138916015625,-865.0159912109375,-973.38623046875,-796.809814453125,-769.8575439453125,-802.2852783203125,-842.717529296875,-863.12841796875,-779.3131103515625,-833.9974365234375,-744.4259033203125,-709.0430908203125,-768.0765380859375,-859.2650146484375,-850.908447265625,-892.880615234375,-875.5965576171875,-751.4337158203125,-785.6044921875,-807.2935791015625,-939.955078125,-668.5350341796875,-590.8616943359375,-756.83544921875,-572.3275146484375,-663.06396484375,-1099.8419189453125,-655.6038818359375,-762.0894775390625,-754.072265625,-608.7291259765625,-606.5013427734375,-667.3363037109375,-691.239990234375,-743.6136474609375,-837.5079345703125,-771.668212890625,-856.51611328125,-865.929931640625,-952.6768798828125,-828.193603515625,-792.7926025390625,-723.44091796875,-919.2816162109375,-813.1630859375,-961.240966796875,-922.4803466796875,-952.4580078125,-1028.6907958984375,-858.429931640625,-979.710693359375,-701.4183349609375,-721.2777099609375,-794.947509765625,-650.7576904296875,-971.76123046875,-623.8814697265625,-709.1435546875,-647.1859130859375,-713.85595703125,-784.0308837890625,-975.0462646484375,-765.628173828125
"S153",-122.4136962890625,-88.5797119140625,-195.37628173828125,-145.9847412109375,-47.45849609375,9.886505126953125,26.4150390625,-11.573638916015625,45.688934326171875,88.14291381835938,77.91531372070312,120.080810546875,134.37802124023438,109.87225341796875,129.6339111328125,104.72567749023438,90.63970947265625,106.69744873046875,125.56576538085938,148.0947265625,175.7442626953125,157.01321411132812,152.48281860351562,170.82015991210938,152.47509765625,185.30609130859375,125.40365600585938,33.54290771484375,69.35739135742188,161.52044677734375,82.92559814453125,10.779052734375,158.28536987304688,128.95306396484375,169.86376953125,174.4189453125,138.8551025390625,172.00497436523438,158.7679443359375,152.88803100585938,146.54718017578125,73.38803100585938,88.3485107421875,44.82562255859375,-18.30859375,-130.12713623046875,-514.5238037109375,-224.3924560546875,-306.3870849609375,-445.95977783203125,-508.610595703125,-625.9112548828125,-612.4053955078125,-575.62841796875,-681.635498046875,-720.9156494140625,-803.5146484375,-808.2940673828125,-799.7188720703125,-701.688720703125,-783.85498046875,-711.125244140625,-831.509521484375,-773.3424072265625,-786.260009765625,-772.545166015625,-817.906494140625,-900.0767822265625,-913.2015380859375,-1024.727783203125,-966.991455078125,-889.3526611328125,-797.5902099609375,-739.0338134765625,-699.49462890625,-737.194091796875,-769.970947265625,-746.33837890625,-769.9896240234375,-799.901611328125,-872.0396728515625,-777.76123046875,-819.6883544921875,-788.509521484375,-705.2994384765625,-737.736572265625,-676.421875,-720.2218017578125,-673.464599609375,-627.5889892578125,-660.9271240234375,-738.5914306640625,-712.2261962890625,-784.7484130859375,-768.73828125,-704.572265625,-665.1241455078125,-698.44970703125,-764.5452880859375,-882.540771484375,-553.2017822265625,-589.9156494140625,-528.54248046875,-532.949951171875,-700.02587890625,-646.085205078125,-628.5963134765625,-673.39892578125,-601.072265625,-516.2463989257812,-525.5394287109375,-543.9803466796875,-572.212646484375,-639.7073974609375,-648.5421142578125,-654.364501953125,-697.6080322265625,-744.53369140625,-704.23095703125,-674.656005859375,-669.9617919921875,-642.869384765625,-603.7613525390625,-622.145751953125,-669.908447265625,-559.854736328125,-560.0712890625,-485.12249755859375,-560.426025390625,-437.73504638671875,-476.8917236328125,-544.2664794921875,-575.552001953125,-1157.6689453125,-426.24798583984375,-499.195556640625,-405.53973388671875,-464.53802490234375,-448.90673828125,-447.28509521484375,-422.92474365234375
"S154",-122.4136962890625,-88.5797119140625,-195.37628173828125,-110.2745361328125,-47.45849609375,9.886505126953125,26.4150390625,45.876953125,55.799224853515625,88.14291381835938,77.91531372070312,120.080810546875,134.37802124023438,109.87225341796875,129.6339111328125,104.72567749023438,121.8436279296875,106.69744873046875,125.56576538085938,148.0947265625,175.7442626953125,157.01321411132812,152.48281860351562,170.82015991210938,152.47509765625,185.30609130859375,167.6060791015625,152.76028442382812,161.51031494140625,171.06097412109375,110.19839477539062,138.88351440429688,172.8388671875,163.697509765625,180.38302612304688,174.4189453125,166.10064697265625,174.62060546875,162.75881958007812,152.88803100585938,142.63052368164062,112.29541015625,88.3485107421875,44.82562255859375,-18.30859375,-108.651123046875,-234.0924072265625,-224.3924560546875,-306.3870849609375,-445.95977783203125,-508.610595703125,-807.060302734375,-932.2138671875,-967.7171630859375,-1038.112548828125,-1105.616455078125,-1215.09765625,-1340.3466796875,-1370.1456298828125,-1339.2509765625,-1382.7164306640625,-1376.6800537109375,-1490.599609375,-1469.873779296875,-1514.424072265625,-1479.6595458984375,-1577.697509765625,-1516.4859619140625,-1566.736328125,-1569.575439453125,-1525.4405517578125,-1465.23779296875,-1595.606201171875,-1466.185791015625,-1437.1136474609375,-1570.27197265625,-1495.325927734375,-1443.06884765625,-1430.9722900390625,-1513.0360107421875,-1601.619873046875,-1595.716064453125,-1475.7713623046875,-1366.2969970703125,-1341.907958984375,-1416.0166015625,-1346.1298828125,-1340.62548828125,-1226.114013671875,-1207.9937744140625,-1280.0079345703125,-1356.3515625,-1326.8880615234375,-1478.68505859375,-1485.6458740234375,-1352.2587890625,-1224.1837158203125,-1174.2860107421875,-1269.8690185546875,-1240.4691162109375,-1128.6527099609375,-1132.328125,-1074.771484375,-1021.7452392578125,-1104.60205078125,-1111.0697021484375,-1037.9962158203125,-1095.1485595703125,-1042.047119140625,-894.75927734375,-859.1790771484375,-806.010986328125,-740.9232177734375,-811.79931640625,-788.8052978515625,-722.1033935546875,-702.63916015625,-766.289794921875,-742.127197265625,-693.40966796875,-717.254150390625,-642.869384765625,-603.7613525390625,-622.145751953125,-656.1282958984375,-559.854736328125,-560.0712890625,-485.12249755859375,-529.1348876953125,-437.73504638671875,-476.8917236328125,-417.96380615234375,-472.594482421875,-569.96484375,-426.24798583984375,-454.97540283203125,-405.53973388671875,-464.53802490234375,-448.90673828125,-447.28509521484375,-422.92474365234375
"S155",16.44769287109375,-134.90826416015625,71.01287841796875,48.03656005859375,105.82504272460938,168.46383666992188,117.37393188476562,181.32870483398438,164.0938720703125,189.6783447265625,209.0411376953125,208.68792724609375,248.89776611328125,239.14364624023438,179.92092895507812,242.69241333007812,240.23843383789062,200.60330200195312,228.20864868164062,198.17391967773438,230.12417602539062,225.958251953125,237.68026733398438,234.64492797851562,228.66015625,192.4580078125,213.38217163085938,213.950439453125,226.84930419921875,265.6048889160156,242.39688110351562,244.77627563476562,251.02911376953125,230.17919921875,261.4426574707031,202.67764282226562,212.80154418945312,233.380615234375,221.84274291992188,184.66104125976562,201.12774658203125,181.38812255859375,164.93951416015625,148.66702270507812,84.82400512695312,68.96383666992188,40.546539306640625,-82.53826904296875,-214.3946533203125,-322.6192626953125,-342.62554931640625,-719.457763671875,-488.86114501953125,-615.4996337890625,-740.8116455078125,-849.5584716796875,-884.811767578125,-918.1881103515625,-979.9935302734375,-1043.231689453125,-1200.2340087890625,-1234.49951171875,-1250.1265869140625,-1331.717041015625,-1472.774658203125,-1384.8271484375,-1453.1373291015625,-1384.4967041015625,-1433.27294921875,-1436.852783203125,-1475.5601806640625,-1442.036865234375,-1465.8907470703125,-1424.003662109375,-1518.2691650390625,-1612.2763671875,-1547.4234619140625,-1440.041259765625,-1362.28857421875,-1334.1214599609375,-1325.708984375,-1267.91259765625,-1203.514892578125,-1114.4254150390625,-1213.2557373046875,-1194.794677734375,-1257.5594482421875,-1202.2818603515625,-1111.9368896484375,-1133.932373046875,-1132.02392578125,-1149.1153564453125,-1196.2615966796875,-1172.6629638671875,-1090.9876708984375,-1092.3619384765625,-1102.310546875,-1091.1414794921875,-1090.0882568359375,-1243.331298828125,-1078.0045166015625,-1013.0267333984375,-1041.5823974609375,-1016.8695068359375,-909.73095703125,-966.126953125,-851.2611083984375,-782.09619140625,-833.9188232421875,-873.0296630859375,-794.164794921875,-754.025634765625,-635.7227783203125,-555.186279296875,-577.3717041015625,-559.1898193359375,-544.4180908203125,-483.00482177734375,-431.669189453125,-420.73907470703125,-438.61407470703125,-341.98651123046875,-484.880126953125,-459.73724365234375,-513.4303588867188,-457.04144287109375,-326.21441650390625,-351.95208740234375,-212.81866455078125,-167.15704345703125,-114.5972900390625,-175.545654296875,-286.48956298828125,-168.5517578125,-335.13616943359375,-278.91595458984375,-109.34539794921875,-235.24322509765625,3.558837890625,-63.70538330078125,-73.5975341796875
"S156",-14.01507568359375,63.02374267578125,107.99310302734375,123.04306030273438,113.97940063476562,165.39212036132812,106.55731201171875,141.60113525390625,180.058349609375,184.12722778320312,198.8135986328125,212.390625,205.47378540039062,217.94778442382812,204.90817260742188,195.66839599609375,225.521728515625,235.58697509765625,214.75155639648438,231.25048828125,238.55526733398438,243.98651123046875,234.0838623046875,253.1085205078125,240.70440673828125,249.4717559814453,260.4057922363281,245.80621337890625,239.15936279296875,266.040283203125,235.35293579101562,258.66993713378906,247.77732849121094,230.14877319335938,255.57614135742188,259.9628601074219,217.2010498046875,244.2257080078125,217.9927978515625,214.1029052734375,189.104248046875,188.07492065429688,164.93951416015625,176.61956787109375,118.45770263671875,76.93966674804688,40.546539306640625,-82.53826904296875,-214.3946533203125,-276.72747802734375,-367.2415771484375,-371.6263427734375,-514.8622436523438,-615.4996337890625,-740.8116455078125,-849.5584716796875,-884.811767578125,-873.84814453125,-883.623291015625,-948.7607421875,-960.9385986328125,-933.4761962890625,-984.1094970703125,-985.911376953125,-1090.25537109375,-1078.1461181640625,-1434.7376708984375,-933.5029296875,-1092.6585693359375,-942.56787109375,-956.8497314453125,-938.6171875,-1192.0003662109375,-1100.9552001953125,-1022.125244140625,-941.9755859375,-1032.222900390625,-1134.3048095703125,-1094.8619384765625,-1122.9683837890625,-1077.0582275390625,-932.4510498046875,-1072.7916259765625,-848.2835693359375,-915.76708984375,-1020.5660400390625,-907.3212890625,-1058.55322265625,-940.4178466796875,-871.1171875,-938.6746826171875,-1114.978271484375,-1511.9205322265625,-1366.0811767578125,-1035.1893310546875,-1059.15576171875,-930.996826171875,-973.3262939453125,-1030.6767578125,-1137.8773193359375,-882.9893798828125,-952.219482421875,-948.5299072265625,-982.623291015625,-889.6571044921875,-993.6668701171875,-983.173095703125,-807.955322265625,-981.9061279296875,-791.76171875,-813.983154296875,-770.6917724609375,-963.556396484375,-683.9735107421875,-737.6685791015625,-533.1865234375,-518.4046020507812,-689.7679443359375,-491.51727294921875,-342.299560546875,-393.069580078125,-337.44970703125,-377.46380615234375,-306.17108154296875,-231.94635009765625,-728.4180908203125,-277.73333740234375,-248.8055419921875,-184.4061279296875,-225.40631103515625,-147.56201171875,-189.84185791015625,-202.9688720703125,-193.4764404296875,-342.4522705078125,-247.79534912109375,-266.23321533203125,-273.8035888671875,-116.57794189453125,4.19866943359375,-8.20513916015625
"S157",94.80331420898438,81.05288696289062,142.494140625,158.1243896484375,142.62451171875,177.10311889648438,147.39007568359375,166.32379150390625,209.61569213867188,204.1514892578125,230.01284790039062,252.88694763183594,230.6416015625,239.62789916992188,238.06619262695312,247.86813354492188,255.18214416503906,246.42041015625,236.11724853515625,260.3848114013672,272.64573669433594,277.1562805175781,242.74822998046875,289.5266418457031,258.88999938964844,267.46209716796875,292.51275634765625,259.9552307128906,278.62158203125,291.28089904785156,263.3872985839844,284.4705047607422,264.16795349121094,242.32757568359375,285.0105438232422,255.1748046875,218.37692260742188,262.84584045410156,228.61141967773438,185.923095703125,212.59820556640625,176.45123291015625,153.44580078125,151.92288208007812,56.492279052734375,-48.66729736328125,-49.90087890625,-288.52178955078125,-220.10052490234375,-322.09136962890625,-407.27154541015625,-492.228271484375,-572.70947265625,-641.1309814453125,-891.2381591796875,-750.4794921875,-781.347900390625,-721.8106689453125,-880.102783203125,-840.73388671875,-878.8297119140625,-953.8475341796875,-924.953369140625,-981.595458984375,-1059.42724609375,-1020.9229736328125,-1090.1163330078125,-887.784912109375,-953.7403564453125,-1100.79296875,-1043.9208984375,-981.7515869140625,-1132.34619140625,-1106.5130615234375,-1163.3489990234375,-1395.1829833984375,-1182.1591796875,-1064.1708984375,-1165.4722900390625,-1198.825927734375,-1236.2374267578125,-1176.1263427734375,-1178.7818603515625,-1005.2491455078125,-950.757568359375,-1082.7520751953125,-1163.33642578125,-1198.3941650390625,-1025.193603515625,-969.541015625,-925.0068359375,-870.22314453125,-1030.09326171875,-1157.7342529296875,-1129.8583984375,-1012.3355712890625,-1086.3138427734375,-1027.60693359375,-1048.1982421875,-1013.700439453125,-865.2366943359375,-924.478759765625,-845.3177490234375,-870.502685546875,-872.6041259765625,-1006.850341796875,-809.814453125,-777.2274169921875,-838.1334228515625,-926.6307373046875,-727.8858642578125,-733.5675048828125,-826.927490234375,-662.29736328125,-1039.1663818359375,-435.42120361328125,-471.28106689453125,-383.33905029296875,-415.088623046875,-385.91650390625,-240.8568115234375,-272.020751953125,-443.99273681640625,-430.7646484375,-333.45733642578125,-364.99407958984375,-208.55096435546875,-145.49212646484375,-221.441650390625,-238.08331298828125,-228.29638671875,-271.63922119140625,-161.195068359375,-94.47662353515625,-218.56964111328125,-222.1982421875,-181.15289306640625,-136.93084716796875,-84.4808349609375,-81.16131591796875,-63.46978759765625
"S158",18.16143798828125,-28.08013916015625,17.13482666015625,105.75869750976562,112.17218017578125,177.08035278320312,102.35986328125,75.17047119140625,96.19064331054688,119.5615234375,157.83087158203125,209.970947265625,208.9869384765625,206.7828369140625,213.135009765625,235.2236328125,246.1666259765625,229.73367309570312,238.65402221679688,246.19827270507812,239.43197631835938,243.20977783203125,273.5516815185547,278.4138488769531,210.82528686523438,255.53659057617188,236.1595458984375,255.30845642089844,283.1939239501953,272.0787353515625,251.60997009277344,291.55255126953125,253.47047424316406,263.7047424316406,279.5126953125,205.591552734375,227.89865112304688,241.97012329101562,203.69607543945312,207.07098388671875,193.62088012695312,108.30450439453125,88.46640014648438,64.250732421875,1.5814208984375,-213.21673583984375,-203.64910888671875,-549.286376953125,-550.77734375,-629.1697998046875,-600.26953125,-702.7476806640625,-758.6927490234375,-1034.5714111328125,-1231.8265380859375,-1177.2047119140625,-1176.894775390625,-1160.6949462890625,-1299.946044921875,-1319.09912109375,-1481.0830078125,-1384.994140625,-1516.75,-1476.4952392578125,-1810.583251953125,-1505.598388671875,-1645.042236328125,-1571.8388671875,-1669.4033203125,-1797.943603515625,-1713.124267578125,-1648.4501953125,-1632.123046875,-1615.582275390625,-1884.920166015625,-1926.583984375,-1758.658935546875,-1580.526611328125,-1514.954833984375,-1590.82763671875,-1802.3017578125,-1771.373779296875,-1546.89599609375,-1422.66455078125,-1533.7728271484375,-1430.01806640625,-1566.564697265625,-1463.6068115234375,-1394.9896240234375,-1587.05419921875,-1397.9935302734375,-1509.7899169921875,-1643.9873046875,-1707.199462890625,-1545.449462890625,-1508.185302734375,-1632.425048828125,-1558.083740234375,-1507.6793212890625,-1812.6484375,-1339.71337890625,-1356.263427734375,-1217.091796875,-1416.343994140625,-1238.4105224609375,-1373.4910888671875,-1103.332763671875,-1024.9393310546875,-1180.7108154296875,-1136.5982666015625,-987.4010009765625,-963.2381591796875,-776.09375,-621.588134765625,-764.1422119140625,-682.7421875,-545.96142578125,-523.9027709960938,-444.39068603515625,-561.5467529296875,-469.8017578125,-455.0052490234375,-541.2080078125,-399.99261474609375,-487.56683349609375,-363.06549072265625,-332.83319091796875,-217.39923095703125,-322.5950927734375,-277.65875244140625,-307.71319580078125,-226.1201171875,-240.8421630859375,-203.96661376953125,-176.153564453125,-253.75213623046875,-257.55841064453125,-369.61370849609375,-406.98187255859375,-144.6495361328125,-203.35150146484375
"S159",-180.4010009765625,-8.21295166015625,-82.0914306640625,159.00857543945312,10.41705322265625,199.42483520507812,178.42144775390625,192.8310546875,211.14328002929688,166.1939697265625,248.2700958251953,220.70565795898438,232.58694458007812,272.00050354003906,221.71078491210938,247.8450469970703,291.4726104736328,247.11227416992188,255.9569854736328,284.83934020996094,243.42327880859375,282.22894287109375,286.4893493652344,256.5111846923828,247.5192413330078,306.1036071777344,254.6408233642578,291.66075134277344,284.4175567626953,265.1567077636719,278.9046936035156,301.6613311767578,255.74441528320312,286.63526916503906,282.20777893066406,242.03509521484375,281.00189208984375,286.1551513671875,200.4864501953125,188.78244018554688,194.8902587890625,163.57327270507812,-7.63934326171875,-8.466400146484375,-19.00689697265625,-181.73193359375,-277.63720703125,-480.1494140625,-647.8651123046875,-779.4925537109375,-682.2689208984375,-824.1668701171875,-845.4881591796875,-1422.75439453125,-1119.4410400390625,-1252.7459716796875,-1201.007080078125,-1184.9058837890625,-1130.6026611328125,-1287.1685791015625,-1267.807373046875,-1189.8717041015625,-1359.0927734375,-1312.2242431640625,-1568.991943359375,-1412.7650146484375,-1242.0618896484375,-1208.27880859375,-1354.50927734375,-1314.5211181640625,-1234.1370849609375,-1219.1884765625,-1103.403076171875,-1144.48193359375,-1222.1806640625,-1116.998291015625,-1262.6611328125,-1183.688232421875,-1135.497802734375,-1312.29052734375,-1456.5985107421875,-1455.277099609375,-1224.33056640625,-922.1600341796875,-1252.47314453125,-976.238525390625,-937.162841796875,-917.67041015625,-943.70947265625,-1132.74951171875,-1021.8197021484375,-1002.732177734375,-1070.2978515625,-977.376708984375,-995.111328125,-1188.0595703125,-990.5460205078125,-996.09375,-1008.74755859375,-1016.9090576171875,-856.4185791015625,-865.238037109375,-906.3721923828125,-906.7574462890625,-791.8074951171875,-1039.194091796875,-967.0650634765625,-880.427978515625,-782.33984375,-650.4910888671875,-988.527587890625,-547.1033935546875,-755.558837890625,-575.98046875,-680.2236328125,-1032.3916015625,-812.7572021484375,-596.5501708984375,-551.3094482421875,-625.07275390625,-472.4556884765625,-414.00848388671875,-387.094482421875,-507.2593994140625,-353.18280029296875,-253.57940673828125,-204.41650390625,-200.30828857421875,-257.50390625,-221.698486328125,-216.72076416015625,-167.440185546875,-120.590087890625,-150.574462890625,-268.558837890625,-221.15472412109375,-119.75604248046875,-344.98919677734375,-513.0478515625,-98.744384765625,-229.7662353515625
"S160",438.13755798339844,435.54576873779297,441.71617126464844,439.59948348999023,439.28294372558594,456.5713577270508,462.7440299987793,459.4433403015137,460.6091079711914,456.87743377685547,462.59860610961914,462.93392181396484,460.07178497314453,463.7213897705078,427.4007110595703,459.1644287109375,465.3793487548828,465.22641372680664,464.8773536682129,462.26013946533203,456.9161033630371,464.8742561340332,464.08959197998047,446.96613693237305,464.7961082458496,457.37784576416016,469.4150848388672,471.9974822998047,464.3593864440918,458.8294372558594,459.7644157409668,460.3872871398926,468.86982917785645,457.1633529663086,461.1799964904785,467.71519470214844,455.3668441772461,461.84538650512695,456.59854888916016,444.38243103027344,438.0069885253906,429.4871597290039,418.55538177490234,390.6470184326172,371.1194152832031,362.81768798828125,342.7619323730469,309.0501251220703,244.8253173828125,222.61984252929688,220.22491455078125,217.63946533203125,165.820556640625,121.799560546875,106.14395141601562,100.52297973632812,78.02255249023438,141.5384521484375,117.86483764648438,22.35546875,80.6348876953125,20.25445556640625,35.370941162109375,25.72808837890625,19.80316162109375,-19.61468505859375,-38.0166015625,-24.21368408203125,0.96282958984375,0.175537109375,-8.911224365234375,49.17724609375,37.87640380859375,53.147918701171875,29.96484375,70.23410034179688,66.77072143554688,-24.74774169921875,14.405303955078125,67.77517700195312,7.41033935546875,93.07257080078125,21.773529052734375,34.36309814453125,31.033660888671875,69.71334838867188,85.94732666015625,95.470458984375,122.13211059570312,47.18646240234375,48.193084716796875,117.16030883789062,149.5447998046875,108.891357421875,180.88873291015625,147.72003173828125,146.04226684570312,115.94107055664062,120.91082763671875,156.361572265625,197.94842529296875,177.96206665039062,139.84988403320312,135.902587890625,125.328125,220.60995483398438,209.3740234375,199.97518920898438,207.9329833984375,223.70040893554688,260.97679138183594,301.8327331542969,275.4897918701172,293.3314514160156,268.46026611328125,295.8645477294922,249.1309814453125,304.95616149902344,314.9200897216797,314.3058319091797,327.9748992919922,331.2235565185547,305.33363342285156,365.0208282470703,326.1337432861328,352.0206756591797,366.2254333496094,350.2828826904297,355.1774444580078,381.71634674072266,364.8965759277344,394.3077926635742,406.8383102416992,398.02869415283203,398.5870666503906,383.58030700683594,395.4000549316406,413.77757263183594,416.00183868408203,427.7379455566406,416.6715621948242
"S161",436.64505767822266,420.29042053222656,441.6179428100586,426.4239959716797,444.4692077636719,461.5753402709961,463.7587661743164,455.0924606323242,467.4219779968262,463.4978256225586,436.1561965942383,456.1660804748535,461.27734375,461.89546966552734,421.43685150146484,434.0062561035156,460.35995864868164,470.09113121032715,467.20479583740234,469.4734306335449,467.3233413696289,468.3606472015381,468.77344512939453,463.5602569580078,465.89652252197266,465.07379150390625,467.5620231628418,472.0517635345459,431.47216033935547,454.9109916687012,466.2486228942871,466.11226654052734,470.0750370025635,466.21957778930664,455.7652473449707,467.31472396850586,464.66362380981445,462.7995414733887,462.2903060913086,442.1005058288574,426.00860595703125,438.31611251831055,429.66910552978516,411.67293548583984,389.93868255615234,375.89422607421875,357.53990173339844,324.67578125,281.2540283203125,252.2440185546875,239.02194213867188,236.14871215820312,198.0157470703125,155.604736328125,142.66250610351562,132.13522338867188,116.04306030273438,145.2489013671875,135.17874145507812,97.96133422851562,44.703887939453125,34.884307861328125,68.48751831054688,-13.38006591796875,35.570526123046875,41.734832763671875,-24.29193115234375,14.71600341796875,41.168182373046875,17.324920654296875,13.8482666015625,50.10137939453125,55.678863525390625,56.334014892578125,57.59576416015625,80.7998046875,91.55404663085938,80.98208618164062,79.90203857421875,102.05294799804688,83.42816162109375,125.18032836914062,109.25161743164062,113.67770385742188,101.16879272460938,121.87445068359375,131.55657958984375,151.11514282226562,169.82418823242188,145.07440185546875,135.86480712890625,161.0853271484375,189.13656616210938,181.85528564453125,206.47442626953125,168.78070068359375,205.52127075195312,188.56845092773438,200.22061157226562,214.07852172851562,240.18038940429688,240.49237060546875,201.60272216796875,218.15896606445312,217.54269409179688,242.23416137695312,251.12600708007812,256.97499084472656,264.0966796875,282.0719909667969,295.8576354980469,306.1892852783203,297.2138214111328,332.70054626464844,316.4772186279297,329.28700256347656,320.4221496582031,326.05882263183594,349.3154296875,347.5476837158203,362.4338836669922,371.47132873535156,363.91554260253906,379.6151580810547,375.03311920166016,384.6477584838867,393.8645935058594,386.4189910888672,390.701416015625,401.8478546142578,394.97953033447266,407.58477783203125,421.8373336791992,412.4388656616211,418.2266082763672,414.31959533691406,417.4478225708008,422.879638671875,427.21558380126953,431.45973205566406,435.242431640625
"S162",353.17298889160156,392.73028564453125,409.05236053466797,394.5130157470703,411.7897644042969,424.17700958251953,399.3996810913086,424.9240417480469,430.8407745361328,430.7066879272461,416.4893798828125,435.46532440185547,434.7743377685547,435.1569366455078,420.80753326416016,408.53961181640625,418.31778717041016,445.0189208984375,431.56878662109375,440.20063400268555,451.85585021972656,433.9991760253906,431.6846618652344,447.8408317565918,433.2937316894531,421.9077606201172,441.07222747802734,440.7999954223633,409.6019058227539,440.27289962768555,431.25472259521484,429.96681213378906,427.6676940917969,429.24417877197266,418.08656311035156,429.2803421020508,434.9014129638672,425.3883514404297,439.63491439819336,416.23265075683594,401.9250183105469,423.1541290283203,396.21297454833984,397.90015411376953,389.93868255615234,351.0030517578125,337.4032897949219,323.9185028076172,281.2540283203125,252.2440185546875,237.61087036132812,236.14871215820312,198.0157470703125,155.604736328125,142.66250610351562,132.13522338867188,117.18179321289062,142.05703735351562,140.03598022460938,97.96133422851562,98.4188232421875,80.14883422851562,74.11083984375,65.19873046875,59.95989990234375,41.734832763671875,19.60052490234375,28.97637939453125,41.7496337890625,49.510528564453125,46.659820556640625,75.63726806640625,75.68316650390625,83.4384765625,89.34359741210938,102.44796752929688,113.86508178710938,80.98208618164062,79.90203857421875,88.91317749023438,83.42816162109375,120.5574951171875,65.48486328125,38.408172607421875,101.16879272460938,121.87445068359375,113.61737060546875,151.11514282226562,125.18893432617188,145.07440185546875,87.6043701171875,158.10296630859375,189.13656616210938,175.73495483398438,178.41836547851562,143.2529296875,190.56427001953125,173.54196166992188,200.22061157226562,206.28433227539062,162.48202514648438,197.407958984375,190.39312744140625,208.79473876953125,197.03622436523438,202.7098388671875,161.08779907226562,179.36630249023438,149.96258544921875,176.23162841796875,183.99383544921875,165.62442016601562,127.4718017578125,181.91546630859375,48.61907958984375,114.36822509765625,172.86367797851562,158.87396240234375,186.91976928710938,182.5313720703125,187.28070068359375,189.5142822265625,222.62002563476562,2.6458740234375,237.55108642578125,250.5199432373047,214.74359130859375,237.70928955078125,270.8903350830078,248.99183654785156,275.9693145751953,250.77085876464844,307.52760314941406,270.0091247558594,286.3053436279297,318.3618469238281,314.6607360839844,351.1900177001953,329.12974548339844,324.25347900390625,330.59539794921875
"S163",417.4481430053711,427.23902130126953,416.4435119628906,419.0283660888672,439.29708099365234,439.42569732666016,430.32508087158203,422.19763946533203,443.9017524719238,446.27719497680664,454.4889144897461,461.62990951538086,445.5996551513672,452.2400360107422,445.20706939697266,447.0467185974121,451.76966094970703,456.6013412475586,440.1145439147949,448.02170181274414,452.1698341369629,445.22031021118164,458.9643745422363,451.4884605407715,451.8349189758301,449.82198333740234,462.25879287719727,449.2853584289551,455.3505744934082,454.6771430969238,447.0951385498047,438.44976806640625,437.0385932922363,416.8722610473633,440.90070724487305,441.93565368652344,444.9311637878418,451.5115852355957,455.5232696533203,430.71142578125,437.5588150024414,437.49920654296875,417.39212799072266,411.67293548583984,389.93868255615234,375.89422607421875,357.53990173339844,324.67578125,281.2540283203125,252.2440185546875,239.02194213867188,236.14871215820312,198.0157470703125,155.604736328125,142.66250610351562,132.13522338867188,117.18179321289062,145.71490478515625,140.03598022460938,97.96133422851562,98.4188232421875,80.14883422851562,74.11083984375,65.19873046875,59.95989990234375,41.734832763671875,19.60052490234375,28.97637939453125,41.7496337890625,49.510528564453125,46.659820556640625,75.63726806640625,75.68316650390625,95.05654907226562,89.34359741210938,102.44796752929688,113.86508178710938,80.98208618164062,79.90203857421875,102.05294799804688,83.42816162109375,125.18032836914062,109.25161743164062,113.67770385742188,101.16879272460938,121.87445068359375,131.55657958984375,151.11514282226562,169.82418823242188,145.07440185546875,135.86480712890625,161.0853271484375,189.13656616210938,181.85528564453125,206.47442626953125,200.244384765625,205.52127075195312,188.56845092773438,200.22061157226562,214.07852172851562,240.18038940429688,240.49237060546875,220.796875,218.15896606445312,217.54269409179688,242.23416137695312,251.12600708007812,255.9010467529297,264.0966796875,276.6086883544922,263.7174530029297,248.1073760986328,265.7248229980469,294.68519592285156,234.73751831054688,295.13356018066406,290.0826873779297,323.02325439453125,292.3738250732422,325.7242126464844,291.6226043701172,321.75071716308594,294.4570617675781,295.85430908203125,298.47108459472656,323.88047790527344,315.45655822753906,313.994873046875,314.11354064941406,316.56756591796875,344.33819580078125,323.71324157714844,324.8775634765625,371.3078918457031,321.6620788574219,361.10179138183594,379.0421371459961,375.87390899658203,361.84246826171875,387.17376708984375,335.0522155761719
"S164",87.19882202148438,87.05270385742188,118.30722045898438,99.01797485351562,134.18392944335938,181.2962646484375,188.7642822265625,212.3236083984375,200.79290771484375,195.86044311523438,216.30450439453125,235.35598754882812,214.07208251953125,219.3782958984375,218.88275146484375,212.5338134765625,225.81661987304688,228.94259643554688,225.75778198242188,227.79055786132812,229.29159545898438,228.13827514648438,235.753173828125,229.20223999023438,228.3148193359375,233.0552978515625,248.06192016601562,250.2146453857422,257.2234802246094,254.3367462158203,253.53907775878906,253.82496643066406,250.75196838378906,252.18295288085938,243.9136962890625,235.06787109375,222.22964477539062,220.89505004882812,216.00253295898438,202.99087524414062,186.28622436523438,167.62588500976562,147.8150634765625,112.44961547851562,94.46453857421875,93.36734008789062,36.548309326171875,-0.088134765625,-19.11962890625,-117.83258056640625,-152.08258056640625,-184.75433349609375,-180.02349853515625,-230.1282958984375,-253.36187744140625,-214.65179443359375,-192.1795654296875,-165.50164794921875,-185.552978515625,-197.38568115234375,-222.7347412109375,-228.820068359375,-160.61395263671875,-233.87518310546875,-260.15753173828125,-190.764892578125,-293.31158447265625,-236.3726806640625,-314.46234130859375,-269.1011962890625,-262.28729248046875,-249.17413330078125,-198.06353759765625,-242.24249267578125,-229.7342529296875,-229.103515625,-202.8289794921875,-228.57391357421875,-257.7701416015625,-197.00897216796875,-207.9730224609375,-255.82147216796875,-254.15576171875,-290.393310546875,-206.0865478515625,-262.00823974609375,-149.3597412109375,-153.8570556640625,-173.583251953125,-147.371826171875,-180.53826904296875,-191.38250732421875,-221.1507568359375,-220.39324951171875,-269.363037109375,-202.61090087890625,-133.79559326171875,-98.4857177734375,-113.47027587890625,-122.35565185546875,-125.78045654296875,-153.1839599609375,-138.506591796875,-60.990234375,-53.9876708984375,-41.88519287109375,-116.1278076171875,-74.718017578125,-79.1942138671875,-61.4544677734375,-35.40289306640625,-44.5518798828125,-74.916748046875,-56.12213134765625,-49.216796875,-71.88848876953125,-107.1343994140625,-40.94940185546875,-65.99615478515625,-50.221435546875,-97.9249267578125,-69.86517333984375,-48.1107177734375,-35.9857177734375,-2.393280029296875,3.418182373046875,-13.2177734375,-53.25567626953125,-51.9510498046875,-41.27850341796875,-0.32904052734375,0.276702880859375,24.20465087890625,41.6904296875,67.63616943359375,64.69033813476562,60.07147216796875,70.86996459960938,35.257598876953125,87.0965576171875,106.3797607421875
"S165",87.19882202148438,87.05270385742188,118.30722045898438,99.01797485351562,134.18392944335938,181.2962646484375,188.7642822265625,212.3236083984375,200.79290771484375,195.86044311523438,216.30450439453125,235.35598754882812,214.07208251953125,219.3782958984375,218.88275146484375,212.5338134765625,225.81661987304688,228.94259643554688,225.75778198242188,227.79055786132812,229.29159545898438,228.13827514648438,235.753173828125,229.20223999023438,228.3148193359375,233.0552978515625,248.06192016601562,250.2146453857422,257.2234802246094,254.3367462158203,253.53907775878906,253.82496643066406,250.75196838378906,252.18295288085938,243.9136962890625,235.06787109375,222.22964477539062,220.89505004882812,216.00253295898438,202.99087524414062,186.28622436523438,167.62588500976562,147.8150634765625,112.44961547851562,94.46453857421875,93.36734008789062,36.548309326171875,-0.088134765625,-19.11962890625,-117.83258056640625,-152.08258056640625,-184.75433349609375,-180.02349853515625,-230.1282958984375,-253.36187744140625,-214.65179443359375,-192.1795654296875,-165.50164794921875,-185.552978515625,-197.38568115234375,-222.7347412109375,-228.820068359375,-160.61395263671875,-233.87518310546875,-260.15753173828125,-190.764892578125,-293.31158447265625,-236.3726806640625,-314.46234130859375,-269.1011962890625,-262.28729248046875,-249.17413330078125,-198.06353759765625,-242.24249267578125,-229.7342529296875,-229.103515625,-202.8289794921875,-228.57391357421875,-257.7701416015625,-197.00897216796875,-207.9730224609375,-255.82147216796875,-254.15576171875,-290.393310546875,-206.0865478515625,-262.00823974609375,-149.3597412109375,-153.8570556640625,-173.583251953125,-147.371826171875,-180.53826904296875,-191.38250732421875,-221.1507568359375,-220.39324951171875,-269.363037109375,-202.61090087890625,-133.79559326171875,-98.4857177734375,-113.47027587890625,-122.35565185546875,-125.78045654296875,-153.1839599609375,-138.506591796875,-60.990234375,-53.9876708984375,-41.88519287109375,-116.1278076171875,-70.91864013671875,-76.7242431640625,-57.01007080078125,-32.0328369140625,-33.7584228515625,-55.55419921875,-33.884765625,-49.216796875,-69.4229736328125,-57.57525634765625,-40.94940185546875,-65.99615478515625,-50.221435546875,-97.9249267578125,-69.86517333984375,-48.1107177734375,2.107574462890625,-2.393280029296875,35.01123046875,-13.2177734375,-53.25567626953125,-51.9510498046875,-41.27850341796875,-0.32904052734375,0.276702880859375,24.20465087890625,41.6904296875,67.63616943359375,64.69033813476562,72.85675048828125,70.86996459960938,35.257598876953125,87.0965576171875,106.3797607421875
"S166",87.19882202148438,87.05270385742188,118.30722045898438,99.01797485351562,134.18392944335938,181.2962646484375,188.7642822265625,212.3236083984375,200.79290771484375,195.86044311523438,216.30450439453125,235.35598754882812,214.07208251953125,219.3782958984375,218.88275146484375,212.5338134765625,225.81661987304688,228.94259643554688,225.75778198242188,227.79055786132812,229.29159545898438,228.13827514648438,235.753173828125,229.20223999023438,228.3148193359375,233.0552978515625,248.06192016601562,250.2146453857422,257.2234802246094,254.3367462158203,253.53907775878906,253.82496643066406,250.75196838378906,252.18295288085938,243.9136962890625,235.06787109375,222.22964477539062,220.89505004882812,216.00253295898438,202.99087524414062,186.28622436523438,167.62588500976562,147.8150634765625,112.44961547851562,94.46453857421875,93.36734008789062,36.548309326171875,-0.088134765625,-19.11962890625,-117.83258056640625,-152.08258056640625,-184.75433349609375,-180.02349853515625,-230.1282958984375,-253.36187744140625,-214.65179443359375,-192.1795654296875,-165.50164794921875,-185.552978515625,-197.38568115234375,-222.7347412109375,-228.820068359375,-160.61395263671875,-233.87518310546875,-260.15753173828125,-190.764892578125,-293.31158447265625,-236.3726806640625,-314.46234130859375,-269.1011962890625,-262.28729248046875,-249.17413330078125,-198.06353759765625,-242.24249267578125,-229.7342529296875,-229.103515625,-202.8289794921875,-228.57391357421875,-257.7701416015625,-197.00897216796875,-207.9730224609375,-255.82147216796875,-254.15576171875,-290.393310546875,-206.0865478515625,-262.00823974609375,-149.3597412109375,-153.8570556640625,-173.583251953125,-147.371826171875,-180.53826904296875,-191.38250732421875,-221.1507568359375,-220.39324951171875,-269.363037109375,-202.61090087890625,-133.79559326171875,-98.4857177734375,-113.47027587890625,-122.35565185546875,-125.78045654296875,-153.1839599609375,-138.506591796875,-60.990234375,-53.9876708984375,-41.88519287109375,-116.1278076171875,-70.91864013671875,-76.7242431640625,-57.01007080078125,-32.0328369140625,-33.7584228515625,-55.55419921875,-33.884765625,-49.216796875,-69.4229736328125,-57.57525634765625,-40.94940185546875,-65.99615478515625,-50.221435546875,-97.9249267578125,-69.86517333984375,-48.1107177734375,2.107574462890625,-2.393280029296875,35.01123046875,-13.2177734375,-53.25567626953125,-51.9510498046875,-41.27850341796875,-0.32904052734375,0.276702880859375,24.20465087890625,41.6904296875,67.63616943359375,64.69033813476562,72.85675048828125,70.86996459960938,35.257598876953125,87.0965576171875,106.3797607421875
"S167",87.19882202148438,87.05270385742188,118.30722045898438,99.01797485351562,134.18392944335938,181.2962646484375,188.7642822265625,212.3236083984375,200.79290771484375,195.86044311523438,216.30450439453125,235.35598754882812,214.07208251953125,219.3782958984375,218.88275146484375,212.5338134765625,225.81661987304688,228.94259643554688,225.75778198242188,227.79055786132812,229.29159545898438,228.13827514648438,235.753173828125,229.20223999023438,228.3148193359375,233.0552978515625,248.06192016601562,250.2146453857422,257.2234802246094,254.3367462158203,253.53907775878906,253.82496643066406,250.75196838378906,252.18295288085938,243.9136962890625,235.06787109375,222.22964477539062,220.89505004882812,216.00253295898438,202.99087524414062,186.28622436523438,167.62588500976562,147.8150634765625,112.44961547851562,94.46453857421875,93.36734008789062,36.548309326171875,-0.088134765625,-19.11962890625,-117.83258056640625,-152.08258056640625,-184.75433349609375,-180.02349853515625,-230.1282958984375,-253.36187744140625,-214.65179443359375,-192.1795654296875,-165.50164794921875,-185.552978515625,-197.38568115234375,-222.7347412109375,-228.820068359375,-160.61395263671875,-233.87518310546875,-260.15753173828125,-190.764892578125,-293.31158447265625,-236.3726806640625,-314.46234130859375,-269.1011962890625,-262.28729248046875,-249.17413330078125,-198.06353759765625,-242.24249267578125,-229.7342529296875,-229.103515625,-202.8289794921875,-228.57391357421875,-257.7701416015625,-197.00897216796875,-207.9730224609375,-255.82147216796875,-254.15576171875,-290.393310546875,-206.0865478515625,-262.00823974609375,-149.3597412109375,-153.8570556640625,-173.583251953125,-147.371826171875,-180.53826904296875,-191.38250732421875,-221.1507568359375,-220.39324951171875,-269.363037109375,-202.61090087890625,-133.79559326171875,-98.4857177734375,-113.47027587890625,-122.35565185546875,-125.78045654296875,-153.1839599609375,-138.506591796875,-60.990234375,-53.9876708984375,-41.88519287109375,-116.1278076171875,-70.91864013671875,-76.7242431640625,-57.01007080078125,-32.0328369140625,-33.7584228515625,-55.55419921875,-33.884765625,-49.216796875,-69.4229736328125,-57.57525634765625,-40.94940185546875,-65.99615478515625,-50.221435546875,-97.9249267578125,-69.86517333984375,-48.1107177734375,2.107574462890625,-2.393280029296875,35.01123046875,-13.2177734375,-53.25567626953125,-51.9510498046875,-41.27850341796875,-0.32904052734375,0.276702880859375,24.20465087890625,41.6904296875,67.63616943359375,64.69033813476562,72.85675048828125,70.86996459960938,35.257598876953125,87.0965576171875,106.3797607421875
"S168",179.60427856445312,143.0174560546875,181.24911499023438,192.51666259765625,225.85610961914062,196.74539184570312,182.6375732421875,171.260986328125,196.53433227539062,224.80975341796875,247.52764892578125,230.54782104492188,220.29190063476562,255.75148010253906,262.16111755371094,252.47459411621094,251.9146270751953,278.15191650390625,260.1861877441406,282.6831817626953,250.5155792236328,259.2663116455078,286.62237548828125,293.78868103027344,279.1972961425781,303.4665832519531,296.11376953125,289.30018615722656,319.00022888183594,298.9070281982422,277.16871643066406,299.1252136230469,302.30328369140625,292.47796630859375,303.89093017578125,278.6767272949219,272.7489776611328,309.6878356933594,257.4063415527344,261.7342224121094,260.38043212890625,249.6685791015625,191.54690551757812,208.12002563476562,187.962890625,148.00509643554688,93.06329345703125,95.56100463867188,-53.54913330078125,-7.15203857421875,-91.7386474609375,-84.277587890625,-62.49981689453125,-51.5421142578125,-60.5030517578125,-116.29681396484375,-146.75225830078125,-75.20037841796875,-135.95147705078125,-188.369384765625,-222.16961669921875,-218.2103271484375,-173.45867919921875,-149.34765625,-189.077880859375,-181.193603515625,-136.6077880859375,-178.3701171875,-142.8875732421875,-125.63714599609375,-146.30755615234375,-182.20587158203125,-167.0638427734375,-147.8531494140625,-162.77099609375,-171.7159423828125,-209.59808349609375,-193.3804931640625,-230.3988037109375,-232.88385009765625,-209.059326171875,-194.284423828125,-202.18035888671875,-193.8289794921875,-210.69781494140625,-189.8076171875,-143.95697021484375,-153.74169921875,-150.0211181640625,-184.8031005859375,-128.65631103515625,-98.3507080078125,-143.625732421875,-113.79449462890625,-116.74945068359375,-146.267578125,-170.46173095703125,-130.19451904296875,-125.81201171875,-247.68853759765625,-117.9464111328125,-100.2906494140625,-92.00494384765625,-66.8448486328125,-61.099365234375,-88.796142578125,-64.42022705078125,-34.5185546875,-77.58990478515625,-62.54364013671875,-59.18927001953125,-94.38507080078125,-88.326171875,-69.8050537109375,-143.25299072265625,-176.02557373046875,-93.49371337890625,-142.40411376953125,-208.37200927734375,-140.970458984375,-151.7969970703125,-115.2333984375,-18.8013916015625,7.2154541015625,-124.9149169921875,-110.178466796875,-65.30462646484375,-19.53564453125,-112.2950439453125,-123.169921875,-86.4583740234375,-59.1268310546875,-91.99920654296875,14.896270751953125,66.47677612304688,13.265106201171875,46.82171630859375,5.673187255859375,62.147918701171875,49.115264892578125,88.99322509765625
"S169",106.4207763671875,154.23629760742188,118.87371826171875,73.88372802734375,132.73623657226562,123.50982666015625,28.3770751953125,29.297332763671875,199.17440795898438,203.05801391601562,236.46429443359375,218.065673828125,195.60806274414062,214.59420776367188,274.1824951171875,237.1085205078125,230.0635986328125,272.7141571044922,247.1968994140625,252.74343872070312,263.52516174316406,247.78466796875,268.7556610107422,286.63185119628906,271.94049072265625,269.861572265625,310.9225158691406,274.375244140625,298.66802978515625,331.5726623535156,266.40028381347656,295.80548095703125,302.29888916015625,298.83897399902344,299.14857482910156,322.3677062988281,299.21788024902344,310.21734619140625,301.32371520996094,294.7556610107422,272.12945556640625,286.61692810058594,208.0517578125,210.16293334960938,236.041015625,148.3465576171875,109.2210693359375,-66.90283203125,82.08587646484375,59.301849365234375,40.29620361328125,-42.61651611328125,-0.446502685546875,-5.98712158203125,-41.19415283203125,-68.99407958984375,-46.8377685546875,-75.20037841796875,-112.33673095703125,-97.77899169921875,-222.16961669921875,-218.2103271484375,-157.36651611328125,-149.34765625,-189.077880859375,-181.193603515625,-126.88543701171875,-134.52105712890625,-142.8875732421875,-125.63714599609375,-146.30755615234375,-161.54302978515625,-202.1065673828125,-151.8193359375,-162.77099609375,-389.3974609375,-228.68408203125,-193.3804931640625,-230.3988037109375,-232.88385009765625,-209.059326171875,-194.284423828125,-202.18035888671875,-193.8289794921875,-210.69781494140625,-150.0491943359375,-143.95697021484375,-153.74169921875,-150.0211181640625,-184.8031005859375,-128.65631103515625,-98.3507080078125,-143.625732421875,-113.79449462890625,-116.74945068359375,-146.267578125,-170.46173095703125,-130.19451904296875,-125.81201171875,-99.39178466796875,-140.28125,-62.98260498046875,-191.31561279296875,-66.8448486328125,-61.099365234375,-88.796142578125,-75.30120849609375,-55.49859619140625,-97.57916259765625,-25.0047607421875,-172.1898193359375,-107.43878173828125,4.02667236328125,-38.32403564453125,-84.115966796875,-51.16943359375,1.611724853515625,-27.83294677734375,-83.08306884765625,-125.73333740234375,-143.40045166015625,-160.2327880859375,-66.00439453125,2.5299072265625,-26.49761962890625,-30.42291259765625,22.490570068359375,-5.9222412109375,-268.72698974609375,-81.408935546875,28.351959228515625,-20.06646728515625,49.888641357421875,39.171875,147.25906372070312,119.18621826171875,130.58505249023438,148.00726318359375,128.762939453125,127.82962036132812,147.7928466796875
"S170",219.48388671875,229.61502075195312,219.30435180664062,204.57266235351562,241.09249877929688,221.9422607421875,229.37033081054688,251.34371948242188,265.4212646484375,276.88108825683594,301.79795837402344,284.6324920654297,330.5910339355469,319.4291229248047,313.7768859863281,333.1471405029297,326.9666748046875,323.3669891357422,331.1758117675781,320.665283203125,318.6457824707031,310.829345703125,317.3842315673828,331.7028503417969,345.133056640625,333.5557098388672,339.09934997558594,344.9673614501953,343.11260986328125,354.51222229003906,351.5732879638672,344.95306396484375,351.1009826660156,337.05218505859375,343.0414733886719,348.51747131347656,336.3757781982422,333.2664489746094,333.7989959716797,338.2967834472656,295.311767578125,286.0416564941406,294.3504180908203,278.67884826660156,243.69512939453125,172.09768676757812,182.82452392578125,141.53173828125,82.08587646484375,62.7088623046875,54.352783203125,45.038848876953125,23.53399658203125,-5.98712158203125,-41.19415283203125,-68.99407958984375,-46.8377685546875,-75.20037841796875,-112.33673095703125,-97.77899169921875,-222.16961669921875,-218.2103271484375,-157.36651611328125,-149.34765625,-189.077880859375,-181.193603515625,-126.88543701171875,-134.52105712890625,-142.8875732421875,-125.63714599609375,-146.30755615234375,-161.54302978515625,-167.0638427734375,-147.8531494140625,-424.83349609375,-160.22491455078125,-209.59808349609375,-193.3804931640625,-230.3988037109375,-232.88385009765625,-209.059326171875,-194.284423828125,-202.18035888671875,-193.8289794921875,-210.69781494140625,-150.0491943359375,-143.95697021484375,-153.74169921875,-150.0211181640625,-184.8031005859375,-128.65631103515625,-98.3507080078125,-143.625732421875,-113.79449462890625,-116.74945068359375,-146.267578125,-170.46173095703125,-130.19451904296875,-125.81201171875,-99.39178466796875,-64.7911376953125,-62.98260498046875,-66.16778564453125,-66.8448486328125,-61.099365234375,-88.796142578125,-44.311767578125,-20.92828369140625,-71.3447265625,-58.26275634765625,-41.37109375,-42.6138916015625,-105.19830322265625,-26.30426025390625,2.722076416015625,-142.57574462890625,-24.13946533203125,55.60595703125,-4.21044921875,-14.18243408203125,15.116180419921875,-27.3001708984375,-16.62158203125,27.9273681640625,63.378021240234375,-17.2354736328125,19.739593505859375,-32.73101806640625,-84.52337646484375,66.97518920898438,95.14437866210938,69.654052734375,55.4515380859375,117.55142211914062,106.12954711914062,80.38592529296875,137.03173828125,100.60845947265625,115.32342529296875,139.4644775390625,137.427734375
"S171",-63.26702880859375,-56.825927734375,-74.375244140625,-127.58270263671875,-91.55419921875,45.476318359375,66.81057739257812,94.61212158203125,107.88119506835938,94.07455444335938,112.849365234375,154.25552368164062,184.7452392578125,200.26681518554688,182.19442749023438,191.87747192382812,217.99948120117188,209.96072387695312,206.32540893554688,188.39785766601562,215.66644287109375,214.37481689453125,206.77401733398438,232.30023193359375,232.46600341796875,222.78195190429688,259.2497100830078,227.82406616210938,232.033203125,239.79486083984375,256.80372619628906,224.61297607421875,239.490966796875,251.11866760253906,225.4296875,247.917724609375,232.632568359375,235.04135131835938,234.8214111328125,213.45028686523438,179.08547973632812,134.18118286132812,177.9708251953125,171.25723266601562,77.4608154296875,-95.30419921875,-111.429931640625,-222.2149658203125,-190.11767578125,-237.97906494140625,-424.28466796875,-320.9776611328125,-281.05694580078125,-522.9368896484375,-311.52685546875,-323.1241455078125,-296.8204345703125,-305.55523681640625,-296.638671875,-610.7423095703125,-547.15185546875,-352.68267822265625,-252.6605224609375,-286.6527099609375,-334.8253173828125,-367.53387451171875,-300.4305419921875,-330.0673828125,-364.1279296875,-579.7613525390625,-479.130615234375,-332.60491943359375,-315.6822509765625,-272.57769775390625,-633.63037109375,-334.2332763671875,-389.147216796875,-456.39447021484375,-404.2200927734375,-549.4056396484375,-466.26995849609375,-619.8780517578125,-820.003662109375,-534.6072998046875,-338.185302734375,-368.259033203125,-381.00189208984375,-482.2681884765625,-711.0455322265625,-349.15350341796875,-400.31524658203125,-340.7471923828125,-272.6767578125,-546.7255859375,-456.46441650390625,-261.91961669921875,-345.0443115234375,-408.110595703125,-555.5247802734375,-517.1895751953125,-434.010498046875,-359.84527587890625,-428.907470703125,-482.22613525390625,-288.2354736328125,-403.21099853515625,-278.3038330078125,-585.917724609375,-530.592529296875,-519.2781982421875,-362.38739013671875,-400.8818359375,-506.9014892578125,-465.16607666015625,-489.93695068359375,-611.6400146484375,-509.28802490234375,-399.730712890625,-485.18798828125,-382.66400146484375,-405.34136962890625,-402.598876953125,-325.32550048828125,-418.81951904296875,-250.93853759765625,-302.4495849609375,-265.733154296875,-220.3260498046875,-311.19580078125,-131.32830810546875,-118.518310546875,-195.91021728515625,-491.373291015625,-85.36627197265625,-212.3218994140625,-187.67449951171875,-86.53973388671875,-344.572509765625,-104.60089111328125,-161.312255859375,-290.71002197265625
"S172",-361.645751953125,-232.58416748046875,-202.6162109375,-153.3658447265625,-206.02191162109375,-82.53192138671875,-76.54193115234375,-58.516845703125,-21.34649658203125,-98.36761474609375,-204.89141845703125,37.4639892578125,68.40103149414062,19.92022705078125,33.553436279296875,83.99826049804688,60.47882080078125,98.68588256835938,64.88980102539062,-57.44390869140625,94.25997924804688,-2.3948974609375,126.40875244140625,132.6043701171875,152.05868530273438,155.24981689453125,154.1539306640625,143.55709838867188,158.25039672851562,152.38653564453125,173.88070678710938,179.49801635742188,149.70700073242188,151.72329711914062,180.93634033203125,143.49664306640625,141.56002807617188,186.31982421875,138.73123168945312,132.41720581054688,194.25265502929688,80.23263549804688,91.97933959960938,69.33612060546875,-58.86822509765625,-313.59197998046875,-199.492431640625,-542.4390869140625,-414.50384521484375,-445.190185546875,-605.73681640625,-519.4325561523438,-427.4443359375,-596.9278564453125,-512.2166748046875,-675.3282470703125,-680.6412353515625,-694.7017822265625,-792.5135498046875,-691.354248046875,-840.544677734375,-704.8836669921875,-950.6475830078125,-706.468994140625,-832.109619140625,-765.8775634765625,-923.7711181640625,-1051.459228515625,-935.624267578125,-1221.517822265625,-946.1484375,-892.5433349609375,-721.242919921875,-761.735595703125,-651.0087890625,-834.218994140625,-874.0941162109375,-772.0159912109375,-752.16015625,-936.29345703125,-800.6495361328125,-761.20166015625,-1001.5775146484375,-896.4144287109375,-676.2275390625,-599.5125732421875,-433.30987548828125,-466.01837158203125,-515.911865234375,-604.9630126953125,-550.689453125,-624.764404296875,-513.8543090820312,-679.455322265625,-643.3482666015625,-408.96112060546875,-551.3917236328125,-629.47412109375,-599.7442626953125,-578.017333984375,-582.0057373046875,-537.4547119140625,-602.6614990234375,-615.052490234375,-496.54840087890625,-662.2117919921875,-695.4132080078125,-689.080322265625,-598.857666015625,-539.324951171875,-499.45135498046875,-532.0740966796875,-608.6204833984375,-588.6932373046875,-605.1893310546875,-799.60009765625,-632.633056640625,-556.0914306640625,-856.2061767578125,-555.7501220703125,-399.01776123046875,-490.21173095703125,-408.63848876953125,-488.8380126953125,-478.034423828125,-410.0142822265625,-493.08270263671875,-451.88153076171875,-507.621337890625,-495.1923828125,-427.8421630859375,-409.6641845703125,-598.5509033203125,-447.24365234375,-383.8773193359375,-415.4427490234375,-442.7291259765625,-524.2554931640625,-541.5184326171875,-726.8709716796875,-871.4891357421875
"S173",-302.39337158203125,-228.283203125,-539.19677734375,-209.96527099609375,-210.50872802734375,-116.74591064453125,-92.2347412109375,-97.029052734375,-56.44085693359375,-74.12493896484375,-156.17095947265625,-55.29534912109375,16.8057861328125,-42.28173828125,-20.78143310546875,-16.28912353515625,9.085968017578125,3.095123291015625,31.326995849609375,-20.63671875,51.517608642578125,2.288604736328125,21.787353515625,66.436767578125,68.4979248046875,99.78915405273438,62.27423095703125,74.10324096679688,84.391357421875,94.62884521484375,87.2371826171875,85.59005737304688,92.02487182617188,86.89752197265625,97.44723510742188,87.05941772460938,101.53424072265625,90.4840087890625,54.04364013671875,70.78460693359375,87.351318359375,32.539093017578125,-25.052001953125,-103.62054443359375,-142.20123291015625,-232.9337158203125,-383.4095458984375,-716.8797607421875,-640.4100341796875,-676.041259765625,-935.548828125,-1153.027587890625,-1165.75048828125,-1217.0595703125,-1280.4105224609375,-1423.318603515625,-1560.384765625,-1786.28125,-1717.474853515625,-1665.27294921875,-1656.56884765625,-1744.535888671875,-1868.123046875,-1744.288818359375,-1893.968505859375,-1753.39111328125,-2085.54638671875,-1824.716552734375,-1909.7373046875,-1970.3740234375,-1863.4365234375,-1786.708740234375,-2194.517822265625,-1705.866943359375,-1782.21826171875,-2086.36279296875,-1824.072509765625,-1765.281005859375,-1858.490234375,-1940.16357421875,-2043.947509765625,-2173.750244140625,-1748.72802734375,-1737.07861328125,-1747.318603515625,-1967.0556640625,-1851.089599609375,-1706.0009765625,-1518.9061279296875,-1631.17431640625,-1771.630859375,-1817.3251953125,-1764.77685546875,-2106.066162109375,-1966.4208984375,-1747.412109375,-1568.166748046875,-1541.8121337890625,-1809.407958984375,-1643.31201171875,-1540.296875,-1608.75146484375,-1478.917724609375,-1427.645751953125,-1664.79931640625,-1551.4013671875,-1444.162353515625,-1529.5345458984375,-1416.22705078125,-1267.7220458984375,-1254.1444091796875,-1133.152099609375,-1060.103515625,-1304.722900390625,-1129.5927734375,-1095.919677734375,-1375.569091796875,-1050.1217041015625,-1153.4886474609375,-1047.4486083984375,-1189.5146484375,-1071.8060302734375,-966.1669921875,-911.6309814453125,-942.825439453125,-857.4462890625,-995.5467529296875,-843.5025634765625,-883.472900390625,-793.4610595703125,-767.0511474609375,-635.3515625,-824.440185546875,-865.5244140625,-660.6407470703125,-740.946533203125,-669.4954833984375,-798.284912109375,-821.120849609375,-742.1910400390625,-712.599365234375
"S174",-409.54766845703125,-239.3892822265625,-351.93817138671875,-250.2120361328125,-184.8643798828125,-113.20977783203125,-110.90362548828125,-86.521484375,-95.9642333984375,-13.629150390625,-42.81805419921875,22.491455078125,44.70330810546875,-22.224365234375,54.847991943359375,-25.83660888671875,34.5936279296875,-0.947906494140625,34.770172119140625,80.9652099609375,104.58251953125,48.98309326171875,43.188934326171875,94.07293701171875,41.807403564453125,129.27438354492188,70.10626220703125,33.335845947265625,56.77294921875,99.05413818359375,55.748992919921875,29.513427734375,100.23696899414062,65.04290771484375,109.99697875976562,115.26113891601562,98.5035400390625,111.35427856445312,85.09356689453125,86.79449462890625,80.1826171875,40.449371337890625,13.9036865234375,-26.4349365234375,-106.32354736328125,-235.68890380859375,-382.23736572265625,-380.8275146484375,-490.5152587890625,-568.63916015625,-715.7823486328125,-928.01318359375,-1124.0230712890625,-1031.3599853515625,-1126.0552978515625,-1148.4244384765625,-1226.4459228515625,-1414.994873046875,-1297.578369140625,-1343.90087890625,-1296.0257568359375,-1371.8201904296875,-1360.88427734375,-1489.1707763671875,-1550.476318359375,-1441.149169921875,-1686.7900390625,-1475.0489501953125,-1552.39453125,-1569.744384765625,-1445.952880859375,-1488.70654296875,-1833.670166015625,-1495.1636962890625,-1527.6953125,-1778.744140625,-1518.734130859375,-1546.3895263671875,-1528.3687744140625,-1722.152099609375,-1866.768310546875,-1834.306884765625,-1700.460205078125,-1446.057373046875,-1599.022705078125,-1761.854736328125,-1558.877685546875,-1468.7799072265625,-1471.414306640625,-1457.7301025390625,-1560.45263671875,-1638.45458984375,-1567.25927734375,-1804.2607421875,-1736.6552734375,-1577.72314453125,-1366.78515625,-1368.6143798828125,-1565.394775390625,-1783.898681640625,-1403.5185546875,-1408.0130615234375,-1352.8980712890625,-1246.2113037109375,-1406.2783203125,-1429.3502197265625,-1294.5413818359375,-1428.2279052734375,-1519.33349609375,-1145.5,-1134.912353515625,-1080.4140625,-1059.491455078125,-1186.459716796875,-1018.3084716796875,-907.1585693359375,-1091.56103515625,-1127.055908203125,-971.9892578125,-1012.28173828125,-1218.5501708984375,-964.458251953125,-949.060546875,-1023.3741455078125,-969.574462890625,-939.2578125,-909.1954345703125,-746.25732421875,-929.914794921875,-718.08984375,-806.73876953125,-763.0770263671875,-894.6180419921875,-1154.162353515625,-706.1297607421875,-853.796630859375,-754.1243896484375,-751.757568359375,-776.237060546875,-707.001220703125,-672.457763671875
"S175",-464.2745361328125,-273.334716796875,-179.5340576171875,-220.9755859375,-215.87841796875,-95.72552490234375,-97.582275390625,-29.96875,-51.21893310546875,77.62225341796875,33.369415283203125,110.97222900390625,90.50888061523438,8.083404541015625,96.60714721679688,30.571258544921875,124.945068359375,35.02801513671875,75.9766845703125,95.01043701171875,150.86129760742188,133.8731689453125,135.47201538085938,142.77285766601562,101.79244995117188,154.22811889648438,143.22891235351562,141.5126953125,168.9478759765625,174.64093017578125,126.35919189453125,138.17828369140625,186.07986450195312,153.64010620117188,191.71209716796875,153.30465698242188,153.34259033203125,195.93826293945312,157.9556884765625,139.16195678710938,111.39776611328125,91.4654541015625,66.36541748046875,-57.37518310546875,-107.46600341796875,-202.50244140625,-159.18975830078125,-133.51470947265625,-327.794189453125,-384.10992431640625,-402.6094970703125,-603.9771728515625,-714.612060546875,-821.9935302734375,-898.2315673828125,-912.0091552734375,-1011.6712646484375,-1033.6722412109375,-965.200439453125,-1005.740966796875,-1167.047119140625,-1186.801025390625,-1320.3699951171875,-1469.873779296875,-1514.424072265625,-1479.6595458984375,-1442.703857421875,-1360.8121337890625,-1486.9412841796875,-1490.835205078125,-1525.4405517578125,-1452.1337890625,-1424.243408203125,-1409.4415283203125,-1400.1259765625,-1490.8695068359375,-1495.325927734375,-1443.06884765625,-1398.385498046875,-1485.58642578125,-1467.151611328125,-1339.4385986328125,-1574.53173828125,-1326.429931640625,-1256.9217529296875,-1212.712158203125,-1126.5443115234375,-1143.137939453125,-1114.0308837890625,-1133.9757080078125,-1050.991455078125,-1003.7781982421875,-1030.0823974609375,-1052.0076904296875,-1157.7919921875,-1069.0882568359375,-994.5589599609375,-962.4237060546875,-985.4595947265625,-1131.3448486328125,-952.6090087890625,-953.026123046875,-957.11328125,-844.7955322265625,-856.935546875,-1022.3048095703125,-953.6011962890625,-1012.957763671875,-1244.0677490234375,-889.40234375,-815.0745849609375,-830.8702392578125,-943.438720703125,-878.2562255859375,-778.166015625,-780.8389892578125,-709.3341064453125,-1113.0911865234375,-757.41552734375,-997.6510009765625,-763.7440185546875,-658.0782470703125,-848.8753662109375,-1202.7403564453125,-839.9456787109375,-852.5848388671875,-729.33740234375,-620.989990234375,-857.908447265625,-640.9034423828125,-779.40087890625,-718.9473876953125,-739.717529296875,-1215.7591552734375,-594.4666748046875,-810.22998046875,-769.7618408203125,-697.5,-643.53759765625,-691.430908203125,-666.3349609375
"S176",82.60833740234375,153.26730346679688,60.625946044921875,58.388702392578125,94.18182373046875,145.45245361328125,174.30117797851562,184.39236450195312,180.058349609375,189.6783447265625,214.39999389648438,252.3958740234375,250.21803283691406,219.80960083007812,222.41973876953125,253.55038452148438,251.39404296875,272.1657409667969,253.58596801757812,167.48348999023438,276.5704650878906,278.56480407714844,278.8036651611328,294.83612060546875,290.9141082763672,248.47010803222656,238.99771118164062,262.2257080078125,303.4515380859375,302.400390625,246.5948028564453,273.7593994140625,305.0303497314453,296.7181091308594,296.3678894042969,282.93792724609375,258.4642791748047,278.4213562011719,275.7292785644531,236.48907470703125,221.626220703125,201.29013061523438,183.06137084960938,-68.41912841796875,16.702545166015625,76.93966674804688,40.546539306640625,-38.471923828125,-133.87054443359375,-244.54046630859375,-252.14410400390625,-371.6263427734375,-488.86114501953125,-615.4996337890625,-740.8116455078125,-849.5584716796875,-884.811767578125,-906.578857421875,-965.200439453125,-1005.740966796875,-1167.047119140625,-1186.801025390625,-1250.1265869140625,-1331.717041015625,-1472.774658203125,-1384.8271484375,-1442.703857421875,-1360.8121337890625,-1433.27294921875,-1436.852783203125,-1475.5601806640625,-1442.036865234375,-1424.243408203125,-1409.4415283203125,-1400.1259765625,-1490.8695068359375,-1516.5823974609375,-1440.041259765625,-1362.28857421875,-1334.1214599609375,-1325.708984375,-1267.91259765625,-1203.514892578125,-1114.4254150390625,-1213.2557373046875,-1177.0074462890625,-1126.5443115234375,-1143.137939453125,-1111.9368896484375,-1133.932373046875,-1050.991455078125,-1003.7781982421875,-1030.0823974609375,-1052.0076904296875,-1090.9876708984375,-1069.0882568359375,-994.5589599609375,-946.4757080078125,-985.4595947265625,-1002.3787841796875,-952.6090087890625,-953.026123046875,-934.5521240234375,-793.578125,-787.0701904296875,-740.8365478515625,-731.53564453125,-782.09619140625,-815.440673828125,-638.973876953125,-550.639892578125,-595.3868408203125,-401.34326171875,-502.13055419921875,-408.07501220703125,-444.65643310546875,-376.70831298828125,-501.2266845703125,-418.84600830078125,-581.22705078125,-233.5946044921875,-229.97674560546875,-190.3067626953125,-372.04925537109375,-398.2769775390625,-204.77606201171875,-77.13043212890625,-133.323486328125,-99.4974365234375,0.675323486328125,-137.37237548828125,-78.2486572265625,-108.06658935546875,-153.1029052734375,-61.21612548828125,-102.34539794921875,-87.225830078125,1.7640380859375,-9.51824951171875,-113.2264404296875,-60.9443359375
"S177",180.44830322265625,196.37481689453125,186.8782958984375,212.432861328125,185.394775390625,237.28012084960938,164.4666748046875,194.35397338867188,180.058349609375,189.6783447265625,214.39999389648438,265.00315856933594,295.47364807128906,302.7855224609375,303.4112854003906,276.1907653808594,221.04718017578125,305.91419982910156,300.6621398925781,299.91578674316406,299.7449188232422,291.2090759277344,301.6952819824219,307.69769287109375,295.8677062988281,297.6443328857422,298.88258361816406,299.9432067871094,312.48085021972656,314.14479064941406,298.75938415527344,297.3487091064453,303.3487854003906,301.35560607910156,306.7555389404297,288.24647521972656,271.5560302734375,301.72840881347656,297.2127227783203,266.1005554199219,257.8365783691406,201.29013061523438,164.93951416015625,177.58529663085938,118.45770263671875,76.93966674804688,40.546539306640625,-82.53826904296875,-214.3946533203125,-276.72747802734375,-310.595458984375,-371.6263427734375,-488.86114501953125,-615.4996337890625,-740.8116455078125,-849.5584716796875,-884.811767578125,-906.578857421875,-979.9935302734375,-1011.73681640625,-1029.5970458984375,-1089.4798583984375,-1110.4503173828125,-1137.026123046875,-1194.727783203125,-1189.07470703125,-1266.5076904296875,-1119.4244384765625,-1121.699951171875,-1167.38720703125,-1190.3818359375,-1147.491943359375,-1257.1346435546875,-1258.5787353515625,-1277.8828125,-1436.2965087890625,-1381.4539794921875,-1293.5523681640625,-1301.972900390625,-1301.6239013671875,-1325.708984375,-1267.91259765625,-1203.514892578125,-1114.4254150390625,-1154.572509765625,-1167.7796630859375,-1257.5335693359375,-1202.2818603515625,-1111.9368896484375,-1129.0848388671875,-1085.5257568359375,-1050.158935546875,-1124.707763671875,-1172.6629638671875,-1090.9876708984375,-1081.791259765625,-1102.310546875,-1091.1414794921875,-1055.8443603515625,-1131.4605712890625,-995.4954833984375,-975.6304931640625,-934.5521240234375,-970.6123046875,-909.73095703125,-966.126953125,-851.2611083984375,-782.09619140625,-815.440673828125,-762.912353515625,-765.17138671875,-612.18701171875,-489.839599609375,-506.31903076171875,-723.864990234375,-327.96514892578125,-383.7508544921875,-464.35894775390625,-415.4117431640625,-266.53289794921875,-172.8857421875,-341.01580810546875,-139.142822265625,-275.7177734375,-70.6904296875,-353.65625,-134.9613037109375,-126.3621826171875,-95.77978515625,-45.280517578125,-30.48956298828125,-98.84014892578125,0.909332275390625,-6.9832763671875,-24.1630859375,-11.985870361328125,-31.96630859375,14.69586181640625,-83.90203857421875,-87.05755615234375,63.459259033203125
"S178",192.98779296875,196.37481689453125,206.35824584960938,213.41046142578125,253.30421447753906,247.27517700195312,208.27670288085938,194.35397338867188,180.058349609375,189.6783447265625,214.39999389648438,267.0228576660156,244.56236267089844,292.8883972167969,286.9403991699219,253.3955841064453,302.7668762207031,283.9422912597656,238.69061279296875,287.65728759765625,272.1266784667969,257.55145263671875,297.6107635498047,284.5116882324219,262.1723937988281,287.554443359375,280.34039306640625,284.3020782470703,315.90379333496094,305.75152587890625,267.3882293701172,283.0079345703125,278.12879943847656,259.46336364746094,296.4403839111328,249.18226623535156,255.1345977783203,299.96116638183594,270.6285705566406,229.68017578125,234.57672119140625,201.29013061523438,164.93951416015625,177.58529663085938,80.23916625976562,74.63095092773438,40.546539306640625,-82.53826904296875,-214.3946533203125,-276.72747802734375,-310.595458984375,-371.6263427734375,-488.86114501953125,-654.72509765625,-743.937744140625,-849.5584716796875,-884.811767578125,-906.578857421875,-979.9935302734375,-1011.73681640625,-1121.028564453125,-1154.0123291015625,-1110.4503173828125,-1151.6356201171875,-1194.727783203125,-1189.07470703125,-1266.5076904296875,-1119.4244384765625,-1308.7501220703125,-1167.38720703125,-1190.3818359375,-1147.491943359375,-1257.1346435546875,-1258.5787353515625,-1277.8828125,-1608.801025390625,-1381.4539794921875,-1332.5068359375,-1301.972900390625,-1301.6239013671875,-1325.708984375,-1385.7677001953125,-1247.0621337890625,-1114.4254150390625,-1396.451171875,-1286.544921875,-1486.247314453125,-1593.633056640625,-1228.84912109375,-1150.9161376953125,-1269.056396484375,-1176.2982177734375,-1124.707763671875,-1172.6629638671875,-1090.9876708984375,-1114.0736083984375,-1132.2633056640625,-1091.1414794921875,-1177.3126220703125,-1158.9166259765625,-1150.3739013671875,-975.6304931640625,-1015.6099853515625,-1063.5262451171875,-970.42822265625,-1177.1318359375,-907.5626220703125,-917.0919189453125,-1148.2371826171875,-955.6009521484375,-737.0794677734375,-637.7288818359375,-551.1676025390625,-669.541259765625,-1008.171630859375,-348.01544189453125,-435.1475830078125,-357.55072021484375,-379.7005615234375,-268.22882080078125,-231.3819580078125,-381.3306884765625,-260.66632080078125,-484.814453125,-178.094970703125,-305.26318359375,-170.43487548828125,-183.9725341796875,-199.082275390625,-284.242431640625,-200.4166259765625,-374.66473388671875,-103.29888916015625,-42.5130615234375,-155.53472900390625,-94.06036376953125,-209.15472412109375,-480.2010498046875,-24.37957763671875,-19.91326904296875,-15.506591796875
"S179",142.28411865234375,97.73861694335938,136.979248046875,146.03875732421875,228.16665649414062,233.414306640625,73.67337036132812,22.29058837890625,57.67333984375,101.35574340820312,144.60055541992188,269.14488220214844,272.4286193847656,276.8695983886719,265.9090118408203,268.18785095214844,291.64329528808594,287.3923034667969,251.15846252441406,274.71714782714844,281.3078918457031,245.42588806152344,304.86317443847656,301.55174255371094,203.41152954101562,243.07736206054688,235.02783203125,272.6190948486328,305.6515350341797,303.13519287109375,256.93927001953125,312.9075164794922,279.62010192871094,271.8727264404297,298.27296447753906,221.165283203125,250.22203063964844,303.8817443847656,276.01234436035156,249.66429138183594,248.0334014892578,109.67977905273438,138.11672973632812,163.96926879882812,67.04071044921875,40.553802490234375,10.60400390625,-135.914306640625,-383.9779052734375,-320.42181396484375,-369.77752685546875,-468.47003173828125,-591.6580810546875,-744.4117431640625,-929.4912109375,-1104.0037841796875,-1038.3802490234375,-1088.147216796875,-1151.0081787109375,-1218.7950439453125,-1551.254638671875,-1413.469970703125,-1442.446533203125,-1556.030029296875,-1847.45361328125,-1484.34765625,-1717.33642578125,-1642.6083984375,-1867.35693359375,-1622.147705078125,-1757.6044921875,-1711.27197265625,-1705.60107421875,-1909.05712890625,-2070.397705078125,-2037.001708984375,-1836.41650390625,-1858.47998046875,-1685.619384765625,-1577.173828125,-1537.8824462890625,-1546.36474609375,-1418.2740478515625,-1459.6368408203125,-1590.835693359375,-1527.405029296875,-1680.689453125,-1511.7181396484375,-1388.424072265625,-1548.2353515625,-1487.7913818359375,-1564.364501953125,-1612.726806640625,-1492.057373046875,-1421.6295166015625,-1444.873779296875,-1515.38671875,-1456.7725830078125,-1459.15185546875,-1961.505126953125,-1500.6871337890625,-1360.0218505859375,-1202.8656005859375,-1622.462890625,-1182.3709716796875,-1391.603271484375,-1113.543212890625,-1066.3267822265625,-1486.139892578125,-1091.082763671875,-950.6285400390625,-944.2623291015625,-684.3629150390625,-481.9278564453125,-503.67877197265625,-449.21563720703125,-353.30523681640625,-400.49432373046875,-314.552490234375,-386.41143798828125,-322.9700927734375,-320.56988525390625,-262.3958740234375,-300.9844970703125,-249.80352783203125,-198.81915283203125,-178.57861328125,-156.6060791015625,-150.85546875,-119.02166748046875,-149.60113525390625,-94.8392333984375,-37.3870849609375,-65.4537353515625,-35.63189697265625,-58.82421875,-170.33709716796875,-345.53460693359375,-389.20086669921875,-123.34722900390625,-43.8262939453125
"S180",Infinity,Infinity,Infinity,Infinity,Infinity,Infinity,Infinity,Infinity,Infinity,Infinity,Infinity,Infinity,Infinity,Infinity,Infinity,Infinity,Infinity,Infinity,Infinity,Infinity,Infinity,Infinity,Infinity,Infinity,Infinity,Infinity,Infinity,Infinity,Infinity,Infinity,Infinity,Infinity,Infinity,Infinity,Infinity,Infinity,Infinity,Infinity,Infinity,Infinity,Infinity,Infinity,Infinity,Infinity,Infinity,Infinity,Infinity,Infinity,Infinity,Infinity,Infinity,Infinity,Infinity,Infinity,Infinity,Infinity,Infinity,Infinity,Infinity,Infinity,Infinity,Infinity,Infinity,Infinity,Infinity,Infinity,Infinity,Infinity,Infinity,Infinity,Infinity,Infinity,Infinity,Infinity,Infinity,Infinity,Infinity,Infinity,Infinity,Infinity,Infinity,Infinity,Infinity,Infinity,Infinity,Infinity,Infinity,Infinity,Infinity,Infinity,Infinity,Infinity,Infinity,Infinity,Infinity,Infinity,Infinity,Infinity,Infinity,Infinity,Infinity,Infinity,Infinity,Infinity,Infinity,Infinity,Infinity,Infinity,Infinity,Infinity,Infinity,Infinity,Infinity,Infinity,Infinity,Infinity,Infinity,Infinity,Infinity,Infinity,Infinity,Infinity,Infinity,Infinity,Infinity,Infinity,Infinity,Infinity,Infinity,Infinity,Infinity,Infinity,Infinity,Infinity,Infinity,Infinity,Infinity,Infinity,Infinity,Infinity,Infinity
"S181",430.39464569091797,415.7590026855469,436.7052459716797,415.60611724853516,427.5415954589844,435.5242156982422,449.9158020019531,446.7464942932129,446.9878463745117,449.77606201171875,445.32674407958984,433.7903289794922,443.2121353149414,449.1100769042969,432.5647888183594,437.2695541381836,443.77717208862305,448.45738983154297,447.67472076416016,448.04698944091797,445.5565071105957,444.4869689941406,447.2405586242676,434.65174865722656,452.57577896118164,444.1209716796875,453.1810646057129,456.54932022094727,449.8658218383789,449.4064598083496,450.24730682373047,443.51479721069336,454.9158935546875,443.9016456604004,445.61474227905273,451.5971336364746,441.34499740600586,445.093448638916,432.3726501464844,413.06689453125,409.3056945800781,380.38367462158203,367.75177001953125,314.65550231933594,250.23031616210938,269.1669006347656,212.53375244140625,33.736480712890625,-21.8275146484375,-66.01031494140625,-27.25299072265625,-98.8961181640625,-312.15753173828125,-459.1429443359375,-488.0389404296875,-504.77679443359375,-574.2821044921875,-551.3663330078125,-613.4949951171875,-667.0484619140625,-649.8668212890625,-801.992431640625,-803.59765625,-761.400146484375,-831.0640869140625,-827.2783203125,-902.843994140625,-906.245849609375,-828.2147216796875,-895.2950439453125,-826.6893310546875,-741.0775146484375,-778.735107421875,-703.5263671875,-753.7777099609375,-712.90625,-616.6170654296875,-688.6209716796875,-717.7457275390625,-659.5701904296875,-689.413330078125,-582.65625,-549.106689453125,-542.2408447265625,-595.038330078125,-603.3865966796875,-683.822998046875,-580.043701171875,-530.389892578125,-417.736572265625,-576.4365234375,-430.5047607421875,-302.81427001953125,-398.33648681640625,-358.7408447265625,-266.1995849609375,-440.10382080078125,-360.88372802734375,-290.1640625,-333.45440673828125,-186.8760986328125,-186.30059814453125,-273.41241455078125,-318.10284423828125,-251.2423095703125,-172.18914794921875,-148.99664306640625,-152.056396484375,-155.69366455078125,-115.3675537109375,-80.1329345703125,-12.27789306640625,11.941314697265625,40.116851806640625,45.501953125,135.32208251953125,38.595245361328125,31.8515625,98.69900512695312,179.69677734375,141.11883544921875,209.11386108398438,207.87405395507812,271.8456573486328,237.84893798828125,249.9127655029297,295.3458557128906,205.54165649414062,295.48500061035156,268.53863525390625,264.1329040527344,273.7094421386719,351.6787109375,361.21009826660156,377.16658782958984,328.85118103027344,363.1729278564453,395.9848175048828,375.9488754272461,368.49546813964844,357.20452880859375
"S182",432.6014938354492,415.86920166015625,435.4354934692383,418.8941879272461,439.9099655151367,458.7074546813965,455.80461502075195,450.14768981933594,460.31266021728516,458.9026336669922,430.39697265625,445.4939727783203,453.82129287719727,455.7533149719238,425.89170837402344,427.65003204345703,452.33755111694336,462.3653106689453,459.9651184082031,468.90363121032715,467.3233413696289,462.3927688598633,461.8561210632324,463.5602569580078,464.57954025268555,465.07379150390625,459.8116226196289,466.70652770996094,426.9477005004883,448.12561416625977,463.8000679016113,464.1147117614746,469.13916206359863,464.2446403503418,449.86870193481445,458.8951301574707,462.1456069946289,454.70182037353516,462.2903060913086,436.34650802612305,415.54955291748047,434.0109634399414,429.66910552978516,410.92826080322266,383.23228454589844,360.87681579589844,356.3586730957031,321.4430847167969,281.2540283203125,226.98916625976562,202.18353271484375,200.77304077148438,104.27609252929688,31.9735107421875,22.275970458984375,-41.16925048828125,-102.42608642578125,-113.3773193359375,-135.0947265625,-165.8389892578125,-227.00909423828125,-253.391845703125,-213.5399169921875,-300.63916015625,-293.6822509765625,-284.15765380859375,-403.79254150390625,-333.975830078125,-293.57763671875,-329.05914306640625,-332.52789306640625,-245.57244873046875,-241.087646484375,-247.00830078125,-210.371337890625,-190.48992919921875,-147.52984619140625,-112.1243896484375,-108.87872314453125,-158.0670166015625,-86.2340087890625,-4.119293212890625,-44.51361083984375,-70.35333251953125,-13.53387451171875,15.7646484375,-55.87969970703125,-36.364501953125,-8.51165771484375,-10.29901123046875,31.38238525390625,14.487823486328125,58.457244873046875,25.8892822265625,63.082275390625,4.926422119140625,19.242889404296875,28.72222900390625,111.4285888671875,88.47161865234375,134.58151245117188,97.00384521484375,55.838348388671875,114.28787231445312,130.38790893554688,115.878173828125,137.251708984375,158.51223754882812,145.96368408203125,176.72732543945312,196.48016357421875,204.21072387695312,210.7083740234375,245.70611572265625,229.47601318359375,268.24781799316406,267.7775115966797,252.93487548828125,283.6590576171875,289.00648498535156,323.66835021972656,365.8456115722656,363.91554260253906,352.3659362792969,370.3668212890625,379.5763626098633,393.8645935058594,386.15209197998047,390.701416015625,401.8478546142578,367.03143310546875,385.19459533691406,407.54969024658203,404.1595993041992,407.6453170776367,412.9936065673828,411.9627380371094,422.879638671875,422.2705535888672,411.9653854370117,421.6619644165039
"S183",307.8220520019531,364.4967498779297,373.97618103027344,364.2676696777344,374.7978057861328,375.07066345214844,351.9359588623047,394.8664093017578,388.29483795166016,386.91014862060547,369.99098205566406,390.0731201171875,409.21177673339844,401.69895935058594,393.1803741455078,379.89827728271484,380.0282516479492,413.18672943115234,406.53804779052734,411.4985580444336,424.12005615234375,408.3551788330078,387.68214416503906,418.5202941894531,402.11595916748047,379.5033493041992,404.6963195800781,412.7851791381836,374.3343200683594,409.57959747314453,399.5362854003906,399.9877014160156,396.37679290771484,396.9093246459961,382.7771682739258,393.4961624145508,402.0333786010742,392.6222839355469,407.41573333740234,377.4158020019531,360.95042419433594,385.2263946533203,351.5296173095703,355.22486877441406,356.220458984375,305.93663024902344,287.90386962890625,281.0830993652344,243.25601196289062,216.21694946289062,141.28683471679688,128.19268798828125,82.684814453125,70.017333984375,82.78140258789062,83.6922607421875,20.831146240234375,45.281036376953125,28.836212158203125,-28.2047119140625,-11.0828857421875,-13.5911865234375,20.76055908203125,-38.4583740234375,9.19561767578125,-52.070068359375,-19.4637451171875,-39.74163818359375,37.657623291015625,-43.81976318359375,-37.4791259765625,-46.63116455078125,-51.031982421875,-93.28125,-57.3453369140625,10.890777587890625,-6.354461669921875,0.149871826171875,-18.58660888671875,-87.749267578125,-1.73736572265625,-31.01678466796875,-82.8878173828125,-169.21417236328125,10.521240234375,33.465423583984375,-44.4356689453125,29.102752685546875,-27.5179443359375,4.306549072265625,-2.178955078125,-21.21917724609375,46.470855712890625,43.965789794921875,61.70068359375,4.451995849609375,76.880126953125,62.972930908203125,101.05746459960938,98.86123657226562,46.09869384765625,77.96987915039062,94.1737060546875,96.19244384765625,84.05856323242188,83.59912109375,34.07208251953125,51.98223876953125,18.609130859375,55.968719482421875,82.9383544921875,76.01687622070312,36.18731689453125,71.896240234375,-62.04327392578125,-19.1298828125,80.47732543945312,36.981903076171875,85.3255615234375,92.97720336914062,123.82281494140625,93.42535400390625,162.64669799804688,-196.6722412109375,186.38125610351562,201.88137817382812,147.22607421875,199.2750244140625,241.38461303710938,204.05429077148438,225.31210327148438,197.9500732421875,283.9891357421875,213.02456665039062,268.0246124267578,264.3016815185547,285.50636291503906,322.1197052001953,300.2783660888672,269.6430206298828,332.28558349609375
"S184",391.01444244384766,399.7281188964844,415.37071228027344,415.1929016113281,421.7730941772461,428.5237731933594,422.7748107910156,428.89337158203125,438.84735107421875,433.9183349609375,433.6785888671875,441.7182197570801,440.10606384277344,444.2000503540039,434.67539978027344,430.4696578979492,432.6820068359375,444.0783500671387,432.2681198120117,441.9261054992676,446.3981590270996,442.210391998291,442.9353675842285,441.9234924316406,439.6671447753906,440.2363090515137,444.4991645812988,436.82737731933594,432.26116943359375,440.5296440124512,425.19947052001953,434.0360107421875,417.0679244995117,396.0096740722656,426.97615814208984,433.4110412597656,425.2661666870117,436.373104095459,437.8280944824219,408.92488861083984,416.6822814941406,406.1671371459961,414.42630767822266,408.0940475463867,389.93868255615234,375.89422607421875,357.53990173339844,324.67578125,281.2540283203125,252.2440185546875,239.02194213867188,236.14871215820312,198.0157470703125,155.604736328125,142.66250610351562,132.13522338867188,117.18179321289062,145.71490478515625,140.03598022460938,97.96133422851562,98.4188232421875,80.14883422851562,74.11083984375,65.19873046875,59.95989990234375,41.734832763671875,19.60052490234375,28.97637939453125,41.7496337890625,49.510528564453125,46.659820556640625,75.63726806640625,75.68316650390625,95.05654907226562,89.34359741210938,102.44796752929688,113.86508178710938,80.98208618164062,79.90203857421875,102.05294799804688,83.42816162109375,125.18032836914062,109.25161743164062,113.67770385742188,101.16879272460938,121.87445068359375,131.55657958984375,151.11514282226562,160.7159423828125,145.07440185546875,135.86480712890625,161.0853271484375,186.66021728515625,181.85528564453125,206.47442626953125,200.244384765625,205.52127075195312,188.56845092773438,200.22061157226562,214.07852172851562,201.207763671875,235.03030395507812,193.4757080078125,218.15896606445312,207.29412841796875,222.76705932617188,214.75119018554688,182.56008911132812,194.77703857421875,215.09188842773438,225.5396728515625,208.37677001953125,206.483154296875,227.3712158203125,174.31005859375,186.68576049804688,205.82269287109375,218.01760864257812,231.341064453125,240.33660888671875,240.0572509765625,252.86166381835938,261.62925720214844,189.0667724609375,246.43307495117188,277.2516784667969,274.6039276123047,274.9202423095703,295.3328094482422,299.90174865722656,303.3370361328125,301.22242736816406,328.87554931640625,321.6969451904297,319.76890563964844,336.96861267089844,346.45751953125,363.2872314453125,359.75437927246094,358.16429138183594,356.40020751953125
"S185",117.685546875,87.05270385742188,154.89907836914062,181.93392944335938,191.78402709960938,222.88638305664062,228.50796508789062,225.16290283203125,223.22048950195312,216.98114013671875,229.46368408203125,235.35598754882812,224.32376098632812,241.78912353515625,243.8382568359375,251.25193786621094,265.12957763671875,264.7950134277344,272.29083251953125,271.79701232910156,267.1202850341797,272.6354064941406,287.6862335205078,285.74522399902344,292.3738250732422,295.3114929199219,296.0232238769531,300.6713562011719,314.9779510498047,310.8310089111328,305.7077941894531,312.0301055908203,302.1586456298828,300.21246337890625,302.41993713378906,293.55950927734375,283.05670166015625,272.21197509765625,265.8194122314453,245.59405517578125,234.86334228515625,218.75936889648438,175.16119384765625,132.05389404296875,94.46453857421875,93.36734008789062,36.548309326171875,-0.088134765625,-19.11962890625,-98.64874267578125,-90.54949951171875,-105.5123291015625,-106.84747314453125,-181.98944091796875,-162.367431640625,-141.14068603515625,-192.1795654296875,-165.50164794921875,-185.552978515625,-166.01837158203125,-198.8785400390625,-208.59466552734375,-154.98699951171875,-149.4422607421875,-109.09014892578125,-92.89178466796875,-293.31158447265625,-170.06903076171875,-147.633056640625,-207.381103515625,-167.2236328125,-130.83258056640625,-146.97198486328125,-90.10589599609375,-113.95953369140625,-182.62554931640625,-127.33770751953125,-134.84808349609375,-153.49993896484375,-108.59222412109375,-119.61688232421875,-163.28643798828125,-165.97515869140625,-258.8865966796875,-191.97430419921875,-214.80401611328125,-134.58551025390625,-79.020263671875,-65.21478271484375,-100.09246826171875,-178.36181640625,-133.07391357421875,-162.5186767578125,-135.9432373046875,-92.03204345703125,-56.140625,-87.8809814453125,-98.4857177734375,-90.45928955078125,-54.88763427734375,-92.4266357421875,-87.20306396484375,-92.99261474609375,-47.288330078125,-53.9876708984375,-41.88519287109375,-96.54901123046875,-74.718017578125,-79.1942138671875,-61.4544677734375,-35.40289306640625,-44.5518798828125,-72.61370849609375,-49.241943359375,-49.216796875,-63.64630126953125,-5.892486572265625,-17.09234619140625,-34.33062744140625,8.4305419921875,18.312042236328125,24.6024169921875,34.612091064453125,3.763092041015625,-1.968109130859375,3.418182373046875,-13.2177734375,-53.25567626953125,-51.9510498046875,-41.27850341796875,-0.32904052734375,0.276702880859375,24.20465087890625,41.6904296875,67.63616943359375,64.69033813476562,60.07147216796875,70.86996459960938,35.257598876953125,87.0965576171875,106.3797607421875
"S186",117.685546875,87.05270385742188,154.89907836914062,181.93392944335938,191.78402709960938,222.88638305664062,228.50796508789062,219.2689208984375,223.22048950195312,216.98114013671875,229.46368408203125,235.35598754882812,224.32376098632812,241.78912353515625,243.8382568359375,251.25193786621094,265.12957763671875,264.7950134277344,272.29083251953125,271.79701232910156,267.1202850341797,272.6354064941406,287.6862335205078,285.74522399902344,292.3738250732422,295.3114929199219,296.0232238769531,300.6713562011719,314.9779510498047,310.8310089111328,305.7077941894531,312.0301055908203,302.1586456298828,300.21246337890625,302.41993713378906,293.55950927734375,283.05670166015625,272.21197509765625,265.8194122314453,245.59405517578125,234.86334228515625,218.75936889648438,175.16119384765625,132.05389404296875,94.46453857421875,93.36734008789062,36.548309326171875,-0.088134765625,-19.11962890625,-98.64874267578125,-90.54949951171875,-108.00494384765625,-125.4832763671875,-181.98944091796875,-162.367431640625,-172.9608154296875,-192.1795654296875,-165.50164794921875,-179.4453125,-197.38568115234375,-222.7347412109375,-207.91241455078125,-160.61395263671875,-233.87518310546875,-211.2694091796875,-159.939208984375,-293.31158447265625,-236.3726806640625,-233.6954345703125,-231.42596435546875,-194.0302734375,-184.61309814453125,-154.92572021484375,-148.55340576171875,-162.81732177734375,-197.2232666015625,-186.55731201171875,-152.6578369140625,-165.51483154296875,-112.43896484375,-122.8480224609375,-165.591796875,-165.3614501953125,-219.0235595703125,-123.53656005859375,-183.114013671875,-148.1282958984375,-152.363037109375,-150.8656005859375,-132.78790283203125,-172.55316162109375,-170.25482177734375,-221.1507568359375,-220.39324951171875,-240.20916748046875,-202.61090087890625,-133.79559326171875,-98.4857177734375,-113.47027587890625,-122.35565185546875,-125.78045654296875,-153.1839599609375,-138.506591796875,-60.990234375,-53.9876708984375,-41.88519287109375,-116.1278076171875,-70.91864013671875,-76.7242431640625,-57.01007080078125,-32.0328369140625,-33.7584228515625,-55.55419921875,-33.884765625,-49.216796875,-69.4229736328125,-57.57525634765625,-40.94940185546875,-65.99615478515625,-50.221435546875,-97.9249267578125,-69.86517333984375,-48.1107177734375,2.107574462890625,-2.393280029296875,35.01123046875,-13.2177734375,-53.25567626953125,-51.9510498046875,-41.27850341796875,-0.32904052734375,0.276702880859375,24.20465087890625,41.6904296875,67.63616943359375,64.69033813476562,72.85675048828125,70.86996459960938,35.257598876953125,87.0965576171875,106.3797607421875
"S187",87.94473266601562,87.05270385742188,118.30722045898438,121.36703491210938,148.14413452148438,190.86056518554688,188.7642822265625,212.3236083984375,200.79290771484375,196.36581420898438,216.30450439453125,235.35598754882812,221.77182006835938,230.22222900390625,246.57994079589844,241.12399291992188,250.93739318847656,256.37355041503906,253.4898681640625,255.5021209716797,257.0832824707031,255.99978637695312,263.1365051269531,257.1597595214844,256.78721618652344,260.6857452392578,273.1373748779297,277.23695373535156,283.7222442626953,279.15858459472656,275.29795837402344,281.59144592285156,279.0438690185547,273.4044494628906,273.71726989746094,264.9076232910156,253.0774383544922,242.5894775390625,227.97265625,221.05514526367188,212.0728759765625,196.70803833007812,175.16119384765625,132.05389404296875,94.46453857421875,93.36734008789062,36.548309326171875,-0.088134765625,-19.11962890625,-117.83258056640625,-123.8095703125,-148.14739990234375,-170.6561279296875,-205.34442138671875,-154.86187744140625,-168.0977783203125,-192.1795654296875,-165.50164794921875,-179.4453125,-186.04833984375,-180.468017578125,-173.98858642578125,-136.0009765625,-181.39080810546875,-169.6390380859375,-99.1900634765625,-234.25042724609375,-191.8232421875,-223.61053466796875,-231.42596435546875,-194.0302734375,-153.08477783203125,-154.92572021484375,-148.55340576171875,-139.84088134765625,-174.46856689453125,-152.5126953125,-152.6578369140625,-165.51483154296875,-112.43896484375,-122.8480224609375,-165.591796875,-165.3614501953125,-219.0235595703125,-123.53656005859375,-174.6048583984375,-120.1783447265625,-96.07672119140625,-97.28350830078125,-87.246826171875,-156.18243408203125,-149.63543701171875,-203.8140869140625,-174.5980224609375,-188.3153076171875,-129.7806396484375,-120.7867431640625,-98.4857177734375,-113.47027587890625,-122.35565185546875,-125.78045654296875,-142.20770263671875,-138.506591796875,-60.990234375,-53.9876708984375,-41.88519287109375,-116.1278076171875,-70.91864013671875,-76.7242431640625,-57.01007080078125,-32.0328369140625,-33.7584228515625,-55.55419921875,-33.884765625,-49.216796875,-69.4229736328125,-56.8345947265625,-33.7845458984375,-57.33319091796875,-50.221435546875,-97.9249267578125,-69.86517333984375,-48.1107177734375,2.107574462890625,-2.393280029296875,35.01123046875,-13.2177734375,-53.25567626953125,-42.20660400390625,-24.7960205078125,5.1993408203125,0.276702880859375,24.20465087890625,41.6904296875,67.63616943359375,64.69033813476562,72.85675048828125,70.86996459960938,35.257598876953125,87.0965576171875,106.3797607421875
"S188",87.94473266601562,87.05270385742188,118.30722045898438,121.36703491210938,148.14413452148438,190.86056518554688,188.7642822265625,212.3236083984375,200.79290771484375,195.86044311523438,216.30450439453125,235.35598754882812,215.72634887695312,230.22222900390625,246.57994079589844,241.12399291992188,250.93739318847656,256.37355041503906,253.4898681640625,255.5021209716797,257.0832824707031,255.99978637695312,263.1365051269531,257.1597595214844,256.78721618652344,260.6857452392578,273.1373748779297,277.23695373535156,283.7222442626953,279.15858459472656,275.29795837402344,281.59144592285156,279.0438690185547,273.4044494628906,273.71726989746094,264.9076232910156,252.06764221191406,242.5894775390625,227.97265625,221.05514526367188,212.0728759765625,196.70803833007812,167.906494140625,132.05389404296875,94.46453857421875,93.36734008789062,36.548309326171875,-0.088134765625,-19.11962890625,-117.83258056640625,-123.8095703125,-148.14739990234375,-170.6561279296875,-205.34442138671875,-154.86187744140625,-168.0977783203125,-192.1795654296875,-165.50164794921875,-179.4453125,-186.04833984375,-180.468017578125,-173.98858642578125,-136.0009765625,-181.39080810546875,-169.6390380859375,-99.1900634765625,-234.25042724609375,-191.8232421875,-223.61053466796875,-231.42596435546875,-194.0302734375,-153.08477783203125,-154.92572021484375,-148.55340576171875,-139.84088134765625,-174.46856689453125,-152.5126953125,-152.6578369140625,-165.51483154296875,-112.43896484375,-122.8480224609375,-165.591796875,-165.3614501953125,-219.0235595703125,-123.53656005859375,-174.6048583984375,-120.1783447265625,-96.07672119140625,-97.28350830078125,-87.246826171875,-156.18243408203125,-149.63543701171875,-203.8140869140625,-174.5980224609375,-188.3153076171875,-129.7806396484375,-120.7867431640625,-98.4857177734375,-113.47027587890625,-122.35565185546875,-125.78045654296875,-142.20770263671875,-138.506591796875,-60.990234375,-53.9876708984375,-41.88519287109375,-116.1278076171875,-70.91864013671875,-76.7242431640625,-57.01007080078125,-32.0328369140625,-33.7584228515625,-55.55419921875,-33.884765625,-49.216796875,-69.4229736328125,-126.27508544921875,-33.7845458984375,-57.33319091796875,-50.221435546875,-97.9249267578125,-69.86517333984375,-48.1107177734375,2.107574462890625,-2.393280029296875,35.01123046875,-13.2177734375,-53.25567626953125,-42.20660400390625,-24.7960205078125,5.1993408203125,0.276702880859375,24.20465087890625,41.6904296875,67.63616943359375,64.69033813476562,72.85675048828125,70.86996459960938,35.257598876953125,87.0965576171875,106.3797607421875
"S189",224.49188232421875,235.04354858398438,213.86788940429688,233.91522216796875,218.62799072265625,233.15658569335938,241.2984619140625,243.0419921875,292.14202880859375,299.11814880371094,301.6902160644531,307.51307678222656,311.89630126953125,302.3157958984375,333.4158172607422,318.1297302246094,323.73193359375,322.64747619628906,323.1966247558594,337.7684631347656,326.5224304199219,310.829345703125,341.6514587402344,339.3758239746094,329.5012969970703,345.13304138183594,345.0758514404297,333.24900817871094,348.65472412109375,344.35972595214844,335.5149383544922,354.03692626953125,349.11277770996094,345.8495178222656,353.0856018066406,350.267578125,333.760498046875,328.66624450683594,340.8199157714844,340.86285400390625,337.6277618408203,291.92762756347656,300.2232971191406,296.0425262451172,243.69512939453125,219.12091064453125,206.78347778320312,141.53173828125,82.08587646484375,97.69436645507812,54.352783203125,45.038848876953125,37.808441162109375,-5.98712158203125,-41.19415283203125,-68.99407958984375,-46.8377685546875,-75.20037841796875,-112.33673095703125,-97.77899169921875,-222.16961669921875,-218.2103271484375,-157.36651611328125,-149.34765625,-173.0596923828125,-165.96624755859375,-126.88543701171875,-134.52105712890625,-142.8875732421875,-125.63714599609375,-146.30755615234375,-161.54302978515625,-167.0638427734375,-147.8531494140625,-162.77099609375,-160.22491455078125,-209.59808349609375,-193.3804931640625,-230.3988037109375,-232.88385009765625,-209.059326171875,-194.284423828125,-202.18035888671875,-193.8289794921875,-210.69781494140625,-150.0491943359375,-143.95697021484375,-153.74169921875,-150.0211181640625,-184.8031005859375,-128.65631103515625,-98.3507080078125,-143.625732421875,-113.79449462890625,-116.74945068359375,-146.267578125,-170.46173095703125,-130.19451904296875,-125.81201171875,-99.39178466796875,-64.7911376953125,-62.98260498046875,-66.16778564453125,-66.8448486328125,-61.099365234375,-88.796142578125,-44.311767578125,-20.92828369140625,-42.86444091796875,-25.0047607421875,-0.906219482421875,-11.02996826171875,16.822418212890625,52.56768798828125,76.72247314453125,107.18402099609375,108.6708984375,113.8319091796875,135.8890380859375,104.1107177734375,102.79263305664062,128.14260864257812,154.75265502929688,121.30862426757812,134.03814697265625,101.76239013671875,70.09332275390625,113.31613159179688,101.91189575195312,86.38998413085938,83.00332641601562,93.4254150390625,66.5673828125,135.9151611328125,119.77487182617188,11.6492919921875,83.42007446289062,138.7991943359375,111.84872436523438,153.27798461914062,131.65695190429688
"S190",171.93551635742188,272.13279724121094,213.86788940429688,130.38845825195312,159.1444091796875,233.15658569335938,241.2984619140625,299.4886932373047,296.644287109375,297.4849090576172,301.79795837402344,328.3175354003906,305.4837951660156,315.6004943847656,349.94593811035156,316.8303527832031,332.44728088378906,355.6610412597656,329.3368835449219,347.61863708496094,364.92437744140625,310.829345703125,345.664794921875,357.14930725097656,341.7189636230469,341.71485900878906,378.54589080810547,330.0351104736328,359.803466796875,380.0013198852539,331.3850860595703,349.8512268066406,354.97418212890625,318.3921203613281,340.6831970214844,365.6070251464844,329.80714416503906,325.4461975097656,344.77955627441406,343.1676940917969,344.31224060058594,291.92762756347656,298.5993194580078,296.7752380371094,257.3897247314453,224.19064331054688,217.04824829101562,141.53173828125,82.08587646484375,105.00033569335938,40.47357177734375,63.731658935546875,55.001251220703125,35.266815185546875,-16.70574951171875,-66.06085205078125,-46.8377685546875,-75.20037841796875,-105.08831787109375,-56.99609375,-122.6405029296875,-117.6241455078125,-132.31304931640625,-94.43231201171875,-307.39056396484375,-166.4530029296875,-126.88543701171875,-134.52105712890625,-135.22015380859375,-118.07861328125,-110.00262451171875,-120.51019287109375,-101.80572509765625,-67.37237548828125,-93.55169677734375,-74.57025146484375,-131.968505859375,-116.91046142578125,-135.69921875,-138.77093505859375,-118.5379638671875,-148.0947265625,-140.643310546875,-141.1927490234375,-210.69781494140625,-150.0491943359375,-132.37567138671875,-153.74169921875,-150.0211181640625,-126.8399658203125,-100.60552978515625,-61.48992919921875,-69.00103759765625,-57.5731201171875,-83.326416015625,-146.267578125,-170.46173095703125,-92.4454345703125,-117.61785888671875,-70.12396240234375,-35.2623291015625,-54.27410888671875,-92.86798095703125,-66.8448486328125,-61.099365234375,-71.2664794921875,-165.02685546875,-17.42095947265625,-49.08563232421875,-25.0047607421875,0.0703125,-11.02996826171875,16.822418212890625,52.56768798828125,76.72247314453125,109.78555297851562,108.6708984375,113.8319091796875,135.8890380859375,23.0538330078125,108.68832397460938,137.91256713867188,96.40289306640625,190.0264892578125,184.42279052734375,162.458251953125,122.76736450195312,120.3349609375,79.33441162109375,127.67074584960938,117.13992309570312,182.66998291015625,167.9090576171875,177.21670532226562,199.13540649414062,176.82229614257812,160.33624267578125,56.052398681640625,35.259796142578125,200.42825317382812,200.73080444335938
"S191",135.40548706054688,173.81854248046875,99.36227416992188,114.287841796875,133.29568481445312,172.72854614257812,187.09603881835938,245.89854431152344,215.70794677734375,215.0738525390625,203.69863891601562,264.5850372314453,286.1409454345703,281.2229309082031,287.5220489501953,282.02635192871094,291.9019470214844,307.8750305175781,293.2186737060547,295.4142150878906,299.1323699951172,236.96566772460938,280.3437957763672,301.707275390625,310.38885498046875,298.3111267089844,325.13954162597656,308.2840118408203,311.3874969482422,324.5625305175781,314.2180633544922,299.31138610839844,316.64501953125,283.036865234375,298.4206085205078,320.123779296875,296.7322082519531,286.93959045410156,303.29644775390625,286.46258544921875,240.90017700195312,191.8240966796875,234.52633666992188,228.63180541992188,219.74884033203125,91.02084350585938,108.25698852539062,62.42987060546875,-7.71429443359375,-38.67108154296875,-44.90576171875,-60.0931396484375,-115.51483154296875,-58.7393798828125,-158.0982666015625,-173.2899169921875,-189.73919677734375,-206.361328125,-219.48504638671875,-156.99444580078125,-309.80548095703125,-207.49603271484375,-182.63720703125,-244.15362548828125,-328.89801025390625,-240.60498046875,-255.3975830078125,-243.994873046875,-246.11187744140625,-193.14990234375,-253.66510009765625,-191.6456298828125,-251.5667724609375,-185.9769287109375,-541.634033203125,-159.65911865234375,-304.38336181640625,-210.7313232421875,-203.71771240234375,-210.70074462890625,-179.8682861328125,-256.3514404296875,-217.44677734375,-281.64361572265625,-211.530029296875,-171.03326416015625,-162.76470947265625,-245.34326171875,-214.510498046875,-184.08148193359375,-171.9683837890625,-139.68603515625,-109.36212158203125,-160.887451171875,-145.49774169921875,-165.82672119140625,-170.46173095703125,-99.87225341796875,-173.1793212890625,-122.3001708984375,-109.66766357421875,-104.8538818359375,-161.4500732421875,-82.44415283203125,-110.19720458984375,-91.62213134765625,-151.80633544921875,-84.75274658203125,-168.3050537109375,-110.1947021484375,-79.91314697265625,-78.1260986328125,-133.27679443359375,-145.792724609375,-81.65155029296875,-49.48504638671875,-97.55523681640625,-49.36053466796875,-80.98590087890625,-91.187744140625,-77.35784912109375,-29.060546875,-25.18548583984375,-2.56182861328125,31.71624755859375,-46.153076171875,5.612091064453125,-27.36309814453125,-82.4815673828125,-32.21478271484375,41.0972900390625,36.8245849609375,-41.2760009765625,119.42694091796875,79.611328125,20.341400146484375,81.72796630859375,42.214019775390625,61.1724853515625,116.09017944335938,119.67437744140625
"S192",122.67947387695312,132.19107055664062,179.84429931640625,171.594970703125,165.97210693359375,117.05923461914062,163.46176147460938,205.067626953125,66.10256958007812,93.62600708007812,-138.30712890625,230.4918212890625,272.0863494873047,221.73779296875,212.97198486328125,258.8699035644531,241.2698974609375,253.3601531982422,259.79930114746094,242.00186157226562,256.77044677734375,275.3522491455078,261.1085510253906,259.5076446533203,295.3343811035156,275.334228515625,292.77354431152344,295.7367401123047,281.01536560058594,274.2664337158203,306.9156494140625,279.45054626464844,277.90887451171875,275.6513671875,283.80601501464844,279.9063415527344,294.49110412597656,272.2570037841797,271.34222412109375,280.1626434326172,227.40341186523438,154.40536499023438,220.9190673828125,177.3048095703125,152.12332153320312,44.608154296875,39.784759521484375,-57.40704345703125,-143.89447021484375,-176.27178955078125,-241.413818359375,-259.5322265625,-403.84722900390625,-366.032470703125,-430.47265625,-592.1409912109375,-498.9197998046875,-575.2923583984375,-725.970703125,-549.4864501953125,-783.23046875,-611.1134033203125,-642.13330078125,-793.431884765625,-865.1156005859375,-712.1220703125,-886.650634765625,-836.1104736328125,-979.6839599609375,-867.5948486328125,-907.3175048828125,-784.6396484375,-749.7821044921875,-727.4486083984375,-907.1231689453125,-675.7657470703125,-887.0526123046875,-786.393310546875,-667.0181884765625,-720.31787109375,-723.993408203125,-690.1663818359375,-758.4234619140625,-747.12548828125,-715.2060546875,-674.6324462890625,-656.2120361328125,-783.730712890625,-685.888916015625,-780.593994140625,-706.607666015625,-549.58056640625,-584.666748046875,-584.02392578125,-729.6478271484375,-699.5311279296875,-658.2886962890625,-553.84814453125,-687.150390625,-474.97125244140625,-585.4647216796875,-590.6754150390625,-512.3222045898438,-486.2305908203125,-510.702392578125,-477.31341552734375,-415.8133544921875,-320.59149169921875,-373.8236083984375,-378.70294189453125,-304.6322021484375,-256.08709716796875,-327.83734130859375,-303.14263916015625,-276.7877197265625,-262.66729736328125,-243.895263671875,-270.5787353515625,-466.86602783203125,-250.585205078125,-217.3924560546875,-175.49176025390625,-186.98211669921875,-176.7413330078125,-117.8409423828125,-166.896484375,-133.64385986328125,-160.1607666015625,-185.9766845703125,-137.68585205078125,-113.401611328125,-226.08013916015625,-135.015625,5.991424560546875,-28.73565673828125,-48.99554443359375,21.775390625,1.555877685546875,-11.667938232421875,-64.06878662109375,-29.52392578125
"S193",-50.9312744140625,-64.14068603515625,-72.87677001953125,-2.264068603515625,30.779937744140625,48.884979248046875,99.97161865234375,106.14404296875,107.35101318359375,87.414794921875,-48.78887939453125,181.11404418945312,197.95077514648438,161.77227783203125,164.54071044921875,190.76275634765625,172.22500610351562,210.62158203125,179.79592895507812,115.97537231445312,179.03854370117188,143.94439697265625,217.45596313476562,216.05465698242188,179.2218017578125,217.57196044921875,255.26963806152344,244.56741333007812,249.9804229736328,245.6533660888672,266.85081481933594,257.7687530517578,246.04837036132812,244.7070770263672,260.30816650390625,241.2706298828125,242.34829711914062,256.2052764892578,235.87887573242188,244.86575317382812,250.77488708496094,172.23175048828125,180.31915283203125,156.09246826171875,67.51553344726562,-98.890380859375,-59.99383544921875,-271.348388671875,-216.608642578125,-249.9234619140625,-415.982421875,-432.336181640625,-480.623779296875,-530.0677490234375,-520.4571533203125,-654.830322265625,-735.9969482421875,-761.171875,-853.5047607421875,-772.1356201171875,-916.63720703125,-807.8909912109375,-1036.462646484375,-911.7486572265625,-1044.498046875,-1094.178466796875,-1006.412353515625,-1090.6121826171875,-1125.8641357421875,-1204.9769287109375,-1005.5098876953125,-1064.469970703125,-870.01220703125,-961.13916015625,-960.277587890625,-961.4637451171875,-960.68408203125,-973.0394287109375,-902.3360595703125,-1025.2855224609375,-1025.7081298828125,-935.1485595703125,-1058.4501953125,-990.5625,-976.8629150390625,-928.1270751953125,-685.7750244140625,-710.5943603515625,-722.578125,-815.11865234375,-804.1756591796875,-864.3018798828125,-927.9757080078125,-825.8519287109375,-958.9420166015625,-749.35107421875,-867.6533203125,-772.691650390625,-824.903076171875,-788.885009765625,-884.0703125,-818.9049072265625,-705.6363525390625,-764.5933837890625,-707.4072265625,-771.9091796875,-731.8626708984375,-690.4251708984375,-646.7347412109375,-547.0947265625,-533.2977294921875,-540.302001953125,-552.6614990234375,-459.0948486328125,-525.6585693359375,-527.1240234375,-399.33746337890625,-375.57501220703125,-538.0028076171875,-359.6055908203125,-249.7283935546875,-256.42303466796875,-194.86431884765625,-229.20855712890625,-220.72320556640625,-197.63446044921875,-241.4307861328125,-205.1524658203125,-237.03778076171875,-232.8817138671875,-160.0556640625,-162.62921142578125,-258.63958740234375,-186.84375,-143.46612548828125,-206.6041259765625,-180.02703857421875,-240.603271484375,-222.7210693359375,-439.9996337890625,-425.1324462890625
"S194",111.79876708984375,-144.7725830078125,-408.95233154296875,-95.0557861328125,136.23507690429688,98.34085083007812,201.92636108398438,234.95401000976562,253.58645629882812,245.4939422607422,85.69509887695312,240.37680053710938,243.3060302734375,219.07028198242188,223.61737060546875,172.16259765625,189.55203247070312,255.05026245117188,195.30426025390625,220.28765869140625,223.13137817382812,212.59292602539062,195.93792724609375,282.00291442871094,288.47265625,307.1011505126953,303.54478454589844,295.2965393066406,286.93284606933594,302.7298583984375,306.85528564453125,289.4502410888672,311.59271240234375,292.3537292480469,294.4339141845703,301.7759094238281,297.1214904785156,271.6619873046875,282.1178741455078,293.8368225097656,264.44422912597656,250.99063110351562,214.84295654296875,192.6212158203125,98.83349609375,87.06069946289062,-71.343505859375,-238.68414306640625,-228.23529052734375,-295.19073486328125,-573.44140625,-981.7928466796875,-1343.572021484375,-1195.1512451171875,-1225.725341796875,-1387.15087890625,-1758.95751953125,-1858.71875,-1938.287353515625,-1850.049072265625,-2005.95361328125,-1921.107177734375,-2207.658935546875,-2091.977783203125,-2397.86572265625,-2494.24853515625,-2139.570068359375,-2105.658935546875,-2268.37158203125,-2290.353271484375,-2141.209716796875,-2415.4384765625,-2229.367919921875,-2012.436279296875,-2532.70166015625,-2294.435791015625,-2018.874755859375,-2215.78955078125,-2017.66259765625,-2297.351318359375,-2330.46044921875,-2378.206298828125,-2256.4921875,-2013.38671875,-2350.567626953125,-2405.832763671875,-2029.16064453125,-2100.3671875,-1806.95361328125,-1828.968505859375,-2179.60009765625,-2157.369384765625,-2408.224853515625,-2208.325439453125,-2511.153564453125,-2201.264404296875,-2331.61328125,-1914.140869140625,-2267.4267578125,-2190.9052734375,-2351.929931640625,-2158.542724609375,-1816.14404296875,-1746.406494140625,-1757.291015625,-1541.98828125,-1485.4984130859375,-1664.862060546875,-1505.3426513671875,-1329.9046630859375,-1285.5257568359375,-1170.1312255859375,-775.741455078125,-913.838134765625,-1097.0164794921875,-747.290771484375,-739.8975830078125,-648.2227783203125,-560.0308837890625,-575.622314453125,-605.052734375,-462.93023681640625,-389.02362060546875,-359.96142578125,-288.48797607421875,-322.29327392578125,-349.5306396484375,-233.5799560546875,-279.19158935546875,-225.5198974609375,-122.25323486328125,-75.406005859375,-222.22442626953125,-233.511962890625,-126.82049560546875,-376.60955810546875,-193.90618896484375,-361.78521728515625,-183.31854248046875,-67.2711181640625,-226.74859619140625
"S195",-105.99822998046875,-29.10150146484375,11.85601806640625,50.814239501953125,9.8338623046875,91.9447021484375,0.6092529296875,109.26080322265625,93.90664672851562,147.05569458007812,157.79672241210938,191.77993774414062,206.84494018554688,163.903076171875,183.57867431640625,99.12091064453125,186.24026489257812,146.90603637695312,176.70230102539062,213.0382080078125,224.24057006835938,185.56005859375,173.21908569335938,214.16098022460938,192.3973388671875,238.77337646484375,227.986572265625,237.892333984375,222.3944091796875,242.2550048828125,237.61624145507812,229.85922241210938,242.33718872070312,231.10415649414062,241.03338623046875,242.7515869140625,246.4874725341797,222.798828125,231.63653564453125,232.60784912109375,219.59445190429688,216.66912841796875,189.947998046875,158.412841796875,93.0760498046875,38.9241943359375,45.19158935546875,-156.75384521484375,-289.26483154296875,-508.3924560546875,-859.06591796875,-1285.2149658203125,-1528.3511962890625,-1618.333984375,-1682.1416015625,-1696.8701171875,-1818.30908203125,-2256.599609375,-2197.416015625,-2123.1591796875,-2454.45166015625,-2322.658203125,-2663.080810546875,-2816.484375,-2659.39306640625,-2718.981689453125,-2693.43701171875,-2595.15185546875,-3177.515625,-2982.60546875,-2864.2119140625,-2941.0185546875,-3416.227294921875,-2670.260498046875,-2818.69921875,-3313.776123046875,-3003.810302734375,-2873.26904296875,-2654.36865234375,-3145.29931640625,-2913.962158203125,-2642.66455078125,-2677.575439453125,-2468.919677734375,-2485.0947265625,-2562.722900390625,-2591.801025390625,-2714.072021484375,-2481.560302734375,-2485.63671875,-2398.96923828125,-2414.7412109375,-2557.246826171875,-2864.85546875,-3021.71044921875,-2375.1279296875,-2215.687744140625,-2099.230224609375,-2432.531494140625,-2382.849853515625,-2279.869873046875,-2115.344970703125,-2163.51513671875,-1782.4990234375,-1974.34716796875,-1972.80712890625,-1700.07373046875,-1803.84033203125,-1544.6256103515625,-1182.724609375,-1233.3289794921875,-943.5750732421875,-738.5201416015625,-811.5635986328125,-726.5589599609375,-577.2393798828125,-579.6488037109375,-804.1922607421875,-832.84033203125,-877.6466064453125,-882.308837890625,-595.342041015625,-571.99951171875,-669.8629150390625,-599.441650390625,-492.92791748046875,-442.27008056640625,-344.66351318359375,-328.04229736328125,-343.35394287109375,-517.6397705078125,-327.1982421875,-340.177978515625,-386.41436767578125,-416.74774169921875,-454.60589599609375,-422.76019287109375,-381.57989501953125,-308.1402587890625,-349.8975830078125,-348.30609130859375
"S196",-254.24127197265625,-74.3167724609375,-28.48046875,-51.3988037109375,-21.8533935546875,23.05413818359375,7.9366455078125,31.67144775390625,61.183074951171875,113.27090454101562,70.9180908203125,159.08258056640625,102.63760375976562,138.54852294921875,154.35507202148438,91.95266723632812,209.3642578125,121.42062377929688,116.369140625,181.20819091796875,192.14617919921875,188.45016479492188,188.10189819335938,195.017333984375,162.5848388671875,227.260009765625,204.42715454101562,206.61251831054688,237.96286010742188,177.47366333007812,198.53814697265625,197.08432006835938,236.30178833007812,206.92617797851562,239.92459106445312,229.51620483398438,212.09530639648438,250.9501190185547,222.16140747070312,183.08419799804688,174.5604248046875,162.6580810546875,162.44882202148438,74.82965087890625,7.291290283203125,-31.49822998046875,38.684814453125,-77.09552001953125,-257.65924072265625,-202.3892822265625,-252.14410400390625,-439.57684326171875,-664.3076171875,-821.9935302734375,-898.2315673828125,-912.0091552734375,-1011.6712646484375,-1033.6722412109375,-965.200439453125,-1005.740966796875,-1167.047119140625,-1186.801025390625,-1320.3699951171875,-1498.5968017578125,-1537.7222900390625,-1505.4794921875,-1431.6741943359375,-1360.8121337890625,-1435.9749755859375,-1449.3077392578125,-1544.3209228515625,-1356.9998779296875,-1380.5615234375,-1388.4886474609375,-1366.9613037109375,-1393.986328125,-1336.5145263671875,-1342.1510009765625,-1388.15771484375,-1466.916748046875,-1374.4886474609375,-1339.4385986328125,-1368.530517578125,-1326.429931640625,-1256.9217529296875,-1177.0074462890625,-1126.5443115234375,-1143.137939453125,-1114.0308837890625,-1133.9757080078125,-1050.991455078125,-1003.7781982421875,-1030.0823974609375,-1052.0076904296875,-1147.012939453125,-1069.0882568359375,-994.5589599609375,-946.4757080078125,-985.4595947265625,-1002.3787841796875,-952.6090087890625,-953.026123046875,-957.11328125,-793.578125,-787.0701904296875,-740.8365478515625,-731.53564453125,-848.9921875,-842.201171875,-638.973876953125,-557.002197265625,-611.1307373046875,-584.92724609375,-613.7850341796875,-479.825927734375,-428.39678955078125,-466.05865478515625,-737.27490234375,-452.86370849609375,-615.2135009765625,-489.595458984375,-374.9678955078125,-456.99737548828125,-534.0634765625,-433.21087646484375,-583.9156494140625,-578.8475341796875,-395.19940185546875,-571.74072265625,-397.47430419921875,-488.95648193359375,-485.62835693359375,-456.44354248046875,-517.2471923828125,-382.3685302734375,-514.5574340820312,-506.78314208984375,-422.71002197265625,-374.3851318359375,-392.7288818359375,-419.8641357421875
"S197",51.617156982421875,150.42910766601562,88.47930908203125,77.93325805664062,160.364501953125,141.49859619140625,168.62994384765625,132.61978149414062,201.76071166992188,200.55648803710938,155.54391479492188,203.89553833007812,152.7476806640625,232.83926391601562,202.82614135742188,198.62411499023438,246.1295623779297,237.1241455078125,209.003662109375,203.15771484375,242.42633056640625,250.48568725585938,218.6614990234375,252.34259033203125,247.50634765625,260.3414306640625,229.75762939453125,242.51092529296875,274.21722412109375,227.79061889648438,232.14804077148438,228.6368408203125,271.9519958496094,265.07215881347656,256.3663330078125,253.4802703857422,234.30783081054688,261.93373107910156,252.23814392089844,221.31100463867188,205.82400512695312,178.43447875976562,203.48193359375,17.469024658203125,-7.55169677734375,61.6561279296875,82.78558349609375,-16.4249267578125,-134.16912841796875,-117.84259033203125,-252.14410400390625,-371.6263427734375,-488.86114501953125,-615.4996337890625,-740.8116455078125,-849.5584716796875,-884.811767578125,-906.578857421875,-965.200439453125,-1005.740966796875,-1167.047119140625,-1186.801025390625,-1250.1265869140625,-1331.717041015625,-1472.774658203125,-1384.8271484375,-1431.6741943359375,-1360.8121337890625,-1433.27294921875,-1436.852783203125,-1475.5601806640625,-1356.9998779296875,-1380.5615234375,-1388.4886474609375,-1366.9613037109375,-1393.986328125,-1336.5145263671875,-1342.1510009765625,-1362.28857421875,-1334.1214599609375,-1325.708984375,-1267.91259765625,-1203.514892578125,-1114.4254150390625,-1213.2557373046875,-1177.0074462890625,-1126.5443115234375,-1143.137939453125,-1111.9368896484375,-1133.932373046875,-1050.991455078125,-1003.7781982421875,-1030.0823974609375,-1052.0076904296875,-1090.9876708984375,-1069.0882568359375,-994.5589599609375,-946.4757080078125,-985.4595947265625,-1002.3787841796875,-952.6090087890625,-953.026123046875,-934.5521240234375,-793.578125,-895.8179931640625,-740.8365478515625,-731.53564453125,-782.09619140625,-815.440673828125,-638.973876953125,-581.6163330078125,-595.319580078125,-442.73486328125,-456.06671142578125,-486.17376708984375,-380.79498291015625,-429.754638671875,-560.994873046875,-451.87646484375,-443.11749267578125,-294.00408935546875,-242.3084716796875,-297.3509521484375,-244.5374755859375,-271.359619140625,-277.4764404296875,-336.6668701171875,-254.34649658203125,-250.50360107421875,-168.271484375,-241.69677734375,-235.80657958984375,-175.93048095703125,-195.13287353515625,-135.790771484375,-263.3369140625,-194.44683837890625,-113.42718505859375,-77.9683837890625,-73.7425537109375,-85.1175537109375
"S198",205.7001953125,196.37481689453125,217.49002075195312,228.31277465820312,175.40560913085938,233.80783081054688,220.56573486328125,194.35397338867188,180.058349609375,189.6783447265625,214.39999389648438,245.56802368164062,290.6307373046875,305.114990234375,306.4447479248047,292.0789794921875,170.94378662109375,293.0570831298828,305.88470458984375,297.5048828125,278.38307189941406,291.2090759277344,306.0120391845703,293.3421325683594,295.8677062988281,297.6443328857422,294.0021667480469,304.5943145751953,318.92100524902344,289.19847106933594,307.4017028808594,273.20985412597656,281.8807067871094,308.98582458496094,301.1151123046875,288.2166748046875,285.29730224609375,288.1484375,286.4257354736328,277.79502868652344,271.21876525878906,201.29013061523438,164.93951416015625,177.58529663085938,118.45770263671875,76.93966674804688,40.546539306640625,-107.3221435546875,-214.3946533203125,-276.72747802734375,-310.595458984375,-371.6263427734375,-488.86114501953125,-615.4996337890625,-740.8116455078125,-849.5584716796875,-884.811767578125,-906.578857421875,-979.9935302734375,-1043.231689453125,-1200.2340087890625,-1234.49951171875,-1250.1265869140625,-1331.717041015625,-1472.774658203125,-1384.8271484375,-1453.1373291015625,-1384.4967041015625,-1433.27294921875,-1436.852783203125,-1475.5601806640625,-1442.036865234375,-1465.8907470703125,-1424.003662109375,-1518.2691650390625,-1612.2763671875,-1547.4234619140625,-1440.041259765625,-1362.28857421875,-1334.1214599609375,-1325.708984375,-1376.8397216796875,-1628.44287109375,-1114.4254150390625,-1329.848876953125,-1337.1495361328125,-1342.7301025390625,-1364.619140625,-1405.2744140625,-1208.527099609375,-1132.02392578125,-1202.9761962890625,-1196.2615966796875,-1172.6629638671875,-1090.9876708984375,-1081.791259765625,-1102.310546875,-1091.1414794921875,-1203.508544921875,-1243.331298828125,-1078.0045166015625,-1013.0267333984375,-1279.470703125,-1121.6856689453125,-1023.4195556640625,-966.126953125,-1251.7254638671875,-939.07373046875,-815.440673828125,-791.2703857421875,-732.7705078125,-621.735595703125,-585.7091064453125,-380.79852294921875,-585.1712646484375,-535.16259765625,-296.13116455078125,-348.120361328125,-504.82171630859375,-167.9752197265625,-241.60992431640625,-290.02484130859375,-168.19818115234375,-104.71319580078125,-76.604736328125,-40.70050048828125,-38.63018798828125,-19.837890625,7.448272705078125,20.128936767578125,13.67340087890625,-123.09173583984375,54.272796630859375,-76.6109619140625,75.1666259765625,60.50830078125,47.9114990234375,23.009429931640625,82.49700927734375,87.021728515625,78.30538940429688
"S199",206.723876953125,196.37481689453125,217.49002075195312,228.31277465820312,259.2125244140625,257.5099639892578,220.56573486328125,219.80096435546875,180.058349609375,189.6783447265625,231.5496826171875,267.0228576660156,293.19163513183594,309.2095184326172,306.4447479248047,294.4544372558594,316.69810485839844,313.74351501464844,279.3426818847656,262.78819274902344,281.0794677734375,277.9416046142578,308.34385681152344,316.47178649902344,303.1172790527344,306.51316833496094,305.9899139404297,313.97808837890625,320.6003112792969,318.6766357421875,314.34132385253906,290.2520446777344,304.77308654785156,302.52781677246094,294.2244567871094,294.9757843017578,312.54673767089844,301.72840881347656,297.2127227783203,277.79502868652344,271.21876525878906,201.29013061523438,164.93951416015625,177.58529663085938,120.97390747070312,94.92092895507812,57.55706787109375,-84.444091796875,-146.38116455078125,-203.6866455078125,-310.595458984375,-371.6263427734375,-488.86114501953125,-615.4996337890625,-740.8116455078125,-849.3521728515625,-884.811767578125,-906.578857421875,-979.9935302734375,-1043.231689453125,-1200.2340087890625,-1234.49951171875,-1250.1265869140625,-1331.717041015625,-1393.427734375,-1384.8271484375,-1453.1373291015625,-1384.4967041015625,-1432.8612060546875,-1436.852783203125,-1475.5601806640625,-1442.036865234375,-1465.8907470703125,-1424.003662109375,-1518.2691650390625,-1612.2763671875,-1547.4234619140625,-1445.46044921875,-1362.28857421875,-1334.1214599609375,-1341.8497314453125,-1369.1192626953125,-1338.504638671875,-1114.4254150390625,-1347.2115478515625,-1194.794677734375,-1395.8427734375,-1356.72509765625,-1215.9306640625,-1133.932373046875,-1132.02392578125,-1262.9735107421875,-1196.2615966796875,-1172.6629638671875,-1090.9876708984375,-1081.791259765625,-1102.310546875,-1091.1414794921875,-1055.8443603515625,-1243.331298828125,-1078.0045166015625,-1013.0267333984375,-966.01806640625,-1016.8695068359375,-909.73095703125,-1027.1087646484375,-934.4163818359375,-992.4342041015625,-1120.743408203125,-749.8115234375,-675.595703125,-667.890625,-541.390625,-413.899658203125,-453.8353271484375,-436.53173828125,-362.71063232421875,-233.75299072265625,-221.01611328125,-183.08203125,-239.634521484375,-390.14996337890625,-157.5135498046875,-143.03912353515625,-69.36944580078125,-84.2962646484375,-81.83819580078125,-35.9041748046875,7.448272705078125,5.467376708984375,13.67340087890625,-102.035888671875,81.79632568359375,58.291229248046875,84.5499267578125,72.10299682617188,-65.86663818359375,-386.09783935546875,82.49700927734375,87.021728515625,78.30538940429688
"S200",-6.984039306640625,7.929046630859375,85.83029174804688,124.464599609375,121.80999755859375,78.76214599609375,74.56890869140625,151.68658447265625,110.49295043945312,125.33938598632812,148.6759033203125,125.79107666015625,259.15850830078125,226.8555908203125,257.216064453125,255.50523376464844,264.56890869140625,262.6708984375,253.169677734375,271.7951965332031,287.4970245361328,248.78729248046875,255.40042114257812,283.7031555175781,261.18792724609375,253.4393310546875,256.8323059082031,279.6629333496094,264.6822204589844,278.07081604003906,274.77210998535156,280.0501403808594,283.538818359375,279.56712341308594,276.48406982421875,255.5140380859375,265.25401306152344,228.98574829101562,244.02671813964844,190.5692138671875,248.4355926513672,-48.75372314453125,-358.29510498046875,87.75888061523438,49.173553466796875,9.3009033203125,-99.13653564453125,-296.114501953125,-377.2547607421875,-573.511962890625,-614.5484619140625,-728.07421875,-1083.75244140625,-974.036865234375,-1196.313720703125,-1391.0106201171875,-1493.0389404296875,-1685.999267578125,-1649.04052734375,-1810.000732421875,-1879.908935546875,-1849.02783203125,-1934.231201171875,-2419.165771484375,-2132.792724609375,-2191.901123046875,-2348.393798828125,-2397.932861328125,-2347.094482421875,-2140.9111328125,-2305.2568359375,-2325.45654296875,-2674.872314453125,-2953.546142578125,-2233.06640625,-2582.790283203125,-3111.482666015625,-2558.064697265625,-2653.593994140625,-2675.3525390625,-2504.75732421875,-2498.064697265625,-2628.045166015625,-2142.535888671875,-2299.963134765625,-2323.59423828125,-2737.87109375,-2253.426513671875,-2145.35009765625,-1981.8671875,-1996.058349609375,-1965.03076171875,-2406.751220703125,-2143.353271484375,-2130.5390625,-1979.75244140625,-1997.74072265625,-2008.80859375,-1945.486572265625,-2067.49169921875,-1807.45703125,-1575.91943359375,-1463.91943359375,-1651.142333984375,-1569.14013671875,-1813.752197265625,-1766.735595703125,-1639.642333984375,-1594.575439453125,-1333.783447265625,-1188.6927490234375,-1141.544677734375,-983.41552734375,-886.6357421875,-743.8641357421875,-736.21142578125,-667.16064453125,-643.6741943359375,-640.5679931640625,-572.257080078125,-320.8433837890625,-532.856201171875,-255.3079833984375,-160.07830810546875,-181.2646484375,-208.32122802734375,-87.701904296875,-70.82659912109375,-75.51788330078125,-166.61053466796875,-118.623291015625,-221.33221435546875,-51.244384765625,-59.270263671875,-9.61260986328125,-38.835693359375,1.27203369140625,-4.4822998046875,59.225494384765625,-13.2269287109375,-5.53802490234375
"S201",157.1402587890625,160.51727294921875,251.40475463867188,273.46958923339844,272.23997497558594,245.89498901367188,156.98855590820312,234.57650756835938,79.294677734375,184.55340576171875,254.28855895996094,161.4373779296875,277.652099609375,244.5963897705078,298.8448028564453,174.85888671875,277.5237121582031,269.5653991699219,303.3685760498047,325.0754852294922,343.8826599121094,306.1058044433594,316.86769104003906,326.92767333984375,324.90818786621094,323.62158203125,320.9301452636719,330.6880340576172,312.5254211425781,332.5009460449219,326.7784881591797,334.30738830566406,336.3345642089844,342.9561462402344,328.71673583984375,317.4264831542969,319.22386169433594,295.6898651123047,302.30157470703125,272.0376739501953,285.00743103027344,158.43994140625,19.384979248046875,173.13516235351562,77.50808715820312,122.65066528320312,29.704071044921875,-114.2342529296875,-206.36688232421875,-350.51611328125,-365.4569091796875,-511.32598876953125,-785.7266845703125,-682.197021484375,-863.927978515625,-939.1541748046875,-1048.319091796875,-997.6927490234375,-1128.8194580078125,-1196.7845458984375,-1276.93896484375,-1349.65771484375,-1232.227294921875,-1569.593994140625,-1449.02685546875,-1583.079833984375,-1582.883544921875,-1421.5775146484375,-1354.05419921875,-1558.1474609375,-1513.1312255859375,-1597.3544921875,-1616.909423828125,-1748.839599609375,-1516.8760986328125,-1771.52197265625,-1695.76318359375,-1631.376220703125,-1757.35986328125,-1729.829345703125,-1570.625,-1641.319580078125,-1827.013916015625,-1464.991943359375,-1525.5062255859375,-1607.703125,-1598.31982421875,-1533.289794921875,-1484.0941162109375,-1339.972412109375,-1358.73486328125,-1191.0306396484375,-1409.7158203125,-1285.2012939453125,-1259.76953125,-1259.7838134765625,-1282.5211181640625,-1225.440185546875,-1078.932373046875,-1268.3284912109375,-1040.531494140625,-1000.1683349609375,-936.7431640625,-1066.941650390625,-903.2469482421875,-1039.031494140625,-999.49755859375,-995.6434326171875,-917.87890625,-842.6202392578125,-706.97900390625,-552.0703125,-470.078369140625,-470.44482421875,-427.444580078125,-396.82720947265625,-344.44366455078125,-392.24853515625,-301.2666015625,-246.91876220703125,-103.58197021484375,-339.3468017578125,-76.314697265625,8.908721923828125,-69.61907958984375,43.53314208984375,24.020355224609375,-110.44482421875,8.7843017578125,-10.02056884765625,53.49688720703125,-13.4969482421875,79.45501708984375,103.05255126953125,100.706787109375,93.858642578125,140.26242065429688,155.31582641601562,150.8524169921875,107.36251831054688,120.36087036132812
"S202",349.7812194824219,339.1498718261719,381.3851089477539,364.8092956542969,387.97664642333984,356.76409912109375,329.12939453125,357.56378173828125,306.81837463378906,357.93487548828125,395.6084442138672,341.9166717529297,385.3252182006836,389.9709930419922,397.35286712646484,344.0040283203125,392.5521926879883,372.9746322631836,394.2745666503906,404.70057678222656,404.46790313720703,394.3740463256836,403.37237548828125,388.65930938720703,394.4937210083008,406.5034942626953,400.1604537963867,399.3498764038086,408.71863555908203,407.2570266723633,399.67893981933594,408.29434967041016,407.4394836425781,401.97035217285156,400.05037689208984,396.4886016845703,397.66893005371094,391.0641784667969,391.5013198852539,378.3029327392578,354.701416015625,324.9559020996094,301.44944763183594,277.99908447265625,242.9930419921875,228.5980224609375,124.83682250976562,-15.931640625,-157.13348388671875,-143.02410888671875,-208.62298583984375,-282.60772705078125,-507.89019775390625,-747.081298828125,-638.8673095703125,-792.75,-878.6358642578125,-1018.447021484375,-1051.130859375,-1077.1361083984375,-1146.6219482421875,-1246.1475830078125,-1304.782470703125,-1223.2989501953125,-1346.6231689453125,-1369.85693359375,-1456.805908203125,-1458.615966796875,-1359.424560546875,-1477.565673828125,-1395.8173828125,-1321.280029296875,-1352.5167236328125,-1241.8717041015625,-1243.6524658203125,-1291.3372802734375,-1124.244384765625,-1130.0823974609375,-1177.72021484375,-1173.8177490234375,-1095.73046875,-1020.8330078125,-987.357177734375,-955.7625732421875,-966.84130859375,-985.8524169921875,-1210.2823486328125,-1069.5718994140625,-981.3975830078125,-777.873779296875,-896.2728271484375,-811.893798828125,-694.234130859375,-789.8143310546875,-763.943359375,-644.546630859375,-860.869384765625,-658.532470703125,-670.897216796875,-680.162353515625,-529.33935546875,-572.9923095703125,-608.938720703125,-647.419921875,-603.08349609375,-544.90869140625,-492.52984619140625,-550.1295166015625,-516.2521362304688,-459.667236328125,-675.351806640625,-518.5379638671875,-309.12347412109375,-285.87744140625,-206.56939697265625,-142.9586181640625,-199.50555419921875,-196.607177734375,-137.63958740234375,-2.256988525390625,-68.76214599609375,79.51284790039062,112.91366577148438,123.98434448242188,115.453857421875,166.11663818359375,192.31539916992188,133.56927490234375,178.87338256835938,98.62554931640625,142.14544677734375,159.731689453125,230.22726440429688,272.86077880859375,277.79449462890625,251.324951171875,292.3120422363281,283.7919464111328,256.7300262451172,248.61190795898438,264.2768096923828
"S203",329.8025817871094,323.8982238769531,346.0791015625,349.5617218017578,363.3248596191406,330.96728515625,360.4963684082031,356.526123046875,349.49896240234375,391.9289321899414,365.7299499511719,347.06434631347656,373.53346252441406,372.1687774658203,377.48657989501953,383.0820541381836,377.1942367553711,364.3608093261719,379.08812713623047,374.1145477294922,384.91390228271484,388.2427062988281,383.81729888916016,381.62852478027344,392.5600128173828,391.3937301635742,391.0399703979492,397.8495101928711,406.7572784423828,389.3307189941406,397.3839874267578,409.07752990722656,394.2681884765625,397.01686096191406,391.45648193359375,382.17542266845703,393.2184143066406,367.8257141113281,382.18814849853516,367.78175354003906,355.4397277832031,333.2162780761719,314.29762268066406,271.36724853515625,231.64752197265625,214.46713256835938,116.780517578125,-10.48236083984375,-159.18408203125,-253.5579833984375,-270.1439208984375,-323.3328857421875,-616.4456787109375,-779.955810546875,-704.6475830078125,-904.0577392578125,-876.58349609375,-1128.4517822265625,-1109.34716796875,-1153.9527587890625,-1164.81396484375,-1247.474365234375,-1342.7637939453125,-1222.8228759765625,-1385.6788330078125,-1333.3304443359375,-1478.996826171875,-1465.85009765625,-1340.30810546875,-1453.9664306640625,-1332.6363525390625,-1282.5433349609375,-1286.37255859375,-1185.00244140625,-1129.9383544921875,-1219.5107421875,-1114.886962890625,-1007.797607421875,-1074.416259765625,-1125.7789306640625,-1077.67822265625,-1006.3309326171875,-874.563720703125,-1001.7850341796875,-939.805908203125,-851.7840576171875,-1111.2723388671875,-949.407470703125,-937.6805419921875,-867.8043212890625,-858.5322265625,-822.0152587890625,-713.0343017578125,-879.3826904296875,-762.704833984375,-794.6640625,-913.032470703125,-725.3018798828125,-676.2901611328125,-636.6319580078125,-587.9144287109375,-673.2509765625,-701.4947509765625,-688.385009765625,-674.2779541015625,-595.324462890625,-568.8895263671875,-642.7137451171875,-593.1639404296875,-590.4398193359375,-511.0848388671875,-475.25567626953125,-373.3345947265625,-350.54754638671875,-282.30010986328125,-190.27874755859375,-178.23577880859375,-167.44830322265625,-179.3065185546875,-41.76678466796875,-134.79302978515625,10.78143310546875,61.59027099609375,82.692626953125,169.091552734375,107.5809326171875,177.33804321289062,177.8170166015625,193.18783569335938,74.98550415039062,94.77655029296875,102.88479614257812,172.56326293945312,227.2379150390625,234.88668823242188,215.3101806640625,249.51853942871094,198.08578491210938,213.5106201171875,201.18603515625,226.83865356445312
"S204",325.83843994140625,320.96311950683594,329.33184814453125,358.4612579345703,340.78526306152344,311.6702575683594,343.94561767578125,334.86260986328125,320.95603942871094,372.7692184448242,328.6145935058594,332.6683654785156,371.54344177246094,352.1561737060547,370.7330780029297,376.4046096801758,365.4276885986328,373.6897888183594,377.82054138183594,354.55686950683594,376.6252899169922,383.03395080566406,362.70831298828125,385.6522903442383,386.6712341308594,370.0712127685547,388.8599166870117,383.4564895629883,394.5382843017578,375.99987030029297,383.0867385864258,389.49302673339844,379.7872543334961,380.01422119140625,370.7610168457031,373.1401138305664,382.87823486328125,361.5126037597656,367.4601135253906,343.8971405029297,336.15040588378906,330.96888732910156,323.4659423828125,311.2799987792969,296.7064971923828,264.54539489746094,201.60858154296875,177.28286743164062,91.66702270507812,-100.0589599609375,-11.316162109375,-31.332763671875,-185.38348388671875,-82.312255859375,-212.84564208984375,-307.13250732421875,-268.699951171875,-410.947265625,-397.9140625,-480.6126708984375,-411.74273681640625,-522.5121459960938,-433.11749267578125,-497.60015869140625,-537.9276123046875,-498.05267333984375,-560.583740234375,-561.0177001953125,-423.773193359375,-457.88720703125,-482.493896484375,-499.302978515625,-485.87249755859375,-455.07196044921875,-402.9034423828125,-492.83697509765625,-407.9482421875,-406.06298828125,-446.13970947265625,-440.3719482421875,-394.8592529296875,-452.7728271484375,-276.83135986328125,-555.961669921875,-450.0675048828125,-356.01568603515625,-341.22747802734375,-346.01995849609375,-368.7021484375,-444.48291015625,-285.68975830078125,-381.27947998046875,-366.561767578125,-543.5439453125,-386.58843994140625,-502.92327880859375,-380.6436767578125,-368.98443603515625,-284.93548583984375,-278.4630126953125,-311.89434814453125,-312.0711669921875,-373.1864013671875,-300.969482421875,-281.501708984375,-277.57745361328125,-314.90655517578125,-374.4591064453125,-330.1785888671875,-319.50921630859375,-224.6905517578125,-191.37548828125,-231.99383544921875,-181.30633544921875,-147.6798095703125,-123.5743408203125,-63.23480224609375,-50.04620361328125,-20.71435546875,16.627166748046875,64.9290771484375,48.8592529296875,70.622314453125,74.682373046875,189.77200317382812,167.39349365234375,182.06472778320312,184.28994750976562,228.40585327148438,176.76467895507812,201.11306762695312,186.8282470703125,183.77508544921875,224.758056640625,249.31146240234375,249.5704345703125,270.61187744140625,188.36599731445312,217.94088745117188,240.6671142578125,277.4441223144531
"S205",350.51295471191406,366.2214813232422,384.2717590332031,383.5249786376953,389.70226287841797,395.1358413696289,382.92218017578125,393.45667266845703,401.95189666748047,403.2470245361328,391.9630889892578,400.13375091552734,410.4271545410156,411.9024658203125,404.11705017089844,398.2670440673828,400.1967468261719,416.40918731689453,414.3845748901367,417.7243423461914,427.9090042114258,421.2232894897461,412.2591857910156,421.4344787597656,416.2072296142578,405.2388153076172,412.06656646728516,416.29296875,400.2564239501953,408.98596954345703,408.20440673828125,409.98976135253906,408.7794876098633,404.34812927246094,397.5204544067383,403.37322998046875,407.0809631347656,402.6726837158203,411.54698181152344,390.0717315673828,373.77489471435547,381.68233489990234,371.5897521972656,362.79014587402344,353.82884216308594,323.84019470214844,303.41200256347656,284.09735107421875,254.53558349609375,228.05764770507812,189.65127563476562,165.08248901367188,112.78167724609375,92.8802490234375,93.36798095703125,89.12570190429688,60.5189208984375,54.687469482421875,52.15069580078125,21.0196533203125,10.747406005859375,11.46240234375,31.7503662109375,6.360076904296875,23.889892578125,6.283905029296875,-2.229339599609375,6.21685791015625,41.7496337890625,15.77081298828125,-3.149932861328125,7.70025634765625,-13.12103271484375,-9.254180908203125,0.485321044921875,25.881683349609375,36.0596923828125,43.58843994140625,21.838775634765625,1.81219482421875,22.171234130859375,21.630340576171875,5.241607666015625,-49.712646484375,8.89404296875,39.78704833984375,27.5592041015625,60.025299072265625,35.663177490234375,38.432342529296875,44.646087646484375,50.90008544921875,74.60699462890625,72.530517578125,95.41390991210938,73.64254760742188,100.85821533203125,101.64776611328125,137.687255859375,139.73049926757812,114.4166259765625,123.03848266601562,116.274658203125,136.91070556640625,136.52349853515625,137.11611938476562,114.740234375,105.1927490234375,89.92681884765625,109.13455200195312,129.86349487304688,127.10870361328125,114.2633056640625,129.66708374023438,69.2550048828125,74.56796264648438,106.34759521484375,109.47006225585938,129.5396728515625,152.91558837890625,165.68624877929688,171.42251586914062,191.35757446289062,96.80960083007812,170.35980224609375,215.49429321289062,212.0382080078125,222.73715209960938,254.3162841796875,251.64292907714844,252.97581481933594,247.9481201171875,288.57171630859375,276.8390197753906,285.535400390625,294.54400634765625,309.5045166015625,327.6528778076172,322.7561492919922,312.70765686035156,332.26133728027344
"S206",163.0482177734375,129.02902221679688,125.20962524414062,109.76193237304688,137.47589111328125,220.03854370117188,199.52346801757812,136.65142822265625,243.96859741210938,274.37559509277344,282.2476348876953,283.18353271484375,260.69781494140625,260.98388671875,284.9141540527344,275.2095184326172,270.2777862548828,265.3031768798828,269.2485046386719,256.9566192626953,251.49893188476562,275.4952697753906,303.2416229248047,275.9583282470703,273.4824981689453,293.02703857421875,300.6891632080078,315.5342559814453,321.71351623535156,322.5279998779297,313.76707458496094,323.2637634277344,289.74427795410156,292.97532653808594,296.3216857910156,290.9953155517578,294.360107421875,281.07664489746094,268.16078186035156,271.6315002441406,263.29681396484375,254.56155395507812,237.22857666015625,220.12246704101562,178.5438232421875,140.92605590820312,106.07601928710938,-40.8759765625,-2.1602783203125,-13.06671142578125,-242.6959228515625,-199.1998291015625,-179.9510498046875,-214.54443359375,-167.87042236328125,-279.08306884765625,-206.52203369140625,-229.36480712890625,-345.76434326171875,-364.50506591796875,-297.73162841796875,-302.12066650390625,-306.818115234375,-464.601318359375,-223.5318603515625,-392.9005126953125,-451.15301513671875,-412.19085693359375,-443.25567626953125,-332.10760498046875,-457.87371826171875,-432.0584716796875,-736.9984130859375,-407.83282470703125,-440.761962890625,-656.8934326171875,-562.6651611328125,-386.52813720703125,-427.67498779296875,-333.686767578125,-424.42572021484375,-430.37591552734375,-433.35772705078125,-486.28875732421875,-398.90081787109375,-432.220947265625,-419.48602294921875,-447.8968505859375,-489.0335693359375,-399.95556640625,-460.2056884765625,-410.2059326171875,-464.90167236328125,-444.98968505859375,-474.35296630859375,-570.2366943359375,-440.1064453125,-706.0787353515625,-572.248291015625,-444.3033447265625,-617.38037109375,-462.017333984375,-456.57672119140625,-463.30615234375,-562.61474609375,-594.5828857421875,-602.80322265625,-672.52685546875,-642.6270751953125,-502.8052978515625,-323.145263671875,-345.82720947265625,-366.22088623046875,-342.427978515625,-357.39764404296875,-349.25579833984375,-314.3037109375,-329.62408447265625,-442.917236328125,-318.3897705078125,-331.1214599609375,-305.88427734375,-318.4078369140625,-364.76214599609375,-298.54296875,-195.28216552734375,-224.08526611328125,-235.37298583984375,-213.11810302734375,-75.18292236328125,-347.9229736328125,-91.1253662109375,-38.98681640625,-8.011962890625,31.57330322265625,27.645233154296875,60.07147216796875,-72.1241455078125,-75.08636474609375,87.0965576171875,-20.76788330078125
"S207",12.2430419921875,-38.82440185546875,-92.53875732421875,-11.60760498046875,43.9637451171875,138.30828857421875,86.90914916992188,62.3751220703125,156.98587036132812,155.86978149414062,184.95394897460938,192.66693115234375,169.89358520507812,154.78179931640625,200.27517700195312,192.1324462890625,181.66372680664062,179.81033325195312,173.60836791992188,186.37884521484375,192.99447631835938,178.99008178710938,233.79351806640625,202.65081787109375,185.1336669921875,220.52230834960938,215.83206176757812,220.17385864257812,242.12786865234375,251.09661865234375,231.15255737304688,230.52029418945312,222.38641357421875,210.84893798828125,227.33145141601562,217.05007934570312,224.71063232421875,207.66351318359375,170.068115234375,167.87692260742188,163.11749267578125,143.53668212890625,144.0765380859375,119.6192626953125,28.6900634765625,1.7330322265625,-77.100341796875,-243.2630615234375,-227.52459716796875,-358.27764892578125,-478.76995849609375,-416.00628662109375,-399.21826171875,-474.72607421875,-387.2899169921875,-541.6126708984375,-452.04986572265625,-413.71612548828125,-500.93341064453125,-556.7882080078125,-462.9893798828125,-495.1409912109375,-597.873779296875,-717.2662353515625,-428.5003662109375,-495.5732421875,-764.3544921875,-693.469482421875,-570.5250244140625,-492.15386962890625,-637.365478515625,-596.43359375,-815.94921875,-531.7620849609375,-636.262451171875,-841.2528076171875,-738.197265625,-515.6359252929688,-571.3955078125,-455.6026611328125,-559.8857421875,-548.2777099609375,-569.9727783203125,-710.0089111328125,-512.3614501953125,-623.634521484375,-610.4324951171875,-619.15185546875,-632.60009765625,-573.6549072265625,-643.7137451171875,-565.811767578125,-686.9644775390625,-677.3453369140625,-663.163818359375,-780.4609375,-752.99267578125,-849.724609375,-784.7847900390625,-729.0361328125,-740.5216064453125,-718.8162841796875,-625.0341796875,-611.2347412109375,-741.0369873046875,-740.8941650390625,-753.651123046875,-853.3258056640625,-844.9332275390625,-700.76806640625,-540.0474853515625,-573.3084716796875,-670.5096435546875,-611.867431640625,-499.3038330078125,-612.9459228515625,-464.74853515625,-490.07672119140625,-618.25927734375,-473.6409912109375,-584.1771240234375,-447.72064208984375,-636.1378173828125,-638.366455078125,-532.3885498046875,-479.3358154296875,-399.02593994140625,-381.4971923828125,-381.05712890625,-327.66064453125,-525.8270263671875,-263.583984375,-212.04693603515625,-260.02947998046875,-202.513427734375,-184.0118408203125,-136.82135009765625,-252.63427734375,-226.7008056640625,-53.7091064453125,-182.21337890625
"S208",87.83425903320312,87.05270385742188,9.065460205078125,121.36703491210938,148.14413452148438,190.86056518554688,188.7642822265625,212.3236083984375,200.79290771484375,196.36581420898438,216.30450439453125,235.35598754882812,221.77182006835938,230.22222900390625,246.57994079589844,241.12399291992188,250.93739318847656,256.37355041503906,249.37069702148438,255.5021209716797,257.0832824707031,255.76173400878906,263.1365051269531,257.1597595214844,248.73910522460938,260.6857452392578,266.8645324707031,256.5811309814453,277.5353546142578,279.15858459472656,261.1936340332031,268.40196228027344,276.1207733154297,260.3988494873047,273.71726989746094,264.9076232910156,253.0774383544922,242.5894775390625,219.05746459960938,220.4661865234375,212.0728759765625,184.14910888671875,168.63458251953125,132.05389404296875,99.87850952148438,116.49765014648438,33.45867919921875,-0.6312255859375,-19.30133056640625,-223.93499755859375,-113.2415771484375,-143.82379150390625,-138.5543212890625,-185.3948974609375,-154.86187744140625,-194.0135498046875,-191.681640625,-127.51190185546875,-141.46563720703125,-160.14031982421875,-175.79095458984375,-173.98858642578125,-236.53289794921875,-238.11212158203125,-229.24847412109375,-99.1900634765625,-321.7283935546875,-239.927001953125,-223.61053466796875,-224.0601806640625,-194.0302734375,-153.08477783203125,-154.92572021484375,-148.55340576171875,-150.8221435546875,-174.46856689453125,-152.5126953125,-152.6578369140625,-165.51483154296875,-112.43896484375,-122.8480224609375,-165.591796875,-165.3614501953125,-219.0235595703125,-123.53656005859375,-174.6048583984375,-120.1783447265625,-104.0986328125,-97.28350830078125,-87.246826171875,-156.18243408203125,-149.63543701171875,-215.058837890625,-201.523193359375,-188.3153076171875,-179.7166748046875,-281.80206298828125,-142.82684326171875,-221.38677978515625,-269.17529296875,-125.78045654296875,-213.91357421875,-172.323486328125,-67.16241455078125,-161.457763671875,-118.86260986328125,-220.52252197265625,-193.66241455078125,-179.9478759765625,-171.53973388671875,-160.48651123046875,-161.49371337890625,-239.29547119140625,-168.67584228515625,-58.8023681640625,-236.7757568359375,-222.19476318359375,-70.36138916015625,-106.3837890625,-95.13934326171875,-244.79852294921875,-69.86517333984375,-287.24237060546875,-169.43927001953125,-96.83758544921875,-142.65948486328125,-24.77581787109375,-53.25567626953125,-94.7469482421875,-67.593017578125,-19.295166015625,-12.189453125,-3.741546630859375,-93.60162353515625,-49.86822509765625,-5.209228515625,-42.054443359375,21.3792724609375,35.257598876953125,71.84805297851562,64.24667358398438
"S209",87.94473266601562,87.05270385742188,118.30722045898438,121.36703491210938,148.14413452148438,190.86056518554688,188.7642822265625,212.3236083984375,200.79290771484375,195.86044311523438,216.30450439453125,235.35598754882812,215.72634887695312,230.22222900390625,246.57994079589844,241.12399291992188,250.93739318847656,256.37355041503906,253.4898681640625,255.5021209716797,257.0832824707031,255.99978637695312,263.1365051269531,257.1597595214844,256.78721618652344,260.6857452392578,273.1373748779297,277.23695373535156,283.7222442626953,279.15858459472656,275.29795837402344,281.59144592285156,279.0438690185547,273.4044494628906,273.71726989746094,264.9076232910156,252.06764221191406,242.5894775390625,227.97265625,221.05514526367188,212.0728759765625,196.70803833007812,167.906494140625,132.05389404296875,116.51214599609375,116.49765014648438,63.428253173828125,30.10980224609375,12.7352294921875,-81.36712646484375,-113.2415771484375,-143.82379150390625,-138.5543212890625,-185.3948974609375,-154.86187744140625,-168.0977783203125,-149.72918701171875,-124.85888671875,-141.46563720703125,-151.349365234375,-175.79095458984375,-173.98858642578125,-116.7066650390625,-181.39080810546875,-169.6390380859375,-99.1900634765625,-234.25042724609375,-190.822509765625,-223.61053466796875,-224.0601806640625,-194.0302734375,-153.08477783203125,-154.92572021484375,-148.55340576171875,-139.84088134765625,-174.46856689453125,-152.5126953125,-152.6578369140625,-165.51483154296875,-112.43896484375,-122.8480224609375,-165.591796875,-165.3614501953125,-219.0235595703125,-123.53656005859375,-174.6048583984375,-120.1783447265625,-96.07672119140625,-97.28350830078125,-87.246826171875,-156.18243408203125,-149.63543701171875,-203.8140869140625,-174.5980224609375,-188.3153076171875,-129.7806396484375,-120.7867431640625,-98.4857177734375,-113.47027587890625,-122.35565185546875,-125.78045654296875,-142.20770263671875,-138.506591796875,-60.990234375,-53.9876708984375,-41.88519287109375,-116.1278076171875,-70.91864013671875,-76.7242431640625,-57.01007080078125,-32.0328369140625,-33.7584228515625,-55.55419921875,-33.884765625,-49.216796875,-69.4229736328125,-197.6051025390625,-33.7845458984375,-57.33319091796875,-50.221435546875,-97.9249267578125,-69.86517333984375,-48.1107177734375,2.107574462890625,-2.393280029296875,35.01123046875,-13.2177734375,-53.25567626953125,-42.20660400390625,-24.7960205078125,5.1993408203125,0.276702880859375,24.20465087890625,41.6904296875,67.63616943359375,64.69033813476562,72.85675048828125,70.86996459960938,35.257598876953125,87.0965576171875,106.3797607421875
"S210",253.28573608398438,270.0388641357422,213.86788940429688,249.38327026367188,218.62799072265625,233.15658569335938,241.2984619140625,276.19903564453125,296.644287109375,308.2705383300781,301.79795837402344,324.8363952636719,346.99501037597656,328.36912536621094,349.94593811035156,341.72703552246094,354.9107360839844,340.3576354980469,354.7557830810547,363.3056335449219,353.5381164550781,310.829345703125,345.664794921875,357.14930725097656,352.8861541748047,374.2494430541992,361.0650177001953,362.0841979980469,372.80413818359375,361.05914306640625,366.95619201660156,383.98531341552734,377.0143356323242,370.11500549316406,382.53687286376953,370.29022216796875,363.3625793457031,360.32078552246094,366.19482421875,359.11041259765625,351.78077697753906,291.92762756347656,300.2232971191406,296.7752380371094,243.69512939453125,219.12091064453125,206.78347778320312,141.53173828125,82.08587646484375,97.69436645507812,54.352783203125,45.038848876953125,37.808441162109375,-5.98712158203125,-41.19415283203125,-68.99407958984375,-46.8377685546875,-75.20037841796875,-112.33673095703125,-97.77899169921875,-222.16961669921875,-218.2103271484375,-157.36651611328125,-149.34765625,-173.0596923828125,-165.96624755859375,-126.88543701171875,-134.52105712890625,-142.8875732421875,-125.63714599609375,-146.30755615234375,-161.54302978515625,-167.0638427734375,-147.8531494140625,-162.77099609375,-160.22491455078125,-209.59808349609375,-193.3804931640625,-230.3988037109375,-232.88385009765625,-209.059326171875,-194.284423828125,-202.18035888671875,-193.8289794921875,-210.69781494140625,-150.0491943359375,-143.95697021484375,-153.74169921875,-150.0211181640625,-184.8031005859375,-128.65631103515625,-98.3507080078125,-143.625732421875,-113.79449462890625,-116.74945068359375,-146.267578125,-170.46173095703125,-130.19451904296875,-125.81201171875,-99.39178466796875,-64.7911376953125,-62.98260498046875,-66.16778564453125,-66.8448486328125,-61.099365234375,-88.796142578125,-44.311767578125,-20.92828369140625,-42.86444091796875,-25.0047607421875,-0.906219482421875,-11.02996826171875,16.822418212890625,52.56768798828125,76.72247314453125,109.78555297851562,108.6708984375,113.8319091796875,135.8890380859375,127.37060546875,125.98977661132812,158.43600463867188,172.84127807617188,165.45150756835938,184.42279052734375,162.458251953125,109.58062744140625,173.17459106445312,194.62628173828125,153.08389282226562,152.443603515625,145.11526489257812,108.81463623046875,189.69821166992188,156.606689453125,33.606353759765625,125.0125732421875,209.63885498046875,154.24929809570312,190.0311279296875,147.72479248046875
"S211",253.28573608398438,291.5701599121094,75.46038818359375,237.64651489257812,194.67019653320312,226.90447998046875,241.2984619140625,301.88136291503906,292.14976501464844,308.2705383300781,301.79795837402344,317.1316680908203,333.6444091796875,330.1398620605469,343.0063934326172,324.93675231933594,351.8841552734375,341.75550842285156,339.0671691894531,369.5149230957031,355.2925109863281,211.50442504882812,345.664794921875,357.14930725097656,348.20948791503906,376.04290771484375,362.38743591308594,355.9870910644531,372.45882415771484,368.5776824951172,357.1044464111328,379.84190368652344,377.0445022583008,360.96144104003906,382.53687286376953,370.29022216796875,337.98187255859375,365.12623596191406,364.1767120361328,359.11041259765625,351.78077697753906,260.6004333496094,300.2232971191406,296.7752380371094,257.3897247314453,234.62689208984375,217.04824829101562,141.53173828125,82.08587646484375,105.00033569335938,75.84857177734375,63.731658935546875,55.001251220703125,35.266815185546875,-16.70574951171875,-66.06085205078125,-46.8377685546875,-75.20037841796875,-105.08831787109375,-56.99609375,-122.6405029296875,-117.6241455078125,-74.8641357421875,-94.43231201171875,-126.75469970703125,-127.56109619140625,-126.88543701171875,-134.52105712890625,-135.22015380859375,-118.07861328125,-110.00262451171875,-120.51019287109375,-101.80572509765625,-67.37237548828125,-93.55169677734375,-74.57025146484375,-131.968505859375,-116.91046142578125,-135.69921875,-138.77093505859375,-118.5379638671875,-148.0947265625,-140.643310546875,-141.1927490234375,-210.69781494140625,-150.0491943359375,-132.37567138671875,-153.74169921875,-150.0211181640625,-126.8399658203125,-100.60552978515625,-61.48992919921875,-69.00103759765625,-57.5731201171875,-83.326416015625,-146.267578125,-170.46173095703125,-92.4454345703125,-117.61785888671875,-70.12396240234375,-35.2623291015625,-54.27410888671875,-64.3431396484375,-66.8448486328125,-61.099365234375,-71.2664794921875,-44.311767578125,-17.42095947265625,-34.26593017578125,-25.0047607421875,0.0703125,-11.02996826171875,16.822418212890625,52.56768798828125,76.72247314453125,109.78555297851562,108.6708984375,113.8319091796875,135.8890380859375,127.37060546875,125.98977661132812,158.43600463867188,172.84127807617188,165.56927490234375,173.41424560546875,149.09475708007812,159.72616577148438,173.17459106445312,194.62628173828125,70.7161865234375,166.42462158203125,182.66998291015625,143.66860961914062,208.90109252929688,165.204833984375,100.55377197265625,118.61605834960938,221.32778930664062,182.09063720703125,204.87576293945312,204.97134399414062
"S212",217.81411743164062,260.9476776123047,-39.06842041015625,187.93838500976562,57.636383056640625,101.66943359375,175.5595703125,279.186767578125,236.08563232421875,245.9134063720703,224.50408935546875,276.3232727050781,306.1143035888672,307.782470703125,293.9545135498047,275.207275390625,319.2447967529297,306.3796844482422,306.94647216796875,354.07752990722656,328.49951171875,133.79632568359375,316.7432556152344,328.4668273925781,324.0692596435547,359.95361328125,342.57664489746094,337.17689514160156,343.24835205078125,346.22032165527344,339.795654296875,355.45472717285156,346.8890075683594,320.8686065673828,358.780517578125,345.17784118652344,311.91937255859375,337.0802917480469,340.80418395996094,323.3878631591797,318.7907409667969,167.96456909179688,262.1790313720703,285.8495330810547,241.297607421875,227.0494384765625,186.50942993164062,87.03256225585938,2.60992431640625,102.54898071289062,53.723846435546875,34.302886962890625,13.55731201171875,-20.521484375,-74.95440673828125,-106.66461181640625,-101.166259765625,-222.732421875,-121.88531494140625,-70.59228515625,-205.47296142578125,-117.6241455078125,-115.72894287109375,-143.19317626953125,-174.696044921875,-174.5400390625,-225.71728515625,-227.49835205078125,-188.55120849609375,-161.90765380859375,-147.275390625,-177.0037841796875,-132.94952392578125,-116.60791015625,-127.2801513671875,-115.44281005859375,-240.14593505859375,-163.529052734375,-182.07525634765625,-183.27899169921875,-204.11541748046875,-252.136474609375,-191.50299072265625,-196.79461669921875,-472.56243896484375,-222.26275634765625,-168.94970703125,-265.614013671875,-216.37420654296875,-179.52972412109375,-145.18231201171875,-103.31231689453125,-135.22833251953125,-112.24285888671875,-188.497314453125,-311.68701171875,-385.776123046875,-92.4454345703125,-215.95947265625,-108.5177001953125,-54.75836181640625,-163.40789794921875,-127.86407470703125,-218.86981201171875,-136.4136962890625,-131.607666015625,-117.91839599609375,-71.24969482421875,-111.653564453125,-162.4151611328125,-61.59844970703125,-173.84814453125,-96.5889892578125,11.555206298828125,13.70086669921875,73.08978271484375,42.15509033203125,21.78033447265625,-27.04473876953125,-21.89666748046875,-20.34033203125,38.500579833984375,46.908111572265625,83.38009643554688,42.1466064453125,16.42828369140625,82.22616577148438,47.401947021484375,108.28604125976562,-66.25537109375,47.644744873046875,74.02682495117188,92.48135375976562,156.65133666992188,27.305450439453125,45.14129638671875,85.35711669921875,180.34524536132812,168.66934204101562,160.687744140625,198.4432373046875
"S213",244.43605041503906,246.5518035888672,273.6949920654297,273.9547424316406,204.56915283203125,146.98114013671875,199.83779907226562,260.9008026123047,71.464599609375,127.98178100585938,-142.983642578125,283.74359130859375,311.03221130371094,261.5475616455078,244.88807678222656,284.0085144042969,280.9568634033203,282.1300506591797,302.1629943847656,321.7686309814453,302.2206573486328,331.82867431640625,321.77081298828125,291.2039337158203,317.2788391113281,321.87721252441406,331.2154541015625,339.7428436279297,316.4801483154297,307.00071716308594,342.6649627685547,325.57945251464844,311.7109069824219,316.57777404785156,331.72674560546875,314.58795166015625,336.35658264160156,312.56028747558594,313.7617645263672,338.5904541015625,285.2814636230469,194.52236938476562,263.01116943359375,214.2962646484375,206.90924072265625,193.39517211914062,113.83309936523438,13.430877685546875,-107.12628173828125,-72.46240234375,-198.768798828125,-212.25518798828125,-398.82501220703125,-383.33526611328125,-440.218017578125,-660.66943359375,-512.779541015625,-663.356201171875,-787.7003173828125,-612.576416015625,-850.2393798828125,-659.0445556640625,-750.6319580078125,-951.23046875,-1004.035888671875,-860.939208984375,-1047.05615234375,-955.860595703125,-1138.6435546875,-966.578125,-1050.9801025390625,-953.5357666015625,-869.826171875,-864.395263671875,-791.501953125,-818.7269287109375,-1043.127197265625,-945.223388671875,-827.7025146484375,-871.635498046875,-900.2010498046875,-794.106201171875,-866.2945556640625,-852.320556640625,-975.85693359375,-881.336669921875,-832.9703369140625,-989.702392578125,-864.5072021484375,-960.02734375,-863.2115478515625,-639.6385498046875,-764.5836181640625,-663.612548828125,-953.5738525390625,-961.66357421875,-981.50244140625,-675.3084716796875,-871.9959716796875,-554.9720458984375,-708.780029296875,-756.6905517578125,-639.0814208984375,-622.049072265625,-653.931396484375,-617.7447509765625,-485.7052001953125,-343.56866455078125,-396.523193359375,-436.9027099609375,-322.542236328125,-250.2847900390625,-292.00897216796875,-205.08123779296875,-218.0150146484375,-153.68798828125,-141.31268310546875,-242.9842529296875,-427.79022216796875,-228.8966064453125,-204.60345458984375,-122.53509521484375,-162.73455810546875,-94.65667724609375,-62.96270751953125,-99.45343017578125,-81.77337646484375,-114.5220947265625,-56.16900634765625,-79.716796875,-104.3037109375,-231.4781494140625,15.98828125,74.13674926757812,-4.372589111328125,36.47698974609375,103.21755981445312,128.63092041015625,88.9002685546875,19.713836669921875,123.15261840820312
"S214",Infinity,Infinity,Infinity,Infinity,Infinity,Infinity,Infinity,Infinity,Infinity,Infinity,Infinity,Infinity,Infinity,Infinity,Infinity,Infinity,Infinity,Infinity,Infinity,Infinity,Infinity,Infinity,Infinity,Infinity,Infinity,Infinity,Infinity,Infinity,Infinity,Infinity,Infinity,Infinity,Infinity,Infinity,Infinity,Infinity,Infinity,Infinity,Infinity,Infinity,Infinity,Infinity,Infinity,Infinity,Infinity,Infinity,Infinity,Infinity,Infinity,Infinity,Infinity,Infinity,Infinity,Infinity,Infinity,Infinity,Infinity,Infinity,Infinity,Infinity,Infinity,Infinity,Infinity,Infinity,Infinity,Infinity,Infinity,Infinity,Infinity,Infinity,Infinity,Infinity,Infinity,Infinity,Infinity,Infinity,Infinity,Infinity,Infinity,Infinity,Infinity,Infinity,Infinity,Infinity,Infinity,Infinity,Infinity,Infinity,Infinity,Infinity,Infinity,Infinity,Infinity,Infinity,Infinity,Infinity,Infinity,Infinity,Infinity,Infinity,Infinity,Infinity,Infinity,Infinity,Infinity,Infinity,Infinity,Infinity,Infinity,Infinity,Infinity,Infinity,Infinity,Infinity,Infinity,Infinity,Infinity,Infinity,Infinity,Infinity,Infinity,Infinity,Infinity,Infinity,Infinity,Infinity,Infinity,Infinity,Infinity,Infinity,Infinity,Infinity,Infinity,Infinity,Infinity,Infinity,Infinity,Infinity,Infinity,Infinity,Infinity
"S215",276.7853698730469,140.25201416015625,73.787841796875,175.69442749023438,219.99331665039062,201.92547607421875,281.5969696044922,262.45533752441406,263.9809875488281,274.79039001464844,244.58932495117188,297.97996520996094,322.5998840332031,304.2906036376953,305.5789489746094,285.9747314453125,305.6224060058594,308.2050323486328,314.26722717285156,322.2149200439453,284.2988586425781,314.17266845703125,331.50987243652344,330.92706298828125,297.80108642578125,329.943603515625,352.2592010498047,364.2789611816406,342.6681365966797,343.6439208984375,360.1031188964844,348.54444885253906,353.72010803222656,355.27288818359375,351.52037048339844,349.32814025878906,339.22802734375,318.6348114013672,332.3584289550781,345.53163146972656,307.43556213378906,272.9611358642578,246.55935668945312,243.90728759765625,212.57064819335938,176.34725952148438,88.49053955078125,-29.93804931640625,15.851837158203125,-22.599365234375,-213.046875,-447.6016845703125,-672.720458984375,-662.33447265625,-719.0687255859375,-749.1578369140625,-1015.3031005859375,-952.0601806640625,-1010.8726806640625,-995.457763671875,-1151.818603515625,-1039.764404296875,-1274.4285888671875,-1269.4180908203125,-1425.0892333984375,-1429.4151611328125,-1204.925537109375,-1279.8646240234375,-1305.6649169921875,-1447.7313232421875,-1296.0263671875,-1419.6978759765625,-1224.4012451171875,-1281.9713134765625,-1511.6544189453125,-1383.835693359375,-1304.6229248046875,-1467.361083984375,-1422.5699462890625,-1284.495361328125,-1418.680419921875,-1536.18310546875,-1565.232421875,-1263.529296875,-1323.437255859375,-1330.70556640625,-1169.572021484375,-1263.33251953125,-1181.9122314453125,-1180.46044921875,-1140.0792236328125,-1373.0439453125,-1357.2015380859375,-1144.315673828125,-1380.6376953125,-1170.32763671875,-1235.839599609375,-1192.266845703125,-1251.5643310546875,-1211.4708251953125,-1222.9046630859375,-1160.927490234375,-1047.506591796875,-961.1256103515625,-952.2158203125,-877.043701171875,-793.241943359375,-941.9796142578125,-936.391845703125,-674.947509765625,-696.9315185546875,-628.1287841796875,-388.658447265625,-504.03826904296875,-515.582763671875,-270.85699462890625,-318.60638427734375,-247.2716064453125,-157.06768798828125,-175.61370849609375,-152.21990966796875,-60.09710693359375,-62.4896240234375,-19.6917724609375,-76.21209716796875,-109.9039306640625,-10.47900390625,-83.780029296875,-17.15631103515625,-67.9356689453125,2.64971923828125,76.48605346679688,74.16116333007812,69.942626953125,51.483795166015625,-2.644256591796875,73.19540405273438,31.7021484375,84.21578979492188,-2.881072998046875,29.241058349609375
"S216",249.6935272216797,246.10594177246094,221.260498046875,244.63197326660156,244.4322967529297,235.74258422851562,201.32220458984375,238.83544921875,252.428955078125,266.5678253173828,302.4152069091797,266.22589111328125,312.8202819824219,298.5176086425781,288.72511291503906,290.02099609375,323.0348663330078,313.02008056640625,333.8930969238281,334.3492736816406,333.2170104980469,303.81455993652344,335.119384765625,326.3877258300781,326.68385314941406,329.09471130371094,321.97352600097656,324.14830017089844,312.9259338378906,313.7325134277344,315.0065460205078,337.32810974121094,315.0619812011719,324.38197326660156,331.00782775878906,315.7627868652344,323.2199401855469,296.5845489501953,303.13462829589844,307.36070251464844,294.48448181152344,283.0283203125,250.783447265625,251.1770782470703,200.11590576171875,172.57980346679688,144.41046142578125,-24.6143798828125,-22.9471435546875,-236.22589111328125,-476.6839599609375,-702.553466796875,-929.02001953125,-1098.66455078125,-1049.3533935546875,-1076.5908203125,-1199.8505859375,-1215.6195068359375,-1051.87255859375,-1259.312255859375,-1448.652099609375,-1463.6165771484375,-1692.070556640625,-1890.29833984375,-1789.970947265625,-1702.0146484375,-1623.03369140625,-1561.6123046875,-1919.935791015625,-1734.330810546875,-1919.4677734375,-1691.2041015625,-1649.13818359375,-1698.737548828125,-1629.27392578125,-1870.147216796875,-1958.019287109375,-1787.35302734375,-1567.772216796875,-1870.3916015625,-1807.855712890625,-1498.3212890625,-1685.71728515625,-1716.635009765625,-1534.3924560546875,-1381.5604248046875,-1433.3951416015625,-1456.6986083984375,-1430.2613525390625,-1487.55908203125,-1252.363037109375,-1215.929931640625,-1335.229248046875,-1425.9273681640625,-1631.69677734375,-1297.212646484375,-1274.9453125,-1231.7022705078125,-1385.6976318359375,-1315.1827392578125,-1258.2930908203125,-1270.768798828125,-1344.5941162109375,-973.627197265625,-1096.2540283203125,-963.8671875,-1078.52294921875,-1282.053955078125,-1152.0784912109375,-815.1455078125,-700.7008056640625,-489.64764404296875,-362.58795166015625,-406.764892578125,-316.17108154296875,-203.50567626953125,-176.29205322265625,-363.77252197265625,-331.9659423828125,-358.20062255859375,-210.6890869140625,-137.07733154296875,-218.6029052734375,-72.31024169921875,-128.38494873046875,-86.11541748046875,-35.48529052734375,-152.05621337890625,-22.6407470703125,-72.2655029296875,-135.92333984375,43.852081298828125,29.7957763671875,1.999603271484375,-164.0694580078125,-37.8739013671875,-14.76043701171875,5.896942138671875,51.68060302734375,25.58984375,41.7852783203125
"S217",274.38853454589844,269.4342041015625,221.260498046875,244.63197326660156,261.71697998046875,260.61976623535156,283.8333740234375,290.9292907714844,293.52943420410156,267.9796905517578,275.3780517578125,268.729248046875,292.10865783691406,301.9683074951172,318.9508056640625,326.2673797607422,334.8904571533203,337.29457092285156,341.1500549316406,342.84291076660156,333.96897888183594,335.2220458984375,351.3050994873047,352.5428009033203,336.7970886230469,350.09832763671875,353.5923614501953,348.7872009277344,350.133056640625,343.2465057373047,343.16021728515625,352.05767822265625,348.7229919433594,343.4541931152344,352.6048126220703,345.04119873046875,329.8079528808594,332.2882080078125,318.4672393798828,327.876220703125,317.0359344482422,304.3456573486328,282.01271057128906,263.6145324707031,227.59918212890625,192.757568359375,146.02108764648438,35.47186279296875,18.308319091796875,-832.431640625,-252.14410400390625,-439.57684326171875,-664.3076171875,-821.9935302734375,-898.2315673828125,-912.0091552734375,-1011.6712646484375,-1033.6722412109375,-965.200439453125,-1005.740966796875,-1167.047119140625,-1186.801025390625,-1320.3699951171875,-1498.5968017578125,-1537.7222900390625,-1505.4794921875,-1431.6741943359375,-1360.8121337890625,-1435.9749755859375,-1449.3077392578125,-1544.3209228515625,-1356.9998779296875,-1380.5615234375,-1388.4886474609375,-1366.9613037109375,-1393.986328125,-1336.5145263671875,-1342.1510009765625,-1388.15771484375,-1466.916748046875,-1374.4886474609375,-1339.4385986328125,-1368.530517578125,-1326.429931640625,-1256.9217529296875,-1177.0074462890625,-1126.5443115234375,-1143.137939453125,-1114.0308837890625,-1133.9757080078125,-1050.991455078125,-1003.7781982421875,-1030.0823974609375,-1052.0076904296875,-1147.012939453125,-1069.0882568359375,-994.5589599609375,-946.4757080078125,-985.4595947265625,-1002.3787841796875,-952.6090087890625,-953.026123046875,-957.11328125,-793.578125,-787.0701904296875,-740.8365478515625,-731.53564453125,-834.2041015625,-842.201171875,-638.973876953125,-527.2216796875,-398.49322509765625,-279.08197021484375,-272.63836669921875,-271.83502197265625,-182.96685791015625,-142.1917724609375,-130.86273193359375,-114.2509765625,-133.741943359375,-149.6650390625,-38.90692138671875,-41.89276123046875,3.3299560546875,13.723724365234375,15.20281982421875,-38.0966796875,14.644287109375,61.12542724609375,67.5762939453125,29.947357177734375,87.24649047851562,111.48193359375,103.18527221679688,45.701507568359375,52.858489990234375,67.17910766601562,86.16744995117188,117.82232666015625,114.8233642578125,34.148895263671875
"S218",282.73805236816406,269.4342041015625,217.49002075195312,235.94683837890625,261.71697998046875,260.61976623535156,283.8333740234375,281.8233642578125,293.52943420410156,302.1272735595703,271.4421081542969,288.4788818359375,304.60089111328125,324.5461730957031,310.4850311279297,326.2673797607422,337.2581024169922,320.6481018066406,341.286865234375,338.1026153564453,333.96897888183594,335.2220458984375,162.73382568359375,328.9653778076172,336.7970886230469,337.9980926513672,325.80157470703125,347.6698303222656,300.47755432128906,337.2553405761719,343.16021728515625,340.39552307128906,336.4728698730469,346.1972961425781,307.44793701171875,320.2489318847656,328.5398864746094,327.950439453125,324.9587707519531,327.876220703125,308.4721374511719,293.4329528808594,282.01271057128906,253.76161193847656,203.2618408203125,186.73541259765625,146.02108764648438,35.47186279296875,18.308319091796875,-325.02020263671875,-252.14410400390625,-371.6263427734375,-488.86114501953125,-615.4996337890625,-740.8116455078125,-849.5584716796875,-884.811767578125,-906.578857421875,-965.200439453125,-1005.740966796875,-1167.047119140625,-1186.801025390625,-1250.1265869140625,-1331.717041015625,-1472.774658203125,-1384.8271484375,-1431.6741943359375,-1360.8121337890625,-1433.27294921875,-1436.852783203125,-1475.5601806640625,-1356.9998779296875,-1380.5615234375,-1388.4886474609375,-1366.9613037109375,-1393.986328125,-1336.5145263671875,-1342.1510009765625,-1362.28857421875,-1334.1214599609375,-1325.708984375,-1281.1142578125,-1368.530517578125,-1171.3519287109375,-1245.452392578125,-1177.0074462890625,-1126.5443115234375,-1143.137939453125,-1114.0308837890625,-1133.9757080078125,-1477.631103515625,-1003.7781982421875,-1466.8016357421875,-1052.0076904296875,-1090.9876708984375,-1069.0882568359375,-994.5589599609375,-946.4757080078125,-985.4595947265625,-1002.3787841796875,-952.6090087890625,-953.026123046875,-957.11328125,-813.2337646484375,-913.279541015625,-740.8365478515625,-731.53564453125,-834.2041015625,-842.201171875,-638.973876953125,-527.2216796875,-409.61444091796875,-279.08197021484375,-272.63836669921875,-271.83502197265625,-156.569091796875,-446.89117431640625,-254.5654296875,-377.72705078125,-164.62420654296875,-170.59197998046875,-47.60125732421875,-194.96527099609375,-4.208251953125,13.723724365234375,-75.8525390625,-19.2841796875,14.644287109375,61.12542724609375,67.5762939453125,29.947357177734375,-12.7744140625,87.30145263671875,82.46536254882812,62.328765869140625,70.79693603515625,76.9207763671875,67.0013427734375,117.82232666015625,114.8233642578125,79.226318359375
"S219",0.99249267578125,65.15512084960938,81.53726196289062,81.67715454101562,-55.3892822265625,133.50485229492188,106.47915649414062,157.062744140625,56.444580078125,171.90377807617188,156.41342163085938,231.3023681640625,176.4771728515625,196.82586669921875,239.28634643554688,195.37313842773438,221.3194580078125,211.971923828125,217.91693115234375,233.67999267578125,229.81820678710938,195.4052734375,169.767578125,230.19906616210938,228.3311767578125,236.92105102539062,242.26092529296875,221.26058959960938,219.06524658203125,217.63412475585938,227.57186889648438,223.63247680664062,219.60720825195312,216.02993774414062,209.83554077148438,197.84539794921875,192.815185546875,147.235595703125,198.60684204101562,167.8978271484375,131.75189208984375,59.890472412109375,72.91622924804688,61.16888427734375,-10.63092041015625,-116.26556396484375,-311.6629638671875,-296.307861328125,-460.50439453125,-868.49609375,-990.571044921875,-979.0804443359375,-1279.95654296875,-1601.072998046875,-1527.18994140625,-1663.3046875,-1842.173583984375,-1384.19482421875,-1584.44873046875,-1892.0009765625,-1690.78466796875,-1944.715087890625,-1921.442138671875,-1916.87353515625,-2099.463134765625,-2337.414306640625,-2388.63720703125,-2863.222412109375,-2261.149169921875,-3003.564697265625,-3050.7001953125,-2859.0439453125,-2796.780029296875,-3088.76220703125,-3058.742431640625,-3496.83349609375,-3054.776123046875,-3351.9189453125,-3291.516845703125,-3165.07080078125,-3435.2373046875,-3147.64404296875,-3245.219970703125,-3263.98583984375,-3157.15966796875,-3449.341064453125,-3299.848388671875,-2998.833251953125,-3248.6650390625,-3052.9638671875,-3887.375,-3230.90771484375,-3434.91357421875,-3363.905029296875,-3194.23193359375,-3138.026611328125,-2830.754638671875,-3238.55908203125,-3074.084716796875,-3223.283935546875,-2966.28466796875,-2724.85107421875,-2853.99609375,-2809.65771484375,-3360.0234375,-2823.9345703125,-3221.06396484375,-2714.310791015625,-2614.008544921875,-2088.132080078125,-2484.609130859375,-2511.1376953125,-2194.772705078125,-1775.0068359375,-2161.640625,-1778.679443359375,-2208.627685546875,-1950.237548828125,-1714.757080078125,-1188.8956298828125,-1331.2952880859375,-1411.6766357421875,-1289.662353515625,-867.169677734375,-843.4459228515625,-561.9765625,-952.4453125,-870.5076904296875,-527.5076904296875,-425.74896240234375,-423.06768798828125,-410.3677978515625,-453.41827392578125,-498.21435546875,-390.7591552734375,-304.97039794921875,-498.9017333984375,-354.77374267578125,-299.34088134765625,-68.585693359375,-132.41943359375
"S220",206.723876953125,196.37481689453125,217.49002075195312,228.31277465820312,259.2125244140625,280.8433837890625,220.56573486328125,219.80096435546875,180.058349609375,189.6783447265625,231.5496826171875,267.0228576660156,295.68675231933594,309.2095184326172,306.4447479248047,306.0944366455078,324.20196533203125,323.37974548339844,310.6243591308594,319.58030700683594,299.7449188232422,291.2090759277344,308.34385681152344,321.9446258544922,315.14610290527344,315.54205322265625,333.22511291503906,332.1326904296875,337.7406311035156,344.5645446777344,342.12355041503906,343.5107727050781,337.51148986816406,335.2797088623047,334.9666290283203,324.5218048095703,314.2032928466797,301.72840881347656,297.2127227783203,277.79502868652344,271.21876525878906,229.75457763671875,205.24652099609375,239.945556640625,177.802001953125,94.92092895507812,57.55706787109375,2.93377685546875,-146.38116455078125,-203.6866455078125,-246.2601318359375,-305.643798828125,-488.86114501953125,-615.4996337890625,-740.8116455078125,-849.3521728515625,-884.811767578125,-906.578857421875,-979.9935302734375,-1043.231689453125,-1200.2340087890625,-1234.49951171875,-1250.1265869140625,-1331.717041015625,-1393.427734375,-1384.8271484375,-1453.1373291015625,-1384.4967041015625,-1432.8612060546875,-1436.852783203125,-1475.5601806640625,-1442.036865234375,-1465.8907470703125,-1424.003662109375,-1518.2691650390625,-1612.2763671875,-1547.4234619140625,-1440.041259765625,-1362.28857421875,-1334.1214599609375,-1325.708984375,-1267.91259765625,-1248.46533203125,-1114.4254150390625,-1213.2557373046875,-1194.794677734375,-1257.5594482421875,-1230.88134765625,-1152.94189453125,-1133.932373046875,-1132.02392578125,-1149.1153564453125,-1196.2615966796875,-1227.452392578125,-1090.9876708984375,-1081.791259765625,-1102.310546875,-1091.1414794921875,-1055.8443603515625,-1243.331298828125,-1078.0045166015625,-1013.0267333984375,-934.5521240234375,-1016.8695068359375,-909.73095703125,-966.126953125,-851.2611083984375,-782.09619140625,-843.365478515625,-749.8115234375,-675.595703125,-612.18701171875,-592.4459228515625,-407.85919189453125,-411.208740234375,-352.49029541015625,-432.5999755859375,-259.75836181640625,-289.5946044921875,-214.2767333984375,-211.75787353515625,-210.74615478515625,-242.29931640625,-87.52716064453125,-69.36944580078125,-40.70050048828125,-91.067626953125,-3.309326171875,7.448272705078125,20.128936767578125,13.67340087890625,9.21771240234375,81.79632568359375,78.44369506835938,84.5499267578125,72.10299682617188,47.9114990234375,23.009429931640625,82.49700927734375,87.021728515625,78.30538940429688
"S221",-40.5855712890625,8.856842041015625,142.15176391601562,157.51544189453125,157.18463134765625,202.41543579101562,220.56573486328125,219.80096435546875,180.058349609375,217.88711547851562,267.5743103027344,241.57537841796875,246.86572265625,213.9725341796875,269.7389678955078,238.45608520507812,284.2286682128906,269.09986877441406,254.52796936035156,254.77098083496094,90.75747680664062,175.50396728515625,265.11891174316406,291.0442199707031,238.609619140625,257.0721435546875,304.70399475097656,271.36598205566406,288.9363098144531,302.53126525878906,294.47486877441406,296.6832733154297,271.99464416503906,283.69293212890625,284.24876403808594,268.19837951660156,232.1688232421875,70.54556274414062,-149.21319580078125,90.923583984375,182.00146484375,122.78616333007812,84.48831176757812,55.88970947265625,34.2135009765625,40.661407470703125,-64.4476318359375,-123.74957275390625,-153.64520263671875,-441.69012451171875,-1049.8531494140625,-706.3780517578125,-1071.984619140625,-780.0439453125,-1050.19384765625,-1080.9237060546875,-1256.0885009765625,-1484.0325927734375,-1552.028564453125,-1412.5301513671875,-1445.3421630859375,-1525.596923828125,-1753.46923828125,-1577.3447265625,-1769.0087890625,-2029.303955078125,-2090.7578125,-1917.033935546875,-1999.62353515625,-2020.571044921875,-1892.501953125,-2019.997314453125,-2460.868408203125,-2432.822021484375,-2104.466796875,-2387.802978515625,-2269.198974609375,-2275.73486328125,-2568.822021484375,-2674.344482421875,-2937.595458984375,-2576.50048828125,-2828.909423828125,-2295.005126953125,-2311.61279296875,-2464.4521484375,-2448.055908203125,-2171.02685546875,-2700.98974609375,-2084.143798828125,-2185.05810546875,-2216.546142578125,-2144.05810546875,-2000.154541015625,-2045.396728515625,-1912.506103515625,-1929.575439453125,-2142.8818359375,-2014.516357421875,-1897.8154296875,-1886.0341796875,-1944.205810546875,-1850.137939453125,-1899.268310546875,-1930.41259765625,-2084.7255859375,-1796.204345703125,-1514.3043212890625,-2601.56689453125,-1781.904052734375,-2036.765380859375,-1456.9947509765625,-1416.16259765625,-1575.3505859375,-1519.425537109375,-1196.1561279296875,-1051.0804443359375,-876.7347412109375,-973.1845703125,-702.840087890625,-816.3067626953125,-876.70849609375,-548.2447509765625,-546.7406005859375,-526.1822509765625,-794.44140625,-762.096923828125,-987.07763671875,-869.61376953125,-534.9669189453125,-738.12548828125,-613.233154296875,-266.4256591796875,-259.18695068359375,-167.57452392578125,-229.29486083984375,-65.33709716796875,-267.594482421875,-79.24908447265625,-75.2691650390625,-147.86126708984375
"S222",293.7376403808594,311.9212188720703,328.4172821044922,319.37864685058594,348.64256286621094,273.4259490966797,-71.47308349609375,107.44635009765625,-359.34051513671875,-38.59014892578125,222.27734375,-3.97418212890625,245.19964599609375,214.96542358398438,329.6921844482422,-145.4129638671875,234.58157348632812,202.16265869140625,335.68115234375,345.1471862792969,355.45408630371094,349.2006378173828,349.982421875,343.6429443359375,355.0984649658203,336.4326934814453,345.97239685058594,353.31011962890625,344.79539489746094,355.5749816894531,341.3423309326172,338.1423797607422,339.7029266357422,351.45668029785156,332.6817626953125,335.9395751953125,345.84046936035156,312.3888397216797,311.91929626464844,308.5554656982422,292.8599090576172,273.5186309814453,260.2718200683594,260.44493103027344,225.24664306640625,175.65411376953125,106.38311767578125,3.92645263671875,-146.38116455078125,-203.6866455078125,-245.65179443359375,-305.1490478515625,-502.25909423828125,-667.8531494140625,-747.4013671875,-849.3521728515625,-884.811767578125,-945.2161865234375,-1054.6253662109375,-1063.4296875,-1191.9471435546875,-1234.49951171875,-1250.1265869140625,-1296.91650390625,-1317.2928466796875,-1337.34716796875,-1430.62158203125,-1418.18017578125,-1330.263427734375,-1392.6298828125,-1394.338134765625,-1700.8232421875,-1301.9046630859375,-1192.4732666015625,-1130.5948486328125,-1401.916259765625,-1287.178955078125,-1553.110595703125,-1428.9278564453125,-1376.4356689453125,-1539.335693359375,-1131.239501953125,-1382.427001953125,-1196.1058349609375,-1404.868408203125,-1292.460205078125,-1379.5157470703125,-1177.05517578125,-1113.384521484375,-1211.8575439453125,-1093.9278564453125,-1038.3963623046875,-1080.203369140625,-1183.552001953125,-1096.8778076171875,-1082.095947265625,-1094.0755615234375,-1013.4241943359375,-1015.813720703125,-1070.298583984375,-931.9437255859375,-1103.6927490234375,-923.6495361328125,-917.65283203125,-905.924560546875,-1041.3590087890625,-1038.298095703125,-1198.913330078125,-891.612548828125,-660.6053466796875,-693.5452880859375,-645.140625,-703.375732421875,-537.5128173828125,-536.4737548828125,-671.2376708984375,-363.503662109375,-509.48431396484375,-387.21343994140625,-334.9151611328125,-279.97369384765625,-29.3905029296875,-67.7470703125,-59.85943603515625,-363.16766357421875,8.466339111328125,73.777099609375,98.50177001953125,-124.69915771484375,14.720367431640625,115.56124877929688,96.86370849609375,97.34182739257812,158.09103393554688,121.6549072265625,205.02572631835938,180.80862426757812,191.78253173828125,193.59396362304688,157.58267211914062,162.0404052734375
"S223",170.8060302734375,42.59124755859375,253.7908477783203,224.53952026367188,239.16665649414062,190.03768920898438,118.08224487304688,230.36758422851562,222.93344116210938,270.26556396484375,315.4616394042969,295.6577911376953,312.70506286621094,307.91737365722656,313.0173645019531,322.2104034423828,327.3810272216797,290.2882995605469,297.1136169433594,310.16429138183594,326.035400390625,313.88922119140625,318.1069641113281,306.7816925048828,297.6481475830078,330.8942413330078,314.8855438232422,291.41624450683594,320.88818359375,355.3069763183594,315.2344055175781,337.5829162597656,342.8018341064453,340.45851135253906,297.60121154785156,322.30348205566406,309.91961669921875,307.3553161621094,321.2655487060547,300.7234344482422,252.98886108398438,279.9585723876953,246.94622802734375,263.8306121826172,225.24664306640625,158.49240112304688,-83.281005859375,-178.97222900390625,-278.39056396484375,-203.6866455078125,-245.65179443359375,-305.1490478515625,-502.25909423828125,-690.264892578125,-747.4013671875,-849.3521728515625,-892.2047119140625,-1008.28369140625,-1095.490966796875,-1171.936767578125,-1191.9471435546875,-1243.4627685546875,-1275.4599609375,-1296.91650390625,-1317.2928466796875,-1337.34716796875,-1430.62158203125,-1428.862548828125,-1330.263427734375,-1392.6298828125,-1394.338134765625,-1291.8671875,-1301.9046630859375,-1188.0660400390625,-1244.0538330078125,-1153.099609375,-1077.6767578125,-1219.199951171875,-1122.843017578125,-1089.2825927734375,-1111.810546875,-1014.8389892578125,-1097.46142578125,-1008.3634033203125,-1212.5643310546875,-1283.1536865234375,-1030.421630859375,-1030.75537109375,-968.7423095703125,-948.2115478515625,-982.4974365234375,-1090.8695068359375,-1070.2528076171875,-994.32080078125,-868.0660400390625,-816.0306396484375,-988.7816162109375,-805.609130859375,-765.092529296875,-911.2813720703125,-801.928466796875,-723.73876953125,-766.2666015625,-739.260009765625,-833.18701171875,-734.6917724609375,-683.55224609375,-876.6488037109375,-786.4925537109375,-1045.624267578125,-1456.267578125,-1192.4949951171875,-608.0008544921875,-546.7708740234375,-444.9854736328125,-671.74462890625,-461.6312255859375,-343.12841796875,-404.7154541015625,-210.75103759765625,-180.24005126953125,-73.56268310546875,-73.58795166015625,-79.7982177734375,-48.7220458984375,29.689697265625,34.775909423828125,53.88677978515625,-15.92584228515625,-86.22833251953125,83.17361450195312,57.731414794921875,103.2967529296875,90.88821411132812,119.35787963867188,168.10025024414062,140.38287353515625,108.58782958984375,80.09304809570312,35.60699462890625,174.472412109375
"S224",117.47662353515625,130.60452270507812,219.00436401367188,235.3824462890625,211.55728149414062,252.29525756835938,229.209228515625,266.2770690917969,202.044921875,48.9930419921875,-47.53924560546875,257.6877899169922,242.41558837890625,234.41259765625,317.3707275390625,243.93832397460938,277.0590362548828,316.7259979248047,314.47271728515625,318.29901123046875,354.4032897949219,320.26365661621094,333.7342224121094,348.0194854736328,332.4665985107422,333.98760986328125,343.15757751464844,328.7792053222656,332.84033203125,353.3542785644531,338.1829376220703,338.0372772216797,363.4599304199219,347.7895050048828,325.0948028564453,370.2809753417969,334.4053192138672,325.63377380371094,350.8646697998047,324.728759765625,301.18011474609375,320.63006591796875,260.63523864746094,238.83718872070312,221.63180541992188,-1.66363525390625,76.46728515625,-126.0660400390625,-554.77099609375,-407.22918701171875,-293.4088134765625,-397.169189453125,-606.845703125,-679.4024658203125,-979.0247802734375,-1031.015625,-912.2791748046875,-1003.3121337890625,-1272.4189453125,-1310.109130859375,-1206.60595703125,-1428.5595703125,-1336.5758056640625,-1436.306396484375,-1190.4744873046875,-1333.54833984375,-1380.6474609375,-1345.4171142578125,-1286.1251220703125,-1345.5028076171875,-1536.134521484375,-1424.967041015625,-1697.18017578125,-1447.9471435546875,-1457.8931884765625,-1272.116455078125,-1275.3966064453125,-1289.3992919921875,-1242.3026123046875,-1473.837890625,-1425.3043212890625,-1157.6119384765625,-1038.1031494140625,-1287.2728271484375,-1324.9202880859375,-1201.0684814453125,-1142.5684814453125,-900.022216796875,-862.3641357421875,-851.490234375,-1018.9344482421875,-1187.2138671875,-1048.4468994140625,-3950.923828125,-2348.669921875,-871.17333984375,-1033.05615234375,-951.5792236328125,-893.613525390625,-980.35595703125,-759.8309326171875,-800.5787353515625,-871.814697265625,-832.0911865234375,-638.3922119140625,-722.34326171875,-554.920166015625,-522.934326171875,-672.715576171875,-657.3345947265625,-777.5662841796875,-535.222412109375,-384.4473876953125,-368.790283203125,-285.22930908203125,-229.523193359375,-160.7509765625,-131.85565185546875,-199.40985107421875,-76.123046875,-107.78936767578125,-18.4432373046875,0.230194091796875,-69.31512451171875,-9.460723876953125,11.109222412109375,-162.6324462890625,32.11859130859375,102.98379516601562,26.108154296875,61.372650146484375,44.193603515625,83.72918701171875,120.88626098632812,33.38818359375,124.84698486328125,62.370849609375,110.43222045898438,73.820068359375,57.66192626953125,-211.29522705078125
"S225",312.6473846435547,323.1632080078125,352.3588409423828,357.3576202392578,367.89501953125,359.8508758544922,360.0280456542969,366.33082580566406,363.1103973388672,364.2585144042969,336.09051513671875,370.4656066894531,380.87440490722656,382.09708404541016,381.17144775390625,380.8692626953125,387.6378173828125,385.07017517089844,385.86680603027344,384.81996154785156,391.87806701660156,389.76463317871094,389.20220947265625,389.8517532348633,392.18375396728516,393.36304473876953,396.0267562866211,399.08509063720703,400.2564239501953,398.6330032348633,399.0864791870117,406.32196044921875,403.6648483276367,399.5978240966797,393.7291793823242,391.240478515625,392.63867950439453,379.4232406616211,381.9095993041992,365.907958984375,351.5399169921875,338.3401184082031,319.7501525878906,293.1480407714844,268.2419128417969,230.2225341796875,193.26995849609375,139.75222778320312,62.840850830078125,8.82025146484375,-37.5699462890625,-72.99566650390625,-68.31964111328125,-181.98944091796875,-162.367431640625,-141.14068603515625,-160.87982177734375,-155.00616455078125,-209.48675537109375,-265.08453369140625,-200.78466796875,-306.59124755859375,-209.66473388671875,-279.1368408203125,-280.73486328125,-279.035888671875,-336.16278076171875,-305.53936767578125,-239.26422119140625,-239.05169677734375,-355.177001953125,-290.90716552734375,-321.70263671875,-273.90130615234375,-217.16937255859375,-288.7574462890625,-225.91326904296875,-202.53515625,-238.34307861328125,-277.1112060546875,-233.09869384765625,-232.936767578125,-161.08203125,-324.22100830078125,-301.28619384765625,-203.24249267578125,-182.4139404296875,-114.864501953125,-140.28131103515625,-289.6146240234375,-172.81414794921875,-184.1322021484375,-191.134765625,-794.971923828125,-408.6019287109375,-240.06951904296875,-224.26043701171875,-197.38482666015625,-121.36114501953125,-121.5169677734375,-121.92156982421875,-126.3828125,-182.13079833984375,-137.65338134765625,-88.3267822265625,-97.0010986328125,-84.03106689453125,-118.5960693359375,-105.7802734375,-124.032958984375,-57.62457275390625,-133.1240234375,-72.61370849609375,-49.241943359375,-76.6990966796875,-63.64630126953125,-5.892486572265625,-17.09234619140625,-34.33062744140625,8.4305419921875,30.518310546875,48.768585205078125,77.99392700195312,96.80960083007812,158.35888671875,166.89273071289062,184.35507202148438,197.61279296875,217.63973999023438,188.34750366210938,191.0140380859375,188.18234252929688,193.57363891601562,227.6878662109375,240.27340698242188,246.77633666992188,263.58018493652344,246.91319274902344,239.935546875,231.14822387695312,243.15460205078125
"S226",312.6473846435547,323.1632080078125,352.3588409423828,357.3576202392578,367.89501953125,359.8508758544922,360.0280456542969,366.33082580566406,363.1103973388672,373.5380859375,358.2583465576172,370.4656066894531,380.87440490722656,382.09708404541016,381.17144775390625,380.8692626953125,387.6378173828125,385.07017517089844,385.86680603027344,384.81996154785156,391.87806701660156,389.76463317871094,389.20220947265625,389.8517532348633,392.18375396728516,393.36304473876953,396.0267562866211,399.08509063720703,400.2564239501953,398.6330032348633,399.0864791870117,406.32196044921875,403.6648483276367,399.5978240966797,393.7291793823242,391.240478515625,392.63867950439453,379.4232406616211,381.9095993041992,365.907958984375,351.5399169921875,338.3401184082031,319.7501525878906,293.1480407714844,268.2419128417969,230.2225341796875,193.26995849609375,139.75222778320312,62.840850830078125,8.82025146484375,-37.5699462890625,-72.99566650390625,-68.31964111328125,-181.98944091796875,-162.367431640625,-141.14068603515625,-160.87982177734375,-147.56292724609375,-187.00323486328125,-166.01837158203125,-198.8785400390625,-208.59466552734375,-154.98699951171875,-149.4422607421875,-109.09014892578125,-92.89178466796875,-200.916015625,-81.224609375,-69.83831787109375,-102.75006103515625,-93.73370361328125,-122.6510009765625,-96.685791015625,-60.78350830078125,-85.556396484375,-101.35711669921875,-78.5133056640625,-97.5084228515625,-96.2752685546875,-62.1318359375,-95.15167236328125,-101.49017333984375,-98.4464111328125,-153.894287109375,-145.20196533203125,-151.08709716796875,-74.90765380859375,-60.29144287109375,-51.41796875,-58.7120361328125,-91.12353515625,-63.68353271484375,-70.31719970703125,-51.75543212890625,-54.90625,-22.57989501953125,-68.89288330078125,-73.47747802734375,-65.70819091796875,-34.841796875,-68.82733154296875,-65.6981201171875,-62.30987548828125,-32.193359375,-19.9029541015625,-47.3787841796875,-14.20635986328125,-46.24566650390625,-62.75152587890625,-124.032958984375,-57.62457275390625,-133.1240234375,-72.61370849609375,-49.241943359375,-76.6990966796875,-63.64630126953125,-5.892486572265625,-17.09234619140625,-34.33062744140625,8.4305419921875,30.518310546875,48.768585205078125,77.99392700195312,96.80960083007812,158.35888671875,166.89273071289062,192.44528198242188,197.61279296875,217.63973999023438,188.34750366210938,191.0140380859375,188.18234252929688,193.57363891601562,227.6878662109375,244.72259521484375,246.77633666992188,263.58018493652344,246.91319274902344,239.935546875,231.14822387695312,243.15460205078125
"S227",186.09500122070312,179.90673828125,218.87124633789062,240.73037719726562,227.23245239257812,249.2345428466797,268.5715026855469,277.1249542236328,282.4246063232422,287.0456237792969,293.07252502441406,294.44667053222656,298.2953796386719,306.3214569091797,299.64833068847656,303.3730163574219,310.64585876464844,302.1539306640625,314.3246307373047,316.89540100097656,312.1773681640625,320.30870056152344,328.4881134033203,322.01377868652344,324.6424255371094,324.0646209716797,322.3294677734375,327.5547790527344,335.5510559082031,328.42762756347656,328.3848419189453,334.01731872558594,326.7403869628906,327.4462432861328,323.5498046875,320.04071044921875,319.891845703125,306.1977844238281,300.0449981689453,284.5509338378906,277.2549133300781,254.56155395507812,237.22857666015625,220.12246704101562,178.5438232421875,179.54974365234375,106.07601928710938,61.002105712890625,42.66387939453125,8.82025146484375,-37.5699462890625,-72.99566650390625,-68.31964111328125,-181.98944091796875,-162.367431640625,-141.14068603515625,-160.87982177734375,-147.56292724609375,-187.00323486328125,-166.01837158203125,-198.8785400390625,-208.59466552734375,-154.98699951171875,-149.4422607421875,-109.09014892578125,-92.89178466796875,-200.916015625,-81.224609375,-69.83831787109375,-102.75006103515625,-93.73370361328125,-122.6510009765625,-185.0806884765625,-60.78350830078125,-85.556396484375,-156.64404296875,-120.39752197265625,-97.5084228515625,-96.2752685546875,-62.1318359375,-95.15167236328125,-101.49017333984375,-98.4464111328125,-153.894287109375,-145.20196533203125,-151.08709716796875,-74.90765380859375,-60.29144287109375,-96.02947998046875,-68.81005859375,-91.12353515625,-63.68353271484375,-77.39935302734375,-68.99725341796875,-65.09765625,-100.936279296875,-68.89288330078125,-196.4642333984375,-120.43017578125,-47.0302734375,-147.56329345703125,-87.8155517578125,-62.30987548828125,-72.6275634765625,-139.4571533203125,-114.142333984375,-147.1396484375,-155.7899169921875,-151.92181396484375,-124.032958984375,-57.62457275390625,-133.1240234375,-72.61370849609375,-49.241943359375,-76.6990966796875,-63.64630126953125,-5.892486572265625,-17.09234619140625,-34.33062744140625,8.4305419921875,18.312042236328125,35.73297119140625,33.177276611328125,26.317962646484375,35.797515869140625,18.277618408203125,-41.3226318359375,-82.974609375,-40.3477783203125,-21.62042236328125,-23.8092041015625,1.828765869140625,-1.46771240234375,21.872283935546875,31.022979736328125,14.34820556640625,55.99322509765625,45.413055419921875,53.39227294921875,35.56658935546875,82.478759765625
"S228",-55.0390625,-323.7421875,-11.29351806640625,-27.67095947265625,45.667510986328125,82.14788818359375,67.74200439453125,67.98275756835938,109.71173095703125,85.43893432617188,134.09365844726562,87.43106079101562,95.70361328125,139.301513671875,160.63796997070312,136.0416259765625,155.511962890625,176.87417602539062,146.08059692382812,155.08541870117188,179.169677734375,161.94375610351562,212.34539794921875,201.7777099609375,187.767578125,213.35244750976562,200.038818359375,185.501220703125,247.88880920410156,225.64535522460938,211.42813110351562,235.840576171875,204.05325317382812,211.59521484375,211.31625366210938,199.80728149414062,181.41522216796875,189.66693115234375,162.8564453125,116.31863403320312,133.9720458984375,97.20144653320312,-38.14532470703125,-110.875244140625,-340.08404541015625,-420.84210205078125,-417.854736328125,-423.0712890625,-277.13104248046875,-296.7529296875,-232.72711181640625,-233.2236328125,-346.3563232421875,-307.10772705078125,-375.71478271484375,-359.86224365234375,-526.6878662109375,-376.8516845703125,-362.47705078125,-377.15057373046875,-437.78997802734375,-414.35797119140625,-481.07879638671875,-448.26104736328125,-344.59991455078125,-351.5322265625,-449.77227783203125,-413.6240234375,-418.80810546875,-565.1041259765625,-476.4698486328125,-405.78558349609375,-635.6259765625,-359.66162109375,-396.59014892578125,-480.24139404296875,-437.12310791015625,-347.1781005859375,-418.0853271484375,-408.3995361328125,-365.193603515625,-531.8323974609375,-392.818603515625,-473.9837646484375,-434.34686279296875,-780.783447265625,-482.90185546875,-365.35546875,-358.11761474609375,-580.95947265625,-405.47503662109375,-404.90826416015625,-601.958251953125,-527.9422607421875,-399.38800048828125,-495.1363525390625,-554.2755126953125,-660.950927734375,-478.62054443359375,-457.1075439453125,-495.4217529296875,-561.1680908203125,-531.5955810546875,-427.9676513671875,-446.6558837890625,-410.6510009765625,-604.6114501953125,-452.61962890625,-584.2987060546875,-600.441650390625,-485.534912109375,-664.68603515625,-396.07916259765625,-476.50482177734375,-419.0570068359375,-417.33538818359375,-328.706787109375,-366.58966064453125,-368.00164794921875,-351.335693359375,-330.36572265625,-337.85491943359375,-351.74847412109375,-434.2037353515625,-339.64776611328125,-286.37451171875,-297.2496337890625,-287.5018310546875,-346.2923583984375,-378.1959228515625,-382.22479248046875,-492.44622802734375,-324.55419921875,-434.687255859375,-633.8114013671875,-395.65838623046875,-518.8593139648438,-244.0826416015625,-493.35919189453125,-383.27496337890625,-204.47314453125
"S229",25.7691650390625,24.766998291015625,58.232635498046875,86.47006225585938,134.37054443359375,156.8394775390625,149.35940551757812,192.5062255859375,87.49658203125,181.70840454101562,192.88446044921875,212.16311645507812,187.97796630859375,220.18353271484375,239.50741577148438,211.73138427734375,235.15512084960938,244.75486755371094,235.84658813476562,238.44015502929688,239.16268920898438,238.067138671875,242.37814331054688,239.6014404296875,240.13519287109375,246.30307006835938,260.82623291015625,267.5731201171875,269.15150451660156,260.4437713623047,263.77569580078125,273.7488708496094,271.76698303222656,259.7080841064453,269.28868103027344,247.8533935546875,234.01498413085938,228.76205444335938,208.84628295898438,230.9547119140625,205.61813354492188,192.86770629882812,152.4237060546875,130.15347290039062,52.989349365234375,67.51992797851562,-11.70831298828125,-6.57122802734375,-21.0877685546875,-158.49188232421875,-98.90191650390625,-131.53460693359375,-200.8841552734375,-184.442626953125,-95.68701171875,-192.22784423828125,-251.8126220703125,-180.6588134765625,-148.95697021484375,-177.26824951171875,-141.9488525390625,-157.685791015625,-115.180419921875,-167.1097412109375,-146.0467529296875,-74.62872314453125,-273.80029296875,-215.14666748046875,-256.35321044921875,-233.441650390625,-165.9976806640625,-123.30889892578125,-165.4171142578125,-156.20703125,-129.34771728515625,-183.3692626953125,-154.8828125,-179.8477783203125,-160.68267822265625,-106.3934326171875,-150.594482421875,-193.38092041015625,-183.8948974609375,-259.91796875,-95.4300537109375,-215.22344970703125,-140.51141357421875,-108.6722412109375,-110.46429443359375,-110.2650146484375,-243.63836669921875,-188.248779296875,-280.19879150390625,-180.38836669921875,-233.92181396484375,-133.52154541015625,-138.09063720703125,-242.74395751953125,-239.86663818359375,-215.44921875,-153.98291015625,-179.26837158203125,-257.19036865234375,-89.97393798828125,-139.95294189453125,-130.4161376953125,-552.82470703125,-164.99285888671875,-156.50531005859375,-167.03216552734375,-175.88067626953125,-151.6964111328125,-126.571044921875,-118.7105712890625,-138.63818359375,-122.4769287109375,-75.5489501953125,-105.47589111328125,-127.40771484375,-263.70880126953125,-334.3310546875,-112.23675537109375,-151.00250244140625,-96.391357421875,-67.172119140625,-79.37725830078125,-79.67626953125,-142.5469970703125,-82.70281982421875,-85.87939453125,-33.14044189453125,-65.17364501953125,-30.69268798828125,-66.1375732421875,-61.00555419921875,-53.2701416015625,-73.77227783203125,9.122222900390625,-81.63726806640625,20.7320556640625,23.743896484375
"S230",45.17181396484375,51.409027099609375,99.02981567382812,23.619293212890625,132.431396484375,158.23922729492188,168.67645263671875,203.14572143554688,168.05322265625,179.47540283203125,206.43930053710938,223.48876953125,185.18692016601562,203.6541748046875,196.03216552734375,186.16400146484375,220.33099365234375,199.13250732421875,197.103271484375,217.56076049804688,199.08798217773438,211.77310180664062,207.77725219726562,195.54241943359375,210.41473388671875,209.195556640625,256.2118682861328,241.93673706054688,254.83236694335938,248.7023162841797,254.18148803710938,243.4871826171875,252.11849975585938,257.46148681640625,222.31320190429688,242.86981201171875,219.86141967773438,229.90362548828125,224.93170166015625,217.4283447265625,188.12762451171875,179.501220703125,162.80874633789062,132.82308959960938,135.439453125,122.86068725585938,67.17697143554688,32.4290771484375,9.208343505859375,-110.535400390625,-121.21038818359375,-129.7388916015625,-133.08154296875,-182.97784423828125,-273.27392578125,-127.23590087890625,-112.3402099609375,-128.45660400390625,-138.95709228515625,-148.08502197265625,-177.52886962890625,-181.31610107421875,-81.789306640625,-193.83349609375,-207.47216796875,-160.5556640625,-224.5576171875,-197.411865234375,-332.66839599609375,-180.9219970703125,-237.46673583984375,-229.52484130859375,-128.61651611328125,-254.70330810546875,-175.02520751953125,-170.905029296875,-164.162841796875,-231.818603515625,-278.8358154296875,-219.162841796875,-182.72015380859375,-277.79449462890625,-282.445068359375,-240.80035400390625,-193.13299560546875,-280.60772705078125,-87.5123291015625,-169.42230224609375,-217.1522216796875,-131.52044677734375,-174.83258056640625,-213.4757080078125,-234.84918212890625,-242.9171142578125,-320.2086181640625,-200.87255859375,-86.19927978515625,-104.5159912109375,-146.65899658203125,-157.67388916015625,-154.54248046875,-206.6846923828125,-162.27838134765625,-66.15899658203125,-72.1827392578125,-57.453125,-192.0545654296875,-82.27044677734375,-114.61370849609375,-79.46453857421875,-79.36859130859375,-57.69610595703125,-127.37982177734375,-81.37353515625,-110.92041015625,-102.7939453125,-79.94775390625,-122.4989013671875,-136.9776611328125,-133.11517333984375,-180.2208251953125,-138.32366943359375,-74.3406982421875,-31.02325439453125,-74.54547119140625,2.14739990234375,-107.65771484375,-118.7608642578125,-120.7564697265625,-114.078125,-39.90765380859375,-43.09625244140625,-10.2811279296875,-12.32525634765625,34.61669921875,16.5162353515625,41.6798095703125,12.876007080078125,-42.76666259765625,73.67868041992188,69.13742065429688
"S231",195.75845336914062,237.42648315429688,211.44088745117188,230.62326049804688,218.62799072265625,226.55789184570312,241.2984619140625,285.1344451904297,184.85137939453125,284.7904052734375,295.23085021972656,297.326416015625,289.5825958251953,292.5326690673828,314.1091766357422,309.52734375,325.51072692871094,307.2067108154297,315.412109375,314.83319091796875,309.83770751953125,310.829345703125,338.7075500488281,324.3199157714844,330.05609130859375,338.49249267578125,319.19927978515625,326.8300018310547,322.91290283203125,311.3927459716797,317.69419860839844,338.9931640625,318.7022247314453,310.1071319580078,307.78440856933594,296.8505401611328,317.3872985839844,306.1038513183594,299.4086151123047,314.0596466064453,307.71319580078125,291.92762756347656,287.3974151611328,263.2008056640625,234.48040771484375,219.12091064453125,206.78347778320312,124.09939575195312,82.08587646484375,97.69436645507812,54.352783203125,45.038848876953125,37.808441162109375,-5.98712158203125,-41.19415283203125,-68.99407958984375,-46.8377685546875,-75.20037841796875,-112.33673095703125,-97.77899169921875,-222.16961669921875,-218.2103271484375,-157.36651611328125,-149.34765625,-173.0596923828125,-165.96624755859375,-126.88543701171875,-134.52105712890625,-142.8875732421875,-125.63714599609375,-146.30755615234375,-161.54302978515625,-167.0638427734375,-147.8531494140625,-162.77099609375,-160.22491455078125,-209.59808349609375,-193.3804931640625,-230.3988037109375,-232.88385009765625,-209.059326171875,-194.284423828125,-202.18035888671875,-193.8289794921875,-210.69781494140625,-150.0491943359375,-143.95697021484375,-153.74169921875,-150.0211181640625,-184.8031005859375,-128.65631103515625,-98.3507080078125,-143.625732421875,-113.79449462890625,-116.74945068359375,-146.267578125,-190.58416748046875,-130.19451904296875,-125.81201171875,-99.39178466796875,-89.87982177734375,-62.98260498046875,-66.16778564453125,-66.8448486328125,-61.099365234375,-88.796142578125,-44.311767578125,-44.70697021484375,-42.86444091796875,-108.6375732421875,-29.16363525390625,-24.3232421875,-13.2667236328125,-30.580322265625,-23.57196044921875,31.18560791015625,34.58038330078125,30.14361572265625,10.57830810546875,40.08502197265625,-14.24981689453125,94.35031127929688,1.825714111328125,127.69338989257812,135.9920654296875,113.77703857421875,166.6649169921875,156.61538696289062,133.5023193359375,129.52813720703125,41.630157470703125,135.91275024414062,153.44528198242188,178.34332275390625,155.47891235351562,147.91671752929688,119.26254272460938,158.58621215820312,182.28933715820312,169.66854858398438,137.66635131835938
"S232",-2.01422119140625,92.0255126953125,-23.8153076171875,27.55670166015625,41.515625,77.191162109375,67.85263061523438,115.87850952148438,-155.13873291015625,115.54745483398438,126.8060302734375,135.701171875,107.47073364257812,143.06802368164062,180.49169921875,160.39810180664062,180.5472412109375,158.34005737304688,159.40383911132812,166.96554565429688,162.1588134765625,156.16351318359375,186.4735107421875,204.17877197265625,190.990234375,202.95779418945312,172.53115844726562,176.13815307617188,205.91232299804688,168.82052612304688,165.87826538085938,201.83035278320312,217.65460205078125,195.43154907226562,211.81842041015625,120.39401245117188,154.62081909179688,233.21865844726562,207.23016357421875,224.411865234375,183.855224609375,139.58956909179688,150.8487548828125,135.50265502929688,51.2037353515625,47.006500244140625,12.804046630859375,-181.24249267578125,-76.6629638671875,-30.98077392578125,-68.146240234375,-88.4368896484375,-27.52239990234375,-56.20361328125,-119.1937255859375,-473.48480224609375,-159.0133056640625,-183.6673583984375,-175.44366455078125,-155.00189208984375,-179.26513671875,-117.6241455078125,-106.896728515625,-149.71875,-175.6217041015625,-326.39288330078125,-126.91229248046875,-134.52105712890625,-135.22015380859375,-123.47222900390625,-110.00262451171875,-202.046875,-215.223876953125,-149.6715087890625,-250.94482421875,-372.39739990234375,-354.53741455078125,-541.2918701171875,-220.039794921875,-138.77093505859375,-175.03216552734375,-267.508544921875,-319.537353515625,-299.544189453125,-272.62548828125,-181.1597900390625,-345.37109375,-268.50689697265625,-346.03411865234375,-298.16485595703125,-496.8963623046875,-295.17376708984375,-338.24468994140625,-631.2755126953125,-291.07720947265625,-277.765380859375,-597.8328857421875,-507.26739501953125,-314.87103271484375,-349.35009765625,-542.407470703125,-354.86480712890625,-321.68280029296875,-333.9088134765625,-428.4793701171875,-348.5296630859375,-329.60443115234375,-369.386962890625,-330.55487060546875,-407.62152099609375,-289.9090576171875,-316.33905029296875,-352.34283447265625,-460.67462158203125,-399.90789794921875,-276.01031494140625,-237.17388916015625,-237.4630126953125,-325.7398681640625,-363.05828857421875,-492.99237060546875,-160.12255859375,-174.80047607421875,-142.16217041015625,-104.77398681640625,-80.54534912109375,-74.6639404296875,-185.3096923828125,-217.93682861328125,-94.4683837890625,-74.19293212890625,-68.24102783203125,-169.2828369140625,-100.55047607421875,-52.205810546875,-78.1043701171875,-42.20416259765625,-45.85479736328125,-2.806396484375,-103.12945556640625,-63.784423828125
"S233",114.40057373046875,179.03677368164062,120.02645874023438,145.919677734375,-3.909637451171875,86.64138793945312,70.2940673828125,224.05889892578125,222.25897216796875,200.86495971679688,269.28697204589844,229.09136962890625,264.39454650878906,288.0525207519531,261.4737854003906,239.55325317382812,283.7653503417969,269.12098693847656,273.54490661621094,313.4241485595703,291.63389587402344,245.9805908203125,305.71063232421875,297.7730712890625,284.1034698486328,323.9827575683594,304.5618591308594,303.81443786621094,304.0040588378906,303.8283386230469,309.36351013183594,314.3523406982422,301.2282257080078,284.25181579589844,312.44578552246094,237.81253051757812,264.61656188964844,288.2647399902344,296.754150390625,268.9616394042969,248.49539184570312,213.77627563476562,214.2210693359375,187.81625366210938,116.08029174804688,134.15744018554688,51.952667236328125,-32.74102783203125,-166.841552734375,-54.795166015625,-122.6929931640625,-127.81207275390625,-120.28839111328125,-233.64300537109375,-237.25726318359375,-240.19781494140625,-171.9822998046875,-416.19586181640625,-318.55078125,-229.33428955078125,-471.289306640625,-274.63934326171875,-276.18524169921875,-277.4647216796875,-294.798095703125,-336.35906982421875,-316.3350830078125,-463.86962890625,-261.72052001953125,-267.61956787109375,-276.9796142578125,-364.29803466796875,-332.57373046875,-225.1195068359375,-347.51580810546875,-375.73101806640625,-550.638427734375,-375.26422119140625,-475.599853515625,-388.64971923828125,-368.3236083984375,-417.375244140625,-413.60748291015625,-400.7694091796875,-652.5343017578125,-439.08087158203125,-514.9563598632812,-620.122802734375,-524.8594970703125,-407.60552978515625,-314.1419677734375,-296.3355712890625,-360.8956298828125,-351.5045166015625,-372.78448486328125,-709.3690185546875,-914.6531982421875,-365.27459716796875,-528.063232421875,-299.40521240234375,-254.825439453125,-350.7557373046875,-371.3055419921875,-478.0106201171875,-390.59527587890625,-421.6962890625,-429.70947265625,-303.89202880859375,-424.95654296875,-413.09942626953125,-350.07196044921875,-330.13665771484375,-244.5889892578125,-230.76556396484375,-217.65118408203125,-128.8128662109375,-171.915283203125,-176.67242431640625,-176.51995849609375,-265.760986328125,-237.97454833984375,-173.72412109375,-130.22467041015625,-0.9935302734375,-98.686279296875,-124.235595703125,-47.7747802734375,-231.4046630859375,-44.85137939453125,-61.353271484375,-152.86431884765625,-55.37066650390625,-34.15374755859375,38.887603759765625,-112.12554931640625,-63.66424560546875,79.85165405273438,60.326690673828125,108.21087646484375,71.838134765625,90.97549438476562
"S234",308.36619567871094,312.2557067871094,183.00027465820312,313.0278778076172,320.9037780761719,321.06617736816406,313.0138244628906,352.0435028076172,321.27488708496094,322.57855224609375,363.3434295654297,338.205078125,359.3900451660156,381.29437255859375,342.1477813720703,338.39637756347656,378.0614242553711,351.1522216796875,350.5408020019531,377.30248260498047,362.6712341308594,365.0094909667969,388.2739562988281,356.3866729736328,338.62786865234375,379.2065124511719,364.58251953125,378.7446594238281,385.1440887451172,366.6534881591797,371.5031433105469,378.4867935180664,350.7547302246094,355.30470275878906,372.1698532104492,341.4814910888672,345.5614776611328,367.86769104003906,339.4158477783203,331.8079833984375,339.66900634765625,290.94898986816406,284.49595642089844,269.1150665283203,196.22921752929688,188.63516235351562,178.2288818359375,112.1910400390625,14.749237060546875,53.15789794921875,16.8331298828125,9.1441650390625,12.717559814453125,-64.9769287109375,-91.7877197265625,-130.158203125,-86.944580078125,-137.969482421875,-181.068603515625,-152.90960693359375,-379.28082275390625,-317.76141357421875,-154.944091796875,-176.48486328125,-257.04522705078125,-208.7952880859375,-171.97930908203125,-214.18603515625,-207.12164306640625,-179.0699462890625,-233.99237060546875,-245.5892333984375,-263.2957763671875,-240.038818359375,-234.99444580078125,-254.3138427734375,-347.0457763671875,-279.6378173828125,-385.8465576171875,-352.852294921875,-282.69012451171875,-282.97235107421875,-327.28289794921875,-303.5821533203125,-330.117919921875,-223.56573486328125,-241.4603271484375,-260.714599609375,-264.51190185546875,-396.9390869140625,-201.55218505859375,-202.2022705078125,-307.33709716796875,-214.99615478515625,-231.17120361328125,-302.19989013671875,-328.3953857421875,-301.11236572265625,-269.49017333984375,-226.57525634765625,-141.47857666015625,-202.4429931640625,-216.35418701171875,-216.42022705078125,-190.1756591796875,-260.57244873046875,-139.28314208984375,-142.76385498046875,-219.7406005859375,-178.836669921875,-143.45782470703125,-155.17706298828125,-92.015380859375,-54.42486572265625,-17.83551025390625,-20.47125244140625,-20.9881591796875,25.286651611328125,62.45050048828125,40.671722412109375,33.04254150390625,51.15386962890625,92.97576904296875,142.44265747070312,128.63543701171875,77.53488159179688,131.58468627929688,54.196990966796875,134.36904907226562,178.35784912109375,142.77413940429688,174.8807373046875,183.11965942382812,217.0211181640625,184.6048583984375,205.03192138671875,226.31539916992188,235.82876586914062,226.46011352539062,238.0826416015625,230.37115478515625
"S235",181.52960205078125,213.40811157226562,-217.69476318359375,180.28775024414062,229.42208862304688,186.87612915039062,200.56207275390625,235.20046997070312,201.71917724609375,229.60025024414062,261.8430938720703,232.88186645507812,243.39706420898438,271.6919708251953,217.05795288085938,237.82528686523438,251.2283935546875,250.39425659179688,238.1578369140625,232.71624755859375,264.1244201660156,256.9636993408203,277.1768035888672,259.8705749511719,198.29931640625,262.54368591308594,276.0623474121094,285.0725555419922,299.77166748046875,283.98472595214844,262.48158264160156,271.1846923828125,268.00367736816406,269.4770812988281,279.07728576660156,272.8874053955078,245.60205078125,268.4998474121094,239.15362548828125,243.99334716796875,242.62579345703125,199.1702880859375,161.56436157226562,97.08914184570312,-32.560302734375,13.286224365234375,2.412017822265625,-123.6805419921875,-296.662109375,-158.75311279296875,-291.85809326171875,-195.207763671875,-309.4454345703125,-396.74737548828125,-404.96624755859375,-534.474609375,-470.8521728515625,-559.793212890625,-753.890869140625,-595.5364990234375,-929.685791015625,-969.090087890625,-593.9635009765625,-667.9395751953125,-826.0762939453125,-695.1702880859375,-648.56982421875,-625.8133544921875,-679.6048583984375,-737.9468994140625,-736.0833740234375,-764.3731689453125,-713.8377685546875,-949.4998779296875,-738.0032958984375,-741.706298828125,-902.4539794921875,-814.053466796875,-826.51220703125,-919.0416259765625,-842.7027587890625,-800.4241943359375,-985.6925048828125,-895.039306640625,-716.2633056640625,-727.5765380859375,-722.9898681640625,-685.38134765625,-729.388427734375,-841.232177734375,-724.4581298828125,-709.1749267578125,-897.2618408203125,-724.8304443359375,-737.6839599609375,-797.1925048828125,-693.4521484375,-905.6573486328125,-658.5941162109375,-925.7452392578125,-650.65185546875,-702.857177734375,-705.699462890625,-672.3909912109375,-604.8341064453125,-890.446533203125,-642.140869140625,-664.355224609375,-616.312255859375,-607.5091552734375,-561.82958984375,-559.4132080078125,-577.8128662109375,-534.417724609375,-378.757080078125,-317.50982666015625,-322.7923583984375,-371.33795166015625,-181.912353515625,-219.647705078125,-208.95416259765625,-125.8072509765625,-137.40509033203125,-94.996337890625,-122.16094970703125,-236.08404541015625,-70.15020751953125,-258.3460693359375,-132.6708984375,-30.54052734375,-49.7933349609375,-111.83050537109375,13.430816650390625,-31.28265380859375,6.95098876953125,69.82196044921875,90.19024658203125,64.474853515625,-27.7647705078125,-37.46405029296875,72.385498046875
"S236",187.06610107421875,169.741943359375,71.31692504882812,208.421875,115.94683837890625,133.02444458007812,189.82693481445312,175.423095703125,150.218017578125,141.37164306640625,174.88018798828125,197.51495361328125,246.66432189941406,234.41314697265625,230.02536010742188,227.84658813476562,260.6728210449219,219.3453369140625,248.42868041992188,252.04510498046875,223.74740600585938,241.60159301757812,290.9457244873047,256.4872131347656,275.37939453125,285.2663879394531,251.3032989501953,283.3943634033203,285.036376953125,257.76527404785156,281.62892150878906,268.20729064941406,254.68458557128906,284.67515563964844,290.0303649902344,252.7704620361328,219.109130859375,242.71435546875,234.27859497070312,236.0677490234375,225.122802734375,135.38320922851562,132.79559326171875,111.07318115234375,93.07699584960938,36.77178955078125,-33.54974365234375,-194.27392578125,-157.587646484375,-212.31280517578125,-356.9122314453125,-476.9813232421875,-593.865966796875,-774.3380126953125,-961.0379638671875,-822.21875,-1169.3218994140625,-942.6588134765625,-1083.8155517578125,-931.6939697265625,-1129.0745849609375,-1012.07275390625,-1060.002197265625,-1094.72119140625,-1190.0413818359375,-1065.0020751953125,-1170.994873046875,-1206.2208251953125,-1137.318603515625,-1535.8760986328125,-1184.694091796875,-1240.4481201171875,-1239.9637451171875,-1177.5289306640625,-1332.2020263671875,-1402.021728515625,-1323.6851806640625,-1489.391845703125,-1654.963134765625,-1337.674560546875,-1365.1741943359375,-1773.068603515625,-1715.480712890625,-1365.7723388671875,-1279.852294921875,-1246.7637939453125,-1258.0672607421875,-1308.19580078125,-1235.46533203125,-1197.375244140625,-1051.3392333984375,-1437.063720703125,-1166.7108154296875,-1122.4293212890625,-1149.2967529296875,-1073.9654541015625,-1011.7479248046875,-1288.8258056640625,-1222.629638671875,-1228.5079345703125,-980.764404296875,-1045.4761962890625,-1089.5867919921875,-976.9320068359375,-856.1566162109375,-986.1878662109375,-833.8382568359375,-929.8565673828125,-1002.135986328125,-767.3018798828125,-823.0853271484375,-830.78125,-560.7574462890625,-789.869384765625,-627.53564453125,-474.20562744140625,-596.95751953125,-452.24395751953125,-298.54644775390625,-237.45782470703125,-381.1536865234375,-183.13372802734375,-188.69830322265625,-212.4786376953125,-300.9786376953125,-341.130615234375,-188.3013916015625,-336.11376953125,-208.4686279296875,-296.94207763671875,-235.85992431640625,-175.38446044921875,-60.76776123046875,-15.96002197265625,-69.17071533203125,3.28387451171875,43.5018310546875,21.393402099609375,-42.61480712890625,-6.495452880859375,-73.6072998046875
"S237",166.3074951171875,203.63998413085938,180.74517822265625,163.87112426757812,206.01806640625,150.8294677734375,207.8763427734375,185.47415161132812,212.54104614257812,215.93411254882812,279.97674560546875,216.97317504882812,248.49887084960938,249.29196166992188,251.42604064941406,246.24159240722656,302.1841125488281,275.12400817871094,275.9696350097656,300.4792785644531,286.1795654296875,250.7131805419922,309.05889892578125,290.20286560058594,280.29502868652344,293.74195861816406,294.5072784423828,277.2037811279297,301.81842041015625,269.59442138671875,252.1179962158203,313.00340270996094,277.4394989013672,264.4115447998047,303.18955993652344,267.00559997558594,259.69459533691406,266.9799346923828,271.61151123046875,222.5673828125,226.25424194335938,212.05291748046875,145.12261962890625,179.61923217773438,111.430908203125,54.10546875,29.484100341796875,-159.71844482421875,-188.349853515625,-280.5198974609375,-556.92529296875,-849.79638671875,-1180.116943359375,-1261.3192138671875,-1257.76318359375,-1352.1446533203125,-1376.0364990234375,-1318.97705078125,-1024.869384765625,-1416.7684326171875,-1390.3896484375,-1437.9320068359375,-1493.40966796875,-1804.989013671875,-1877.044921875,-1416.4114990234375,-1483.289306640625,-1526.7421875,-1554.4658203125,-1577.0537109375,-1797.0498046875,-1347.843994140625,-1543.352294921875,-1531.87255859375,-1431.354248046875,-1511.385009765625,-1445.58251953125,-1496.03076171875,-1569.4130859375,-1697.0927734375,-1509.09716796875,-1609.11181640625,-1769.158447265625,-1799.01904296875,-1593.06298828125,-1502.6854248046875,-1471.128173828125,-1332.130615234375,-1259.6456298828125,-1363.608642578125,-1360.5177001953125,-1444.9512939453125,-1329.7838134765625,-1356.156982421875,-1329.2271728515625,-1510.919921875,-1316.009033203125,-1257.9049072265625,-1358.3212890625,-1375.4383544921875,-1309.831298828125,-1429.372802734375,-1592.718994140625,-1221.2572021484375,-1335.1754150390625,-1277.98193359375,-1382.7818603515625,-1673.741943359375,-1802.227783203125,-1444.8944091796875,-1008.62841796875,-956.866455078125,-802.58056640625,-835.718505859375,-717.3414306640625,-507.5672607421875,-471.253173828125,-603.156494140625,-329.43145751953125,-313.3359375,-394.40264892578125,-305.94232177734375,-375.36224365234375,-208.4815673828125,-177.88458251953125,-269.2138671875,-192.027587890625,-464.11932373046875,-238.08905029296875,-174.87823486328125,-212.0997314453125,-117.576416015625,-68.44036865234375,-109.76611328125,-352.03106689453125,-146.69659423828125,-90.5404052734375,-66.342041015625,-77.0257568359375,-75.85479736328125,-20.7430419921875
"S238",261.46922302246094,225.39932250976562,221.260498046875,244.63197326660156,261.71697998046875,260.61976623535156,283.8333740234375,290.9292907714844,293.52943420410156,283.3596954345703,301.0257568359375,285.2299041748047,280.03663635253906,301.59437561035156,312.82701110839844,300.686767578125,312.6245880126953,322.6354064941406,314.9326171875,328.44488525390625,333.96897888183594,330.6314239501953,348.77049255371094,342.2194519042969,336.7970886230469,339.9408416748047,348.7738494873047,344.6311340332031,347.74267578125,328.39830017089844,340.21836853027344,348.23817443847656,338.6264190673828,336.7885437011719,330.1329345703125,345.04119873046875,315.5506896972656,309.1650695800781,328.41392517089844,308.77813720703125,306.0167236328125,304.3456573486328,282.01271057128906,263.6145324707031,227.59918212890625,192.757568359375,146.02108764648438,35.47186279296875,18.308319091796875,-358.9840087890625,-252.14410400390625,-439.57684326171875,-664.3076171875,-821.9935302734375,-898.2315673828125,-912.0091552734375,-1011.6712646484375,-1033.6722412109375,-965.200439453125,-1005.740966796875,-1167.047119140625,-1186.801025390625,-1320.3699951171875,-1498.5968017578125,-1537.7222900390625,-1505.4794921875,-1431.6741943359375,-1360.8121337890625,-1435.9749755859375,-1449.3077392578125,-1544.3209228515625,-1356.9998779296875,-1380.5615234375,-1388.4886474609375,-1366.9613037109375,-1393.986328125,-1336.5145263671875,-1342.1510009765625,-1388.15771484375,-1466.916748046875,-1374.4886474609375,-1339.4385986328125,-1368.530517578125,-1326.429931640625,-1256.9217529296875,-1177.0074462890625,-1126.5443115234375,-1143.137939453125,-1114.0308837890625,-1133.9757080078125,-1050.991455078125,-1095.5770263671875,-1030.0823974609375,-1052.0076904296875,-1147.012939453125,-1155.3350830078125,-994.5589599609375,-1029.7159423828125,-985.4595947265625,-1002.3787841796875,-952.6090087890625,-1130.7269287109375,-1007.214111328125,-928.4405517578125,-787.0701904296875,-870.1016845703125,-782.571044921875,-834.2041015625,-842.201171875,-762.47509765625,-601.973388671875,-505.23199462890625,-478.440185546875,-361.829345703125,-350.97503662109375,-370.9735107421875,-226.34796142578125,-247.07464599609375,-167.1224365234375,-143.48187255859375,-344.70269775390625,-259.6231689453125,-163.38189697265625,-149.70660400390625,-3.2021484375,-2.374298095703125,-103.41119384765625,-221.46759033203125,18.6177978515625,67.5762939453125,29.947357177734375,-0.278656005859375,34.2003173828125,12.559326171875,-9.286468505859375,-4.862213134765625,-31.81292724609375,46.38763427734375,92.80184936523438,112.14105224609375,84.9561767578125
"S239",288.8803405761719,156.94046020507812,205.65753173828125,235.94683837890625,261.71697998046875,260.61976623535156,283.8333740234375,290.9292907714844,293.52943420410156,302.1272735595703,302.4152069091797,321.8210144042969,333.89532470703125,334.3061981201172,328.81768798828125,326.2673797607422,337.32183837890625,337.29457092285156,341.286865234375,346.38197326660156,333.96897888183594,335.2220458984375,351.3050994873047,352.5428009033203,336.7970886230469,350.09832763671875,355.66131591796875,354.9921112060547,350.133056640625,343.2465057373047,343.16021728515625,352.05767822265625,348.7229919433594,346.1972961425781,352.6048126220703,345.04119873046875,341.6624450683594,332.2882080078125,328.41392517089844,327.876220703125,317.0359344482422,304.3456573486328,282.01271057128906,263.6145324707031,227.59918212890625,192.757568359375,146.02108764648438,35.47186279296875,18.308319091796875,-348.28533935546875,-252.14410400390625,-439.57684326171875,-664.3076171875,-821.9935302734375,-898.2315673828125,-929.2657470703125,-1105.7100830078125,-1056.5833740234375,-1345.2828369140625,-1228.2158203125,-1327.6341552734375,-1295.3912353515625,-1338.1317138671875,-1498.5968017578125,-1547.517822265625,-1633.04296875,-1985.8291015625,-1713.31494140625,-1446.133544921875,-1617.1484375,-1795.217041015625,-1590.46728515625,-1542.7117919921875,-1936.5771484375,-1739.388916015625,-1707.6875,-1642.362548828125,-1678.19140625,-1696.160400390625,-1675.732177734375,-1765.736083984375,-1720.09912109375,-1903.854736328125,-1825.910400390625,-1676.256103515625,-1860.00439453125,-1701.721435546875,-1740.3212890625,-1653.777099609375,-1637.575927734375,-1581.210693359375,-1588.752197265625,-1674.482666015625,-1551.63720703125,-1671.062255859375,-1698.11865234375,-1561.154296875,-1544.5850830078125,-1444.6678466796875,-1663.950927734375,-1733.407958984375,-1549.39208984375,-1587.115966796875,-1349.0013427734375,-1366.144287109375,-1289.7510986328125,-1350.6339111328125,-1149.6790771484375,-1228.1080322265625,-1156.5062255859375,-923.091552734375,-853.7451171875,-866.984375,-690.5938720703125,-606.7598876953125,-570.4920654296875,-565.8133544921875,-522.3626098632812,-368.7764892578125,-373.310546875,-519.9595947265625,-458.738525390625,-392.90887451171875,-330.94964599609375,-168.492431640625,-246.5875244140625,-141.40667724609375,-126.41949462890625,2.859649658203125,43.509765625,29.947357177734375,76.68722534179688,70.32070922851562,16.685028076171875,45.701507568359375,52.858489990234375,76.9207763671875,86.16744995117188,117.82232666015625,114.8233642578125,121.2838134765625
"S240",206.723876953125,196.37481689453125,217.49002075195312,228.31277465820312,238.74057006835938,280.8433837890625,220.56573486328125,194.35397338867188,167.06158447265625,181.50643920898438,211.17633056640625,267.0228576660156,295.68675231933594,309.2095184326172,306.4447479248047,306.0944366455078,324.20196533203125,323.37974548339844,310.6243591308594,297.0011444091797,293.00416564941406,288.8271942138672,308.34385681152344,319.59727478027344,295.8677062988281,297.6443328857422,298.88258361816406,304.5943145751953,318.92100524902344,326.6779022216797,307.4017028808594,311.4771423339844,311.512939453125,308.98582458496094,306.7555389404297,288.24647521972656,285.29730224609375,301.72840881347656,297.2127227783203,277.79502868652344,271.21876525878906,201.29013061523438,164.93951416015625,177.58529663085938,118.45770263671875,73.90399169921875,-0.948455810546875,-103.1385498046875,-230.885009765625,-475.39337158203125,-570.307861328125,-724.959228515625,-1044.7130126953125,-1305.715576171875,-1384.3304443359375,-1469.998291015625,-1985.749267578125,-1643.2880859375,-1813.46728515625,-2014.222412109375,-2333.698974609375,-1969.919189453125,-2223.998046875,-2085.1005859375,-2324.3701171875,-2681.302734375,-2791.8173828125,-2485.129150390625,-2445.10400390625,-2893.171875,-2880.34716796875,-2638.8740234375,-2439.50146484375,-2630.940673828125,-2569.0458984375,-2746.736328125,-2609.53955078125,-2728.808837890625,-2951.1455078125,-2749.059814453125,-2962.499267578125,-2844.622314453125,-2903.5283203125,-2697.2958984375,-2702.590087890625,-2972.024658203125,-2762.58203125,-2752.430908203125,-3075.949951171875,-2809.65771484375,-3037.661376953125,-2988.446044921875,-3069.215087890625,-2722.6171875,-3012.295654296875,-2846.482177734375,-2725.990966796875,-2851.708740234375,-2762.969970703125,-3218.594482421875,-3203.60693359375,-2908.017822265625,-2796.402099609375,-2758.9501953125,-2906.009033203125,-2563.739990234375,-3010.4765625,-2498.14990234375,-2442.502197265625,-2287.187255859375,-2152.37890625,-1999.206787109375,-1835.43798828125,-1688.020263671875,-1517.1524658203125,-1491.9893798828125,-1378.6273193359375,-1399.1004638671875,-968.5933837890625,-970.466064453125,-896.7745361328125,-880.8909912109375,-811.86962890625,-450.90118408203125,-422.72906494140625,-416.1463623046875,-296.9105224609375,-209.85772705078125,-194.6148681640625,-126.8580322265625,-103.8514404296875,-157.0567626953125,-83.62139892578125,-208.38800048828125,-327.68316650390625,-61.6689453125,-41.8779296875,-60.01605224609375,-88.68951416015625,16.520599365234375,11.283294677734375
"S241",206.723876953125,196.37481689453125,217.49002075195312,172.5577392578125,259.2125244140625,280.8433837890625,220.56573486328125,219.80096435546875,167.06158447265625,181.50643920898438,231.5496826171875,267.0228576660156,295.68675231933594,309.2095184326172,306.4447479248047,306.0944366455078,324.20196533203125,323.37974548339844,310.6243591308594,319.58030700683594,293.00416564941406,288.8271942138672,308.34385681152344,321.9446258544922,315.14610290527344,315.54205322265625,333.22511291503906,332.1326904296875,337.7406311035156,344.5645446777344,342.12355041503906,343.5107727050781,337.51148986816406,335.2797088623047,334.9666290283203,324.5218048095703,314.2032928466797,301.72840881347656,297.2127227783203,277.79502868652344,271.21876525878906,229.75457763671875,205.24652099609375,239.945556640625,177.802001953125,94.92092895507812,57.55706787109375,2.93377685546875,-146.38116455078125,-203.6866455078125,-246.2601318359375,-305.643798828125,-488.86114501953125,-615.4996337890625,-740.8116455078125,-849.3521728515625,-884.811767578125,-906.578857421875,-979.9935302734375,-1043.231689453125,-1200.2340087890625,-1234.49951171875,-1250.1265869140625,-1331.717041015625,-1393.427734375,-1384.8271484375,-1453.1373291015625,-1394.8209228515625,-1432.8612060546875,-1436.852783203125,-1475.5601806640625,-1442.036865234375,-1467.298583984375,-1526.93603515625,-1551.442626953125,-1689.115478515625,-1598.565185546875,-1553.333251953125,-1472.6339111328125,-1370.9332275390625,-1325.708984375,-1267.91259765625,-1295.013916015625,-1117.788330078125,-1213.2557373046875,-1220.236572265625,-1276.5389404296875,-1230.88134765625,-1169.6800537109375,-1133.932373046875,-1132.02392578125,-1149.1153564453125,-1196.2615966796875,-1172.6629638671875,-1090.9876708984375,-1081.791259765625,-1102.310546875,-1091.1414794921875,-1055.8443603515625,-1243.331298828125,-1103.085693359375,-1013.0267333984375,-934.5521240234375,-1050.784912109375,-1012.1602783203125,-966.126953125,-1022.332275390625,-1048.630126953125,-1024.9857177734375,-761.83251953125,-675.595703125,-612.18701171875,-714.2955322265625,-578.9559326171875,-469.83685302734375,-439.2164306640625,-525.8353271484375,-381.20654296875,-618.277099609375,-448.2755126953125,-374.75506591796875,-234.19091796875,-213.40704345703125,-209.9730224609375,-264.220458984375,-110.234375,-37.57550048828125,-276.03778076171875,-27.37713623046875,20.128936767578125,13.67340087890625,9.21771240234375,37.95556640625,32.94378662109375,84.5499267578125,72.10299682617188,47.9114990234375,23.009429931640625,82.49700927734375,87.021728515625,78.30538940429688
"S242",57.2451171875,110.4083251953125,90.13262939453125,27.722930908203125,195.35528564453125,224.17864990234375,220.56573486328125,219.80096435546875,179.444091796875,132.93960571289062,267.5743103027344,253.0490264892578,226.22845458984375,302.0903778076172,256.14508056640625,255.67538452148438,304.7906494140625,264.7603454589844,265.17144775390625,301.92201232910156,100.47195434570312,-0.38922119140625,320.2453918457031,269.04954528808594,259.00071716308594,307.7259216308594,255.4286346435547,264.1776580810547,302.14097595214844,263.67832946777344,261.1699523925781,308.13568115234375,260.2863311767578,270.4990539550781,322.28025817871094,261.16517639160156,282.2005920410156,287.1171112060547,262.38072204589844,258.2178955078125,254.7752685546875,220.1717529296875,195.92660522460938,254.32977294921875,153.01617431640625,71.38412475585938,16.929046630859375,3.92645263671875,-146.38116455078125,-203.6866455078125,-272.94415283203125,-305.1490478515625,-488.86114501953125,-615.4996337890625,-740.8116455078125,-944.8187255859375,-884.811767578125,-906.578857421875,-979.9935302734375,-1043.231689453125,-1200.2340087890625,-1234.49951171875,-1410.5601806640625,-1340.470458984375,-1393.427734375,-1384.8271484375,-1942.30615234375,-2076.244873046875,-1561.23046875,-1719.282470703125,-2096.33740234375,-2391.093017578125,-2565.114013671875,-2238.76806640625,-1953.720703125,-2682.224853515625,-2507.380126953125,-2278.178955078125,-3037.810791015625,-3115.142822265625,-2800.0029296875,-2874.2529296875,-2817.064697265625,-2775.816162109375,-3216.412841796875,-2822.4228515625,-3076.605712890625,-3024.914794921875,-2445.74755859375,-2622.3427734375,-2528.208984375,-2696.363525390625,-2908.4619140625,-3030.34814453125,-2397.31884765625,-2658.0849609375,-2480.708251953125,-2385.18603515625,-2614.498046875,-2533.46923828125,-2578.518310546875,-2547.896728515625,-2786.927001953125,-2537.01513671875,-2479.01513671875,-2631.746337890625,-2398.10400390625,-2748.68408203125,-3230.1103515625,-2605.461181640625,-2547.998046875,-2154.8076171875,-2037.242919921875,-2530.2705078125,-2287.450927734375,-1988.1298828125,-2096.294189453125,-1701.90869140625,-1869.5087890625,-1500.189697265625,-1533.4302978515625,-1133.38037109375,-1242.7862548828125,-969.8525390625,-880.619140625,-854.9027099609375,-555.3233642578125,-587.568115234375,-803.188232421875,-826.627685546875,-318.20703125,-374.1026611328125,-411.43341064453125,-199.560302734375,-132.39898681640625,-126.28729248046875,-74.9117431640625,-84.05853271484375,-311.91778564453125,-17.08880615234375,-0.206390380859375
"S243",273.91119384765625,237.9835205078125,259.6813201904297,311.1980895996094,320.24757385253906,330.1259307861328,223.91180419921875,244.60113525390625,232.60028076171875,253.6837921142578,297.4901123046875,302.96771240234375,321.0532989501953,324.60581970214844,328.3711242675781,318.67308044433594,317.3451690673828,308.8313446044922,322.1247253417969,325.9522705078125,337.8925323486328,340.6811981201172,343.83082580566406,348.58294677734375,350.83534240722656,348.8240051269531,347.10401916503906,344.2695770263672,348.11927795410156,349.21327209472656,338.2836151123047,332.4847869873047,334.57899475097656,318.2483367919922,299.8777160644531,277.5914306640625,322.7871551513672,317.72181701660156,318.15171813964844,307.46136474609375,295.53611755371094,271.6208038330078,247.9053497314453,240.77792358398438,97.56155395507812,-3.21343994140625,98.85934448242188,3.92645263671875,-146.38116455078125,-203.6866455078125,-245.65179443359375,-305.1490478515625,-502.25909423828125,-667.8531494140625,-747.4013671875,-849.3521728515625,-884.811767578125,-945.2161865234375,-1054.6253662109375,-1063.4296875,-1264.9381103515625,-1234.49951171875,-1250.1265869140625,-1336.4505615234375,-1317.2928466796875,-1337.34716796875,-1430.62158203125,-1418.18017578125,-1421.141845703125,-1392.6298828125,-1491.0899658203125,-1723.662353515625,-1805.983642578125,-1612.652099609375,-1685.8974609375,-1866.385498046875,-1636.889404296875,-1463.41064453125,-1755.310302734375,-2305.625,-1905.422607421875,-1920.789794921875,-2076.292236328125,-1675.411865234375,-1758.65625,-1883.460693359375,-1896.275634765625,-1808.2841796875,-1536.693603515625,-1627.8583984375,-1604.759765625,-1607.36083984375,-1603.98828125,-1589.6337890625,-1654.838134765625,-1550.207275390625,-1755.46630859375,-1551.6943359375,-1507.22998046875,-2014.3125,-1718.811767578125,-1692.2294921875,-1760.726318359375,-1713.88134765625,-1658.264404296875,-1946.877197265625,-1395.6533203125,-1695.474365234375,-1412.674560546875,-1340.1993408203125,-1139.06689453125,-1283.548095703125,-1271.0360107421875,-1174.9605712890625,-974.3951416015625,-921.8013916015625,-710.0389404296875,-852.7479248046875,-768.5762939453125,-610.816162109375,-561.8341064453125,-519.4996948242188,-423.19378662109375,-560.81884765625,-689.824462890625,-795.36767578125,-541.7681884765625,-492.157958984375,-526.224853515625,-696.7783203125,-465.5748291015625,-451.55755615234375,-446.45111083984375,-344.8424072265625,-253.15966796875,-417.816162109375,-440.8074951171875,-531.8375244140625,-185.4241943359375,-223.6981201171875,66.24993896484375
"S244",136.55520629882812,141.69744873046875,184.02322387695312,206.62338256835938,218.50430297851562,235.63192749023438,215.80743408203125,236.56854248046875,232.60028076171875,251.50399780273438,254.34498596191406,262.8191680908203,244.2318115234375,281.5790252685547,252.59881591796875,250.85101318359375,254.1356964111328,256.42909240722656,245.1094207763672,251.5156707763672,274.7846984863281,257.90771484375,265.2853088378906,281.5989074707031,257.0469970703125,273.3399353027344,280.1240997314453,258.3496398925781,268.0794677734375,285.1263885498047,270.1742858886719,280.8604431152344,294.2194519042969,263.9908447265625,287.3923034667969,285.70623779296875,264.9749298095703,287.31243896484375,266.8264465332031,249.25711059570312,240.126220703125,243.1072998046875,203.23171997070312,189.94454956054688,178.24752807617188,86.01776123046875,80.21578979492188,3.92645263671875,-166.393310546875,-203.6866455078125,-346.20635986328125,-361.96917724609375,-508.77850341796875,-690.264892578125,-765.7218017578125,-1064.904052734375,-964.3912353515625,-1098.1195068359375,-1150.091552734375,-1254.80419921875,-1295.3970947265625,-1243.4627685546875,-1461.179931640625,-1545.6900634765625,-1561.80419921875,-1643.07177734375,-1614.02587890625,-1735.760498046875,-1700.5439453125,-1587.740234375,-1682.79248046875,-1660.685546875,-1878.26708984375,-1839.17041015625,-1788.096435546875,-1932.78173828125,-1687.050048828125,-1690.890625,-1860.20068359375,-1823.14306640625,-1765.24853515625,-1879.819580078125,-2151.1962890625,-2006.205078125,-1797.655517578125,-1940.87109375,-2010.06689453125,-1819.488525390625,-1678.123046875,-1737.872314453125,-1782.700927734375,-1661.388671875,-1688.7607421875,-1718.41650390625,-1794.198486328125,-1760.48388671875,-1976.315673828125,-1834.00830078125,-1665.884033203125,-2019.187744140625,-1882.478759765625,-1677.197509765625,-1707.723388671875,-1589.95166015625,-1656.504638671875,-1483.8341064453125,-1836.204833984375,-1604.602294921875,-1495.9764404296875,-1450.4849853515625,-1450.7620849609375,-1373.581787109375,-1124.8206787109375,-1251.22509765625,-1251.4249267578125,-1248.15283203125,-915.0399169921875,-953.443603515625,-833.925537109375,-650.553955078125,-660.79736328125,-453.385009765625,-556.08544921875,-566.5615234375,-575.1624755859375,-620.5430908203125,-423.3787841796875,-441.83953857421875,-603.970947265625,-424.83526611328125,-426.02728271484375,-548.2109375,-527.445556640625,-370.922607421875,-296.040771484375,-330.12384033203125,-388.0670166015625,-425.558837890625,-166.81646728515625,-80.7469482421875,2.38818359375
"S245",286.53265380859375,281.33436584472656,265.3087615966797,299.1999053955078,308.30992126464844,302.1316375732422,314.04454040527344,346.3078918457031,358.65467834472656,327.7370300292969,351.7232971191406,353.22520446777344,346.64801025390625,369.34742736816406,344.54345703125,356.8971252441406,368.00616455078125,349.4837646484375,346.1800994873047,367.5225067138672,359.99559020996094,361.5548858642578,374.77526092529297,355.7466735839844,348.8238525390625,376.6543884277344,368.31495666503906,353.1421813964844,354.6833801269531,356.3180694580078,359.31085205078125,367.64434814453125,373.1725845336914,342.55877685546875,368.0381774902344,360.8370666503906,349.9665985107422,362.5541229248047,357.722900390625,353.1199493408203,343.59239196777344,329.5129852294922,314.98193359375,289.5791320800781,243.55868530273438,180.9788818359375,141.6484375,25.494415283203125,-118.83160400390625,-203.6866455078125,-245.65179443359375,-305.1490478515625,-502.25909423828125,-690.264892578125,-747.4013671875,-879.9947509765625,-892.2047119140625,-1008.28369140625,-1095.490966796875,-1171.936767578125,-1191.9471435546875,-1243.4627685546875,-1275.4599609375,-1296.91650390625,-1317.2928466796875,-1337.34716796875,-1430.62158203125,-1428.862548828125,-1330.263427734375,-1392.6298828125,-1394.338134765625,-1291.8671875,-1301.9046630859375,-1188.0660400390625,-1129.25830078125,-1153.099609375,-1077.6767578125,-1017.390625,-1049.692138671875,-1061.16162109375,-1026.651123046875,-967.4388427734375,-883.410888671875,-930.359619140625,-908.011962890625,-1041.7982177734375,-982.148681640625,-945.6483154296875,-857.462158203125,-837.4498291015625,-799.215087890625,-763.8819580078125,-845.9610595703125,-1033.6697998046875,-862.4051513671875,-785.0400390625,-975.9940185546875,-749.601318359375,-607.212158203125,-880.0888671875,-632.434814453125,-583.860107421875,-611.10498046875,-578.5909423828125,-585.36279296875,-523.6918334960938,-492.24749755859375,-521.9171142578125,-817.5018310546875,-570.0599365234375,-1067.3280029296875,-887.6275634765625,-370.41754150390625,-744.65966796875,-455.50103759765625,-360.9295654296875,-291.0718994140625,-304.6903076171875,-207.63800048828125,-60.02239990234375,-73.90484619140625,36.847381591796875,-153.39434814453125,-14.9005126953125,43.125762939453125,28.096893310546875,117.29763793945312,124.56414794921875,80.16452026367188,132.6112060546875,117.04388427734375,99.78289794921875,59.183746337890625,95.060302734375,131.29730224609375,158.42819213867188,154.34695434570312,158.65322875976562,100.79583740234375,7.897369384765625,165.92205810546875
"S246",312.6473846435547,323.1632080078125,352.3588409423828,357.3576202392578,367.89501953125,359.8508758544922,360.0280456542969,366.33082580566406,363.1103973388672,373.5380859375,358.2583465576172,370.4656066894531,380.87440490722656,382.09708404541016,381.17144775390625,380.8692626953125,387.6378173828125,385.07017517089844,385.86680603027344,384.81996154785156,391.87806701660156,389.76463317871094,389.20220947265625,389.8517532348633,392.18375396728516,393.36304473876953,396.0267562866211,399.08509063720703,400.2564239501953,398.6330032348633,399.0864791870117,406.32196044921875,403.6648483276367,399.5978240966797,393.7291793823242,391.240478515625,392.63867950439453,379.4232406616211,381.9095993041992,365.907958984375,351.5399169921875,338.3401184082031,319.7501525878906,289.5791320800781,243.55868530273438,201.09652709960938,141.6484375,61.002105712890625,42.66387939453125,8.82025146484375,-37.5699462890625,-72.99566650390625,-68.31964111328125,-181.98944091796875,-162.367431640625,-141.14068603515625,-160.87982177734375,-147.56292724609375,-187.00323486328125,-166.01837158203125,-198.8785400390625,-208.59466552734375,-154.98699951171875,-149.4422607421875,-109.09014892578125,-92.89178466796875,-200.916015625,-81.224609375,-69.83831787109375,-102.75006103515625,-93.73370361328125,-122.6510009765625,-96.685791015625,-60.78350830078125,-85.556396484375,-101.35711669921875,-78.5133056640625,-97.5084228515625,-96.2752685546875,-62.1318359375,-95.15167236328125,-101.49017333984375,-98.4464111328125,-153.894287109375,-145.20196533203125,-151.08709716796875,-74.90765380859375,-60.29144287109375,-51.41796875,-58.7120361328125,-91.12353515625,-63.68353271484375,-70.31719970703125,-51.75543212890625,-54.90625,-22.57989501953125,-68.89288330078125,-73.47747802734375,-65.70819091796875,-34.841796875,-68.82733154296875,-65.6981201171875,-62.30987548828125,-32.193359375,-19.9029541015625,-47.3787841796875,-14.20635986328125,-46.24566650390625,-62.75152587890625,-124.032958984375,-57.62457275390625,-133.1240234375,-72.61370849609375,-49.241943359375,-76.6990966796875,-63.64630126953125,-5.892486572265625,-17.09234619140625,-34.33062744140625,8.4305419921875,18.312042236328125,36.847381591796875,77.99392700195312,96.80960083007812,158.35888671875,166.89273071289062,192.44528198242188,197.61279296875,217.63973999023438,174.25985717773438,158.24237060546875,153.00091552734375,193.57363891601562,227.6878662109375,244.72259521484375,246.77633666992188,263.58018493652344,246.91319274902344,239.935546875,231.14822387695312,240.85519409179688
"S247",312.6473846435547,323.1632080078125,352.3588409423828,357.3576202392578,367.89501953125,359.8508758544922,360.0280456542969,366.33082580566406,363.1103973388672,373.5380859375,358.2583465576172,370.4656066894531,380.87440490722656,382.09708404541016,381.17144775390625,380.8692626953125,387.6378173828125,385.07017517089844,385.86680603027344,384.81996154785156,391.87806701660156,389.76463317871094,389.20220947265625,389.8517532348633,392.18375396728516,393.36304473876953,396.0267562866211,399.08509063720703,400.2564239501953,398.6330032348633,399.0864791870117,406.32196044921875,403.6648483276367,399.5978240966797,393.7291793823242,391.240478515625,392.63867950439453,379.4232406616211,381.9095993041992,365.907958984375,351.5399169921875,338.3401184082031,319.7501525878906,289.5791320800781,243.55868530273438,201.09652709960938,141.6484375,61.002105712890625,42.66387939453125,8.82025146484375,-37.5699462890625,-72.99566650390625,-68.31964111328125,-181.98944091796875,-162.367431640625,-141.14068603515625,-160.87982177734375,-147.56292724609375,-187.00323486328125,-166.01837158203125,-198.8785400390625,-208.59466552734375,-154.98699951171875,-149.4422607421875,-109.09014892578125,-92.89178466796875,-200.916015625,-81.224609375,-69.83831787109375,-102.75006103515625,-93.73370361328125,-122.6510009765625,-96.685791015625,-60.78350830078125,-85.556396484375,-101.35711669921875,-78.5133056640625,-97.5084228515625,-96.2752685546875,-62.1318359375,-95.15167236328125,-101.49017333984375,-98.4464111328125,-153.894287109375,-145.20196533203125,-151.08709716796875,-74.90765380859375,-60.29144287109375,-51.41796875,-58.7120361328125,-91.12353515625,-63.68353271484375,-70.31719970703125,-51.75543212890625,-54.90625,-22.57989501953125,-68.89288330078125,-73.47747802734375,-65.70819091796875,-34.841796875,-68.82733154296875,-65.6981201171875,-62.30987548828125,-32.193359375,-19.9029541015625,-47.3787841796875,-14.20635986328125,-46.24566650390625,-62.75152587890625,-124.032958984375,-57.62457275390625,-133.1240234375,-72.61370849609375,-49.241943359375,-76.6990966796875,-63.64630126953125,-5.892486572265625,-17.09234619140625,-34.33062744140625,8.4305419921875,18.312042236328125,36.847381591796875,77.99392700195312,96.80960083007812,158.35888671875,166.89273071289062,192.44528198242188,197.61279296875,217.63973999023438,174.25985717773438,158.24237060546875,153.00091552734375,193.57363891601562,227.6878662109375,244.72259521484375,246.77633666992188,263.58018493652344,246.91319274902344,239.935546875,231.14822387695312,240.85519409179688
"S248",186.09500122070312,179.90673828125,218.87124633789062,240.73037719726562,227.23245239257812,249.2345428466797,268.5715026855469,277.1249542236328,282.4246063232422,287.0456237792969,293.07252502441406,294.44667053222656,298.2953796386719,306.3214569091797,299.64833068847656,303.3730163574219,310.64585876464844,302.1539306640625,314.3246307373047,316.89540100097656,312.1773681640625,320.30870056152344,328.4881134033203,322.01377868652344,324.6424255371094,324.0646209716797,322.3294677734375,327.5547790527344,335.5510559082031,328.42762756347656,328.3848419189453,334.01731872558594,326.7403869628906,327.4462432861328,323.5498046875,320.04071044921875,319.891845703125,306.1977844238281,300.0449981689453,284.5509338378906,277.2549133300781,254.56155395507812,237.22857666015625,220.12246704101562,178.5438232421875,179.54974365234375,106.07601928710938,61.002105712890625,42.66387939453125,8.82025146484375,-37.5699462890625,-72.99566650390625,-68.31964111328125,-181.98944091796875,-162.367431640625,-141.14068603515625,-160.87982177734375,-147.56292724609375,-187.00323486328125,-166.01837158203125,-198.8785400390625,-208.59466552734375,-154.98699951171875,-149.4422607421875,-109.09014892578125,-92.89178466796875,-200.916015625,-81.224609375,-69.83831787109375,-102.75006103515625,-93.73370361328125,-122.6510009765625,-96.685791015625,-60.78350830078125,-85.556396484375,-101.35711669921875,-78.5133056640625,-97.5084228515625,-96.2752685546875,-62.1318359375,-95.15167236328125,-101.49017333984375,-98.4464111328125,-153.894287109375,-145.20196533203125,-151.08709716796875,-74.90765380859375,-60.29144287109375,-51.41796875,-58.7120361328125,-91.12353515625,-63.68353271484375,-70.31719970703125,-51.75543212890625,-54.90625,-22.57989501953125,-68.89288330078125,-73.47747802734375,-65.70819091796875,-34.841796875,-68.82733154296875,-65.6981201171875,-62.30987548828125,-32.193359375,-19.9029541015625,-47.3787841796875,-14.20635986328125,-46.24566650390625,-62.75152587890625,-124.032958984375,-57.62457275390625,-133.1240234375,-72.61370849609375,-49.241943359375,-76.6990966796875,-63.64630126953125,-5.892486572265625,-17.09234619140625,-34.33062744140625,8.4305419921875,18.312042236328125,35.73297119140625,48.56097412109375,61.39202880859375,37.25250244140625,18.277618408203125,-41.3226318359375,-82.974609375,-40.3477783203125,-21.62042236328125,-23.8092041015625,1.828765869140625,-1.46771240234375,21.872283935546875,31.022979736328125,14.34820556640625,55.99322509765625,45.413055419921875,53.39227294921875,35.56658935546875,82.478759765625
"S249",63.06695556640625,-32.54156494140625,136.62774658203125,141.55389404296875,164.64080810546875,182.32537841796875,183.88851928710938,169.7225341796875,162.79855346679688,163.49203491210938,190.40951538085938,172.31057739257812,190.34429931640625,220.08807373046875,211.17205810546875,230.86309814453125,243.64471435546875,241.51666259765625,251.4143524169922,245.04437255859375,233.69082641601562,250.9078369140625,271.17332458496094,266.79627990722656,279.4130859375,280.90557861328125,273.2281799316406,282.59437561035156,304.5426025390625,295.0010223388672,287.9205017089844,299.1695098876953,285.34242248535156,287.47491455078125,294.67604064941406,279.00950622558594,262.93011474609375,257.00286865234375,257.71116638183594,227.89010620117188,225.722900390625,218.76947021484375,133.87210083007812,89.20501708984375,-5.240570068359375,-35.86102294921875,-56.37139892578125,-65.75787353515625,-47.01934814453125,-62.2034912109375,-40.7515869140625,-70.42578125,-108.83624267578125,-167.2183837890625,-144.71337890625,-139.2158203125,-246.0494384765625,-161.28314208984375,-175.6666259765625,-131.56341552734375,-186.1551513671875,-212.80377197265625,-132.24407958984375,-111.6566162109375,-101.444091796875,-89.96722412109375,-497.86810302734375,-105.07415771484375,-119.40679931640625,-266.1849365234375,-123.16729736328125,-102.47833251953125,-176.12261962890625,-61.77606201171875,-147.6409912109375,-261.905517578125,-97.57879638671875,-175.27532958984375,-179.36328125,-123.07415771484375,-147.0052490234375,-220.577880859375,-212.3310546875,-386.7275390625,-195.52001953125,-249.5045166015625,-139.939697265625,-70.2933349609375,-46.0899658203125,-186.9642333984375,-337.9923095703125,-156.183349609375,-241.7459716796875,-155.63726806640625,-108.11676025390625,-92.53167724609375,-158.27166748046875,-168.1563720703125,-109.25946044921875,-117.7215576171875,-189.99285888671875,-152.451416015625,-175.98797607421875,-102.5960693359375,-99.08026123046875,-184.71990966796875,-209.47039794921875,-101.7574462890625,-172.88275146484375,-226.7227783203125,-136.333740234375,-346.4295654296875,-119.514892578125,-110.3883056640625,-190.1092529296875,-157.01953125,-65.8084716796875,-138.6927490234375,-103.18475341796875,-89.92388916015625,-57.5394287109375,-84.9381103515625,-48.53076171875,-165.09490966796875,-98.841552734375,-170.84228515625,-185.40716552734375,-380.6756591796875,-212.92333984375,-269.76654052734375,-90.7095947265625,-199.49700927734375,-108.3065185546875,-153.1724853515625,-238.64007568359375,-183.499755859375,-214.9237060546875,-111.378173828125,-146.17083740234375,-124.2213134765625,-24.2894287109375
"S250",Infinity,Infinity,Infinity,Infinity,Infinity,Infinity,Infinity,Infinity,Infinity,Infinity,Infinity,Infinity,Infinity,Infinity,Infinity,Infinity,Infinity,Infinity,Infinity,Infinity,Infinity,Infinity,Infinity,Infinity,Infinity,Infinity,Infinity,Infinity,Infinity,Infinity,Infinity,Infinity,Infinity,Infinity,Infinity,Infinity,Infinity,Infinity,Infinity,Infinity,Infinity,Infinity,Infinity,Infinity,Infinity,Infinity,Infinity,Infinity,Infinity,Infinity,Infinity,Infinity,Infinity,Infinity,Infinity,Infinity,Infinity,Infinity,Infinity,Infinity,Infinity,Infinity,Infinity,Infinity,Infinity,Infinity,Infinity,Infinity,Infinity,Infinity,Infinity,Infinity,Infinity,Infinity,Infinity,Infinity,Infinity,Infinity,Infinity,Infinity,Infinity,Infinity,Infinity,Infinity,Infinity,Infinity,Infinity,Infinity,Infinity,Infinity,Infinity,Infinity,Infinity,Infinity,Infinity,Infinity,Infinity,Infinity,Infinity,Infinity,Infinity,Infinity,Infinity,Infinity,Infinity,Infinity,Infinity,Infinity,Infinity,Infinity,Infinity,Infinity,Infinity,Infinity,Infinity,Infinity,Infinity,Infinity,Infinity,Infinity,Infinity,Infinity,Infinity,Infinity,Infinity,Infinity,Infinity,Infinity,Infinity,Infinity,Infinity,Infinity,Infinity,Infinity,Infinity,Infinity,Infinity,Infinity,Infinity,Infinity,Infinity
"S251",24.96087646484375,86.45657348632812,109.8868408203125,122.54058837890625,63.70166015625,132.54879760742188,160.63677978515625,189.99417114257812,190.22793579101562,126.9478759765625,193.92529296875,192.96145629882812,170.13192749023438,174.06707763671875,159.39334106445312,172.38272094726562,199.36026000976562,155.47195434570312,172.64266967773438,182.99209594726562,164.42864990234375,183.22219848632812,185.40255737304688,167.46142578125,189.39328002929688,174.03466796875,245.97958374023438,220.67840576171875,237.52310180664062,241.651123046875,233.93692016601562,230.31491088867188,248.97607421875,241.38623046875,225.36770629882812,210.59701538085938,201.220458984375,216.81948852539062,217.97967529296875,175.13613891601562,164.57144165039062,148.2919921875,136.691162109375,64.354248046875,100.241943359375,91.95321655273438,47.58770751953125,-24.54473876953125,-35.707763671875,-98.1793212890625,-174.7962646484375,-266.29730224609375,-139.51959228515625,-252.62103271484375,-239.40496826171875,-145.76409912109375,-150.7962646484375,-123.08209228515625,-192.22613525390625,-177.95281982421875,-258.451416015625,-229.849853515625,-158.4935302734375,-354.9140625,-292.30352783203125,-244.19757080078125,-308.92718505859375,-284.77618408203125,-319.1025390625,-267.7265625,-236.86578369140625,-240.78955078125,-160.31195068359375,-267.877685546875,-235.735107421875,-226.5665283203125,-252.24407958984375,-282.4326171875,-305.51580810546875,-304.19427490234375,-223.2923583984375,-388.86920166015625,-404.7567138671875,-296.3387451171875,-191.4033203125,-271.63482666015625,-253.64874267578125,-197.1258544921875,-252.6322021484375,-146.352783203125,-181.8533935546875,-254.108154296875,-255.69287109375,-328.067138671875,-412.55426025390625,-290.53240966796875,-196.92724609375,-94.38751220703125,-147.6256103515625,-181.59527587890625,-182.84649658203125,-244.81427001953125,-186.71551513671875,-116.72991943359375,-108.4949951171875,-77.26312255859375,-128.10467529296875,-124.13177490234375,-145.785400390625,-138.3265380859375,-113.9857177734375,-116.494140625,-177.44195556640625,-100.0975341796875,-137.67144775390625,-172.5950927734375,-134.68621826171875,-207.78619384765625,-191.677001953125,-112.71826171875,-168.29913330078125,-232.680908203125,-112.300048828125,-88.567138671875,-125.58880615234375,-41.26751708984375,-137.05438232421875,-127.73187255859375,-180.54931640625,-242.505615234375,-128.71868896484375,-199.21337890625,-277.91510009765625,-99.74237060546875,-56.2601318359375,-92.25762939453125,-4.458587646484375,-52.3486328125,-113.392578125,6.2236328125,-7.28955078125
"S252",73.84603881835938,131.14987182617188,94.53182983398438,148.262939453125,143.16378784179688,147.31527709960938,133.71047973632812,191.07171630859375,203.6741943359375,213.88742065429688,227.64578247070312,212.41256713867188,202.6365966796875,214.20761108398438,221.475830078125,234.22259521484375,231.62158203125,228.32888793945312,230.6751708984375,234.191650390625,233.54241943359375,229.61764526367188,244.87283325195312,251.8313751220703,252.409423828125,265.8155212402344,264.29071044921875,269.63978576660156,271.412109375,267.5888671875,274.4579162597656,273.90411376953125,271.0311584472656,275.9346618652344,272.96937561035156,193.02743530273438,192.221435546875,234.35137939453125,243.85919189453125,250.1142120361328,233.9588623046875,206.78875732421875,210.80084228515625,170.10659790039062,103.13247680664062,84.66241455078125,71.73956298828125,-57.95648193359375,-55.22418212890625,-8.30120849609375,-33.32720947265625,-49.6591796875,-4.529754638671875,-7.9580078125,-55.9432373046875,-221.0203857421875,-140.45404052734375,-136.1651611328125,-139.37823486328125,-104.63507080078125,-222.16961669921875,-218.2103271484375,-157.36651611328125,-149.34765625,-173.0596923828125,-173.69384765625,-126.88543701171875,-134.52105712890625,-142.8875732421875,-125.63714599609375,-146.30755615234375,-161.54302978515625,-167.0638427734375,-147.8531494140625,-162.77099609375,-200.5145263671875,-225.33807373046875,-278.57373046875,-239.44097900390625,-232.88385009765625,-209.059326171875,-194.284423828125,-202.18035888671875,-193.8289794921875,-210.69781494140625,-150.0491943359375,-187.85308837890625,-193.67340087890625,-221.61712646484375,-184.8031005859375,-260.654052734375,-222.22930908203125,-232.2344970703125,-335.17340087890625,-258.9501953125,-248.322509765625,-375.56103515625,-322.474853515625,-259.1285400390625,-233.432861328125,-308.6278076171875,-272.697509765625,-248.93524169921875,-233.21014404296875,-276.141357421875,-259.93646240234375,-241.20892333984375,-227.59222412109375,-225.5667724609375,-243.0125732421875,-180.69775390625,-203.286376953125,-202.36578369140625,-241.8558349609375,-256.13568115234375,-167.482666015625,-134.54351806640625,-130.68511962890625,-141.02301025390625,-129.95758056640625,-138.0361328125,-86.14141845703125,-75.74188232421875,-74.831298828125,-46.7440185546875,-28.07391357421875,10.813385009765625,-38.10052490234375,-55.8497314453125,-37.43707275390625,-24.846923828125,12.91845703125,-26.4522705078125,1.706298828125,5.73504638671875,-3.009033203125,45.68408203125,49.846038818359375,65.46063232421875,14.93218994140625,27.26263427734375
"S253",20.101654052734375,96.04129028320312,82.57427978515625,148.262939453125,161.191650390625,101.39520263671875,157.48501586914062,161.72604370117188,223.55520629882812,183.5877685546875,208.23651123046875,182.73434448242188,169.87374877929688,202.812744140625,219.28369140625,220.65731811523438,203.94866943359375,223.8199462890625,215.89321899414062,211.41265869140625,228.0777587890625,223.67352294921875,219.46942138671875,257.0738220214844,237.60498046875,254.3148956298828,258.82325744628906,265.03515625,253.70082092285156,267.1502227783203,270.77894592285156,250.36883544921875,271.9888000488281,277.8591003417969,254.28858947753906,32.425262451171875,162.05841064453125,240.90988159179688,274.96229553222656,253.5716094970703,228.34222412109375,212.98526000976562,207.49728393554688,102.76296997070312,-13.53497314453125,79.13406372070312,5.944793701171875,-53.6265869140625,-25.0379638671875,3.795684814453125,-78.384033203125,-102.58428955078125,-54.9769287109375,-131.17718505859375,-163.52386474609375,-270.82281494140625,-127.001708984375,-171.95404052734375,-313.4052734375,-257.015380859375,-222.16961669921875,-256.05841064453125,-290.13848876953125,-266.35174560546875,-358.5426025390625,-476.556396484375,-260.475830078125,-361.18865966796875,-259.408447265625,-297.5313720703125,-313.3961181640625,-340.16644287109375,-358.0013427734375,-249.20477294921875,-291.8997802734375,-366.01446533203125,-247.12939453125,-298.78839111328125,-354.424560546875,-331.05072021484375,-327.9359130859375,-359.65032958984375,-463.538818359375,-335.94482421875,-383.71240234375,-305.6558837890625,-734.8756103515625,-569.2701416015625,-651.8319091796875,-299.8203125,-458.12335205078125,-343.4559326171875,-394.460693359375,-340.4085693359375,-360.057373046875,-534.598876953125,-343.572998046875,-459.80859375,-335.7542724609375,-285.32196044921875,-340.7501220703125,-391.17333984375,-316.8251953125,-338.09210205078125,-445.47613525390625,-423.47503662109375,-592.85009765625,-419.424560546875,-413.42584228515625,-435.788330078125,-270.45025634765625,-356.30694580078125,-310.95733642578125,-471.0140380859375,-574.1605224609375,-215.14373779296875,-183.780029296875,-173.2218017578125,-228.18524169921875,-267.9683837890625,-167.56622314453125,-111.07080078125,-107.31939697265625,-281.26702880859375,-230.96087646484375,-113.5443115234375,-134.3541259765625,-309.88873291015625,-173.1380615234375,-78.1641845703125,-93.35345458984375,-61.02337646484375,-308.77496337890625,-176.88690185546875,-13.09423828125,-91.26263427734375,-37.19964599609375,-62.96868896484375,-12.6522216796875,-267.84088134765625,-119.528564453125
"S254",-241.16705322265625,-47.20513916015625,-22.9832763671875,48.435333251953125,76.86077880859375,59.89471435546875,-194.5,40.9632568359375,75.41482543945312,59.541534423828125,145.60977172851562,87.80792236328125,41.01788330078125,102.31466674804688,80.29208374023438,116.36181640625,142.08648681640625,124.74551391601562,141.8182373046875,149.19036865234375,157.62149047851562,149.34136962890625,173.41094970703125,153.11105346679688,169.79153442382812,160.69729614257812,189.51937866210938,161.54693603515625,213.78988647460938,201.06524658203125,196.37841796875,207.60568237304688,186.3104248046875,195.52838134765625,199.40768432617188,73.45306396484375,116.59201049804688,185.13784790039062,175.59249877929688,88.37481689453125,142.79568481445312,78.4246826171875,83.21429443359375,57.9090576171875,-205.6707763671875,-47.3375244140625,-82.18511962890625,-188.81536865234375,-322.3603515625,-126.9892578125,-190.45477294921875,-269.39739990234375,-194.4178466796875,-348.3267822265625,-355.34417724609375,-351.367919921875,-325.860595703125,-316.27557373046875,-453.40106201171875,-347.68084716796875,-633.460693359375,-379.917236328125,-487.93792724609375,-437.55377197265625,-453.5284423828125,-514.290283203125,-369.6712646484375,-427.019287109375,-404.51434326171875,-423.75616455078125,-464.58935546875,-551.5064697265625,-421.29339599609375,-334.4224853515625,-400.6732177734375,-427.9295654296875,-385.85797119140625,-388.64959716796875,-458.8104248046875,-393.95916748046875,-416.520263671875,-473.3916015625,-462.55426025390625,-456.6922607421875,-527.2802734375,-424.4615478515625,-882.96044921875,-675.75537109375,-799.7060546875,-455.205078125,-531.9908447265625,-429.88641357421875,-466.6358642578125,-503.21282958984375,-459.177734375,-709.626953125,-675.1611328125,-485.80706787109375,-451.7120361328125,-364.5142822265625,-722.7103271484375,-452.3131103515625,-437.75714111328125,-517.3713989257812,-566.0440673828125,-540.7064208984375,-655.196044921875,-745.28857421875,-750.2454833984375,-577.71337890625,-477.96441650390625,-673.1094970703125,-505.90191650390625,-556.8702392578125,-575.865234375,-372.91595458984375,-274.6744384765625,-261.93218994140625,-302.9183349609375,-317.40191650390625,-345.44915771484375,-460.59588623046875,-162.07733154296875,-389.06182861328125,-348.16400146484375,-351.49053955078125,-167.23028564453125,-292.35931396484375,-190.52276611328125,-173.94415283203125,-177.859130859375,-126.841796875,-264.0169677734375,-178.29071044921875,-104.1033935546875,-143.983154296875,-33.29437255859375,-135.478271484375,-79.080078125,-231.56561279296875,-96.09844970703125
"S255",184.94964599609375,242.412109375,230.56976318359375,267.6035461425781,292.4202117919922,296.6894836425781,194.2923583984375,290.1494903564453,289.9588928222656,295.3271484375,327.8949279785156,290.99085998535156,290.5872039794922,303.48248291015625,297.2274169921875,320.86158752441406,326.748779296875,321.6605529785156,333.5747985839844,331.39576721191406,332.0664520263672,337.947509765625,333.94639587402344,306.9895782470703,334.31446838378906,328.47625732421875,343.3217010498047,324.21095275878906,353.060791015625,341.46087646484375,339.4453125,354.154541015625,330.9096221923828,338.7679748535156,346.7900390625,347.79676818847656,310.4127655029297,329.9632568359375,303.52842712402344,290.7622528076172,312.3685607910156,264.1884307861328,275.32366943359375,273.2624816894531,162.63623046875,193.90512084960938,207.4581298828125,125.816650390625,72.6314697265625,122.14163208007812,81.51348876953125,63.038482666015625,59.621551513671875,18.981292724609375,-13.37701416015625,1.239166259765625,13.75592041015625,5.889739990234375,-25.998291015625,-12.65618896484375,-136.44415283203125,-117.6241455078125,-68.417724609375,-57.66937255859375,-78.83331298828125,-72.4149169921875,-38.92132568359375,-46.2047119140625,-53.6805419921875,-39.0008544921875,-57.84246826171875,-71.0264892578125,-139.82489013671875,-60.53045654296875,-74.197265625,-72.63494873046875,-116.87841796875,-102.77294921875,-135.69921875,-138.77093505859375,-118.5379638671875,-105.4720458984375,-114.08258056640625,-107.1314697265625,-122.298583984375,-70.03173828125,-131.9483642578125,-89.1954345703125,-71.367431640625,-103.26446533203125,-53.888671875,-27.75042724609375,-68.750732421875,-76.24981689453125,-83.051513671875,-77.80096435546875,-130.62298583984375,-60.8154296875,-57.83447265625,-34.7509765625,-147.12591552734375,-45.179931640625,-41.85369873046875,-75.67730712890625,-86.2774658203125,-70.470947265625,-70.73583984375,-146.48321533203125,-148.3829345703125,-45.177001953125,-27.13604736328125,-89.66748046875,-12.5965576171875,36.44140625,47.90130615234375,69.78564453125,105.23117065429688,85.58401489257812,75.46694946289062,123.015380859375,80.64205932617188,38.96893310546875,168.557373046875,82.576904296875,113.16119384765625,65.22540283203125,153.8699951171875,95.64389038085938,128.20303344726562,142.80477905273438,84.6689453125,177.849365234375,148.70346069335938,165.64822387695312,94.34478759765625,102.9415283203125,144.0489501953125,124.48394775390625,126.99261474609375,147.53302001953125,197.68170166015625
"S256",101.5260009765625,153.146728515625,48.366058349609375,135.00924682617188,208.359130859375,167.64669799804688,146.97772216796875,227.286376953125,190.70327758789062,212.9482421875,241.99298095703125,212.69146728515625,218.57806396484375,204.83782958984375,149.47848510742188,235.260498046875,196.51663208007812,186.47384643554688,224.25759887695312,232.49508666992188,244.49058532714844,255.63076782226562,239.24237060546875,243.12948608398438,273.2640075683594,254.04922485351562,255.8996124267578,275.1156921386719,265.5823974609375,251.76097106933594,272.00909423828125,246.61195373535156,243.09756469726562,282.9317626953125,267.91969299316406,240.42898559570312,252.1802978515625,232.21038818359375,204.13742065429688,244.80242919921875,185.71157836914062,183.81369018554688,169.296630859375,129.546630859375,106.74200439453125,33.078948974609375,-2.885406494140625,-160.29931640625,-310.249755859375,-89.42626953125,-172.507568359375,-176.5372314453125,-223.43975830078125,-544.6256103515625,-421.35357666015625,-439.86968994140625,-339.84515380859375,-558.1763916015625,-626.8359375,-578.5997314453125,-658.254150390625,-692.17919921875,-515.3126831054688,-671.267578125,-673.3621826171875,-685.62158203125,-541.6846923828125,-431.447509765625,-463.7236328125,-624.3941650390625,-674.49755859375,-696.4429931640625,-590.762451171875,-574.0802001953125,-621.2847900390625,-668.8194580078125,-813.46630859375,-702.0010986328125,-649.415283203125,-869.54345703125,-684.1292724609375,-633.9368896484375,-757.0526123046875,-749.621826171875,-702.997802734375,-697.527099609375,-672.21435546875,-553.1097412109375,-632.98046875,-606.67431640625,-585.8203125,-589.9620361328125,-720.509033203125,-615.83251953125,-681.359619140625,-582.5845947265625,-538.1763916015625,-634.58203125,-536.3406982421875,-745.6966552734375,-610.2841796875,-691.1278076171875,-713.12646484375,-600.083740234375,-564.749267578125,-629.5316162109375,-668.5,-774.64599609375,-595.3502197265625,-492.81146240234375,-626.45849609375,-515.824462890625,-535.31103515625,-574.755615234375,-658.178955078125,-411.21630859375,-499.93585205078125,-800.21240234375,-351.3367919921875,-279.2779541015625,-245.609130859375,-239.84722900390625,-205.1737060546875,-348.77215576171875,-219.62255859375,-365.4749755859375,-212.98236083984375,-315.06298828125,-240.4681396484375,-220.71343994140625,-142.52752685546875,-462.26129150390625,-167.47418212890625,-133.04266357421875,-43.87939453125,-55.9774169921875,14.441131591796875,-86.9661865234375,-159.67901611328125,-43.22698974609375,-90.789306640625
"S257",49.753936767578125,98.10687255859375,17.592041015625,40.773651123046875,98.60845947265625,74.458740234375,100.4190673828125,175.38421630859375,129.6392822265625,157.18798828125,196.94931030273438,159.3519287109375,188.18646240234375,190.45846557617188,125.47439575195312,195.12945556640625,190.43701171875,165.00946044921875,184.06341552734375,209.41262817382812,191.70928955078125,212.87722778320312,221.20782470703125,195.31448364257812,241.91195678710938,221.24853515625,206.72616577148438,240.08950805664062,245.07608032226562,204.72708129882812,233.80990600585938,220.69967651367188,206.21722412109375,240.56393432617188,243.08096313476562,198.36697387695312,199.9031982421875,194.1474609375,167.75143432617188,195.02862548828125,141.10797119140625,116.32754516601562,99.67333984375,71.0084228515625,-16.59466552734375,-141.05657958984375,-137.36181640625,-338.68109130859375,-459.39569091796875,-473.2076416015625,-592.3814697265625,-682.972412109375,-709.767822265625,-956.63720703125,-968.1829833984375,-956.0682373046875,-998.0146484375,-1115.6297607421875,-1121.1192626953125,-1088.497314453125,-1271.258056640625,-1163.4365234375,-1014.5792236328125,-1418.808349609375,-1309.426025390625,-1260.5826416015625,-1091.8089599609375,-1167.1981201171875,-1171.308349609375,-1220.3851318359375,-1265.4139404296875,-1179.9737548828125,-1061.61181640625,-1094.67333984375,-1243.6055908203125,-1308.3389892578125,-1336.1048583984375,-1318.6763916015625,-1320.577880859375,-1502.751708984375,-1287.25146484375,-1290.2481689453125,-1333.0289306640625,-1322.8382568359375,-1329.9737548828125,-1340.06396484375,-1338.0439453125,-1192.376708984375,-1224.885498046875,-1191.0498046875,-1234.2740478515625,-1217.37451171875,-1339.681396484375,-1196.6397705078125,-1254.703125,-1121.1212158203125,-1101.45263671875,-1157.205810546875,-1221.6409912109375,-1390.009765625,-1252.3446044921875,-1195.9874267578125,-1259.699462890625,-1147.070556640625,-1288.747802734375,-1209.958740234375,-1314.67724609375,-1368.571044921875,-1257.0787353515625,-1235.9375,-1207.961181640625,-1160.791015625,-1024.8677978515625,-1077.31396484375,-1046.6865234375,-899.6007080078125,-935.697021484375,-1045.106689453125,-642.5384521484375,-509.09649658203125,-558.655517578125,-498.5386962890625,-442.35870361328125,-498.3055419921875,-420.28515625,-547.4720458984375,-479.04351806640625,-429.34930419921875,-403.0343017578125,-282.275634765625,-278.44842529296875,-530.480712890625,-319.16107177734375,-264.33929443359375,-192.0665283203125,-145.322509765625,-102.70648193359375,-217.7906494140625,-285.11297607421875,-219.7657470703125,-260.4195556640625
"S258",65.76730346679688,137.2662353515625,77.11508178710938,7.53704833984375,43.540802001953125,50.753082275390625,139.78506469726562,192.5721435546875,157.54498291015625,163.4559326171875,208.23825073242188,164.02252197265625,216.12075805664062,241.559814453125,186.3880615234375,214.2872314453125,252.0172119140625,212.33981323242188,201.32785034179688,246.0686798095703,201.92822265625,237.00738525390625,257.4740905761719,197.50924682617188,246.65701293945312,230.83526611328125,211.14743041992188,253.07533264160156,266.35308837890625,205.790283203125,239.87384033203125,258.16033935546875,238.20916748046875,194.14981079101562,248.4295196533203,226.70394897460938,207.96804809570312,216.93984985351562,201.72232055664062,184.12173461914062,155.469482421875,128.74920654296875,93.83322143554688,103.98101806640625,-101.54364013671875,-220.53271484375,-134.59429931640625,-331.590576171875,-415.40728759765625,-763.2235107421875,-930.541015625,-1140.277587890625,-1179.1683349609375,-1152.4569091796875,-1319.501220703125,-1386.7635498046875,-1483.8692626953125,-1571.413818359375,-1436.0584716796875,-1481.8616943359375,-1816.347412109375,-1509.598388671875,-1370.05078125,-2110.66015625,-1865.671142578125,-1746.98583984375,-1542.822021484375,-1954.421142578125,-1816.47119140625,-1716.347412109375,-1751.667236328125,-1490.577880859375,-1500.7999267578125,-1566.837646484375,-1746.734375,-1883.4375,-1710.607177734375,-1827.23974609375,-1907.21337890625,-1930.17822265625,-1717.29052734375,-1780.44677734375,-1727.020263671875,-1641.04150390625,-1644.52734375,-1801.572021484375,-1842.677001953125,-1780.687744140625,-1662.440185546875,-1652.452880859375,-1814.706298828125,-1766.882080078125,-1786.12060546875,-1690.379638671875,-1684.88427734375,-1606.986572265625,-1586.59765625,-1558.55859375,-1726.023681640625,-1890.318359375,-1792.11767578125,-1519.7479248046875,-1668.76611328125,-1507.1343994140625,-1944.984130859375,-1672.185791015625,-1788.56298828125,-1808.34375,-1872.71533203125,-1958.30126953125,-1672.567138671875,-1729.87353515625,-1298.60986328125,-1357.8455810546875,-1148.50634765625,-1236.9515380859375,-1237.0528564453125,-962.0042724609375,-762.2554931640625,-597.47509765625,-672.2109375,-624.387939453125,-535.6351318359375,-400.87945556640625,-477.5894775390625,-511.10369873046875,-571.12060546875,-370.26849365234375,-374.36016845703125,-147.03131103515625,-246.06317138671875,-304.6763916015625,-305.975341796875,-261.7430419921875,-264.62225341796875,-124.1109619140625,-180.863525390625,-240.092041015625,-317.05810546875,-340.956787109375,-294.843505859375
"S259",233.32955932617188,176.47735595703125,205.65753173828125,235.94683837890625,221.55807495117188,252.16860961914062,283.8333740234375,277.51976013183594,290.3806610107422,284.1260223388672,271.88282775878906,289.3346252441406,289.6674499511719,275.7517852783203,286.8473663330078,301.3574523925781,296.5706481933594,301.7705383300781,308.68873596191406,296.628173828125,321.7752227783203,317.42173767089844,315.7559814453125,296.41151428222656,289.4767150878906,268.9745178222656,309.2486267089844,326.996826171875,305.3329162597656,275.4842224121094,323.93524169921875,302.63658142089844,313.4384765625,145.380126953125,262.41998291015625,302.8002166748047,289.97242736816406,274.24122619628906,285.1565704345703,266.1504211425781,246.72952270507812,274.77854919433594,256.98658752441406,235.60568237304688,195.87759399414062,192.757568359375,117.5201416015625,35.47186279296875,-13.81390380859375,-235.2066650390625,-270.12298583984375,-439.57684326171875,-664.3076171875,-821.9935302734375,-898.2315673828125,-892.7637939453125,-928.512451171875,-1056.4586181640625,-965.200439453125,-988.951904296875,-1128.1015625,-1112.7152099609375,-1025.111328125,-1180.8232421875,-1179.713134765625,-1169.0120849609375,-1049.4222412109375,-1054.2021484375,-1099.0638427734375,-1092.632568359375,-1117.6905517578125,-1070.7091064453125,-1043.4407958984375,-1119.1884765625,-1067.4005126953125,-1153.56201171875,-1142.6722412109375,-1211.7003173828125,-1272.7581787109375,-1342.339599609375,-1171.455322265625,-1371.6688232421875,-1369.28955078125,-1239.4208984375,-1211.955810546875,-1241.2481689453125,-1263.400634765625,-1113.9332275390625,-1195.3443603515625,-1075.6068115234375,-1031.7333984375,-1164.0140380859375,-1030.0823974609375,-1021.580078125,-1056.29296875,-1019.341064453125,-1167.3245849609375,-989.01123046875,-943.95849609375,-1002.3787841796875,-1028.4547119140625,-987.8194580078125,-1107.2003173828125,-1015.3424072265625,-871.9832763671875,-912.407958984375,-885.5836181640625,-888.12060546875,-873.3409423828125,-881.861572265625,-970.6690673828125,-812.5233154296875,-647.0,-697.06591796875,-512.6292724609375,-511.14495849609375,-414.0174560546875,-319.7349853515625,-312.513916015625,-248.561279296875,-246.07208251953125,-226.59820556640625,-187.0718994140625,-165.413330078125,-57.38189697265625,-41.42510986328125,-58.380859375,-148.40289306640625,-38.123291015625,43.194427490234375,29.947357177734375,17.144287109375,21.035980224609375,27.495941162109375,-145.63916015625,7.6827392578125,0.818389892578125,19.685791015625,60.229400634765625,83.50277709960938,85.67953491210938
"S260",173.07205200195312,-9.754302978515625,173.26223754882812,189.16293334960938,186.34268188476562,177.53680419921875,162.3660888671875,210.67013549804688,168.09469604492188,103.5684814453125,204.11639404296875,207.96810913085938,197.69552612304688,208.57876586914062,178.08355712890625,202.02197265625,193.17977905273438,235.23211669921875,253.30038452148438,224.6710205078125,249.87062072753906,239.06417846679688,243.84396362304688,245.78443908691406,245.44956970214844,267.1552734375,240.85626220703125,220.48123168945312,249.7679901123047,281.58856201171875,245.74038696289062,245.7084197998047,253.69166564941406,237.63546752929688,251.9740753173828,241.10333251953125,252.1599578857422,229.95379638671875,227.88656616210938,206.2178955078125,195.33538818359375,219.2283935546875,163.25067138671875,140.0517578125,66.621337890625,83.15036010742188,-41.83990478515625,-36.8270263671875,-184.6907958984375,-371.62664794921875,-618.3824462890625,-738.605712890625,-916.8160400390625,-1037.9423828125,-1254.5386962890625,-1630.12353515625,-1656.25537109375,-2035.997802734375,-2051.505126953125,-1836.572265625,-1812.453857421875,-1911.601806640625,-1810.4794921875,-1913.635986328125,-2027.709228515625,-2195.96923828125,-2218.495849609375,-2297.10888671875,-2197.968994140625,-2190.619140625,-2125.90185546875,-2218.0029296875,-2145.490966796875,-2517.601806640625,-2326.08154296875,-2543.069580078125,-2462.3037109375,-2437.3466796875,-2549.5400390625,-2364.143310546875,-2565.3173828125,-2679.098876953125,-2713.1884765625,-2569.82275390625,-2809.07763671875,-2714.1142578125,-2515.0986328125,-2753.407470703125,-2972.731201171875,-2315.766845703125,-2256.03955078125,-2465.671630859375,-2527.907958984375,-2329.873046875,-2789.87109375,-2512.028564453125,-2582.016845703125,-2467.130615234375,-2330.894287109375,-2264.429443359375,-2390.388427734375,-2230.585205078125,-2588.302001953125,-2193.621826171875,-2317.23583984375,-2118.3076171875,-2273.262451171875,-2260.47509765625,-2178.10693359375,-1919.666748046875,-1965.309326171875,-1685.2705078125,-1761.30810546875,-1607.538330078125,-1382.994384765625,-1408.4674072265625,-1352.5523681640625,-1226.42578125,-1143.368408203125,-1069.7491455078125,-1274.024169921875,-1062.9801025390625,-1157.71240234375,-1103.2689208984375,-854.4339599609375,-593.36181640625,-751.4044189453125,-1019.10986328125,-977.0718994140625,-771.325927734375,-1597.916015625,-1082.1630859375,-503.6011962890625,-492.4970703125,-599.11474609375,-528.6201171875,-366.35894775390625,-430.58953857421875,-299.31982421875,-229.69989013671875,-117.31634521484375
"S261",94.44613647460938,112.43319702148438,174.79879760742188,176.04379272460938,228.7611083984375,137.31790161132812,172.81387329101562,182.82098388671875,132.79891967773438,156.4298095703125,206.333740234375,181.12112426757812,236.42086791992188,239.91403198242188,250.42617797851562,254.85504150390625,279.3671112060547,278.4850311279297,276.1151428222656,284.5834045410156,289.06520080566406,274.74188232421875,284.2081756591797,300.1049499511719,295.8677062988281,297.6443328857422,298.88258361816406,298.3428497314453,296.67994689941406,304.7416229248047,295.76597595214844,304.6901550292969,307.42942810058594,271.27906799316406,298.70079040527344,288.24647521972656,285.29730224609375,247.29214477539062,237.10723876953125,208.22210693359375,220.72833251953125,142.70095825195312,24.9451904296875,55.566619873046875,-16.99566650390625,-28.12750244140625,-90.47296142578125,-247.8006591796875,-381.07696533203125,-510.98028564453125,-586.384765625,-823.4808349609375,-1241.032958984375,-1907.191650390625,-2077.47265625,-2085.6435546875,-2487.91796875,-2289.385009765625,-2455.37744140625,-2484.848876953125,-3175.904296875,-2511.439453125,-2859.2646484375,-2898.532958984375,-3156.087158203125,-2807.985107421875,-3091.94189453125,-3072.186767578125,-3340.500732421875,-3244.825927734375,-3281.641357421875,-3032.28759765625,-3248.567138671875,-3569.10986328125,-3372.685791015625,-3202.79541015625,-3582.15869140625,-3879.27001953125,-4074.8388671875,-3928.15966796875,-3889.37744140625,-3872.52880859375,-3879.6865234375,-3616.45751953125,-3455.52783203125,-3493.607177734375,-3616.443359375,-3616.4736328125,-3568.674560546875,-3462.337158203125,-3381.787109375,-3427.46337890625,-3312.88818359375,-3457.750732421875,-3391.790771484375,-3466.50537109375,-3834.91748046875,-3620.30908203125,-3113.224365234375,-3307.45751953125,-3282.525146484375,-3562.314208984375,-3042.831298828125,-3292.34130859375,-2916.9892578125,-2865.60791015625,-3171.16455078125,-2646.65869140625,-2795.066650390625,-2655.1298828125,-2547.631103515625,-2392.80615234375,-2199.046142578125,-1959.650390625,-2435.88330078125,-2096.4453125,-1647.222412109375,-1836.48876953125,-1454.470703125,-1499.9136962890625,-1231.46240234375,-1252.5264892578125,-1108.2130126953125,-846.28955078125,-1015.9722900390625,-772.3896484375,-657.4178466796875,-478.23016357421875,-575.8983154296875,-449.609619140625,-518.5993041992188,-509.306884765625,-449.74420166015625,-627.474853515625,-367.77642822265625,-358.5311279296875,-349.36944580078125,-245.01953125,-293.856201171875,-246.2943115234375,-492.82537841796875
"S262",94.44613647460938,112.43319702148438,174.79879760742188,195.93450927734375,229.9400634765625,242.51971435546875,205.05233764648438,194.35397338867188,132.79891967773438,156.4298095703125,206.333740234375,181.12112426757812,238.77566528320312,247.90220642089844,277.1521301269531,254.85504150390625,279.3671112060547,278.4850311279297,283.5810546875,298.44081115722656,289.06520080566406,274.74188232421875,284.2081756591797,300.1049499511719,295.8677062988281,297.6443328857422,298.88258361816406,304.5943145751953,296.67994689941406,304.7416229248047,297.55189514160156,304.6901550292969,307.42942810058594,307.34910583496094,301.0177001953125,288.24647521972656,286.5015869140625,275.03314208984375,255.76519775390625,261.6377258300781,254.1944122314453,229.75457763671875,205.24652099609375,239.945556640625,177.802001953125,86.62200927734375,39.75836181640625,2.93377685546875,-146.38116455078125,-203.6866455078125,-246.2601318359375,-305.643798828125,-502.25909423828125,-702.2138671875,-755.1162109375,-849.3521728515625,-917.8248291015625,-1008.28369140625,-1100.3238525390625,-1176.71533203125,-1231.83154296875,-1302.512451171875,-1343.8277587890625,-1373.176025390625,-1393.427734375,-1431.2591552734375,-1598.626953125,-1780.399169921875,-1657.6923828125,-1676.325927734375,-1904.8154296875,-1955.535400390625,-2014.458740234375,-2059.56298828125,-1968.11962890625,-2106.0087890625,-2043.750244140625,-2024.579345703125,-2097.549072265625,-2075.531494140625,-2162.119140625,-2069.0166015625,-2184.23388671875,-1903.120849609375,-1900.191650390625,-1912.846435546875,-1914.220458984375,-1804.3046875,-1859.781005859375,-1709.5302734375,-1677.855224609375,-1682.977294921875,-1666.358154296875,-1617.328125,-1526.413818359375,-1468.0267333984375,-1463.7933349609375,-1504.0804443359375,-1463.3602294921875,-1487.509033203125,-1384.70068359375,-1376.4532470703125,-1363.21337890625,-1376.2352294921875,-1334.01708984375,-1441.7293701171875,-1367.488037109375,-1228.94921875,-1410.59521484375,-1165.052490234375,-1041.378173828125,-945.3572998046875,-823.1463623046875,-725.071044921875,-669.1329345703125,-578.843017578125,-520.8253784179688,-485.38055419921875,-521.6504516601562,-451.00860595703125,-357.12567138671875,-329.74017333984375,-218.1817626953125,-190.3245849609375,-364.9215087890625,-281.76593017578125,-37.57550048828125,-111.99615478515625,-88.33709716796875,-25.64544677734375,-24.25982666015625,-101.2366943359375,-51.62481689453125,21.585906982421875,46.767822265625,37.62957763671875,47.9114990234375,23.009429931640625,82.49700927734375,87.021728515625,78.30538940429688
"S263",242.3017578125,278.16783142089844,288.8033447265625,278.75352478027344,327.4401092529297,330.1259307861328,180.12838745117188,194.35397338867188,179.444091796875,217.88711547851562,267.5743103027344,273.5652770996094,294.15745544433594,298.17889404296875,157.73468017578125,290.8883056640625,311.04595947265625,294.9878387451172,294.5089416503906,319.58030700683594,337.8925323486328,340.6811981201172,353.67213439941406,353.66650390625,355.11219787597656,351.16526794433594,352.46717834472656,354.4456787109375,353.2707977294922,358.31707763671875,350.13059997558594,345.8416290283203,346.597900390625,337.1686706542969,324.20672607421875,305.32972717285156,320.05174255371094,317.72181701660156,312.12596130371094,306.15306091308594,295.53611755371094,270.15794372558594,245.74740600585938,254.32977294921875,177.802001953125,86.62200927734375,80.58120727539062,2.93377685546875,-146.38116455078125,-203.6866455078125,-281.9285888671875,-322.90216064453125,-599.1661376953125,-702.2138671875,-755.1162109375,-849.3521728515625,-917.8248291015625,-1008.28369140625,-1100.3238525390625,-1176.71533203125,-1415.3017578125,-1325.292724609375,-1343.8277587890625,-1444.2193603515625,-1630.919677734375,-1898.825927734375,-1692.234130859375,-1910.889404296875,-1718.6484375,-1625.84423828125,-1804.0458984375,-2102.845947265625,-1663.384521484375,-1891.86962890625,-1548.862060546875,-1863.500732421875,-1929.286376953125,-1772.115478515625,-1998.583251953125,-1845.872314453125,-1919.90771484375,-1956.51904296875,-1962.09765625,-1862.89501953125,-1939.826171875,-2068.209716796875,-2368.89599609375,-1840.966796875,-1977.5712890625,-2489.41357421875,-2072.087890625,-2025.566162109375,-2059.0712890625,-1913.0908203125,-1732.8154296875,-2187.756103515625,-1997.379638671875,-2166.69287109375,-1867.897216796875,-2245.5634765625,-1979.630126953125,-2149.81884765625,-2039.4072265625,-1959.3603515625,-1822.61865234375,-1833.907958984375,-1755.6240234375,-1505.574462890625,-1571.683837890625,-1337.0294189453125,-1200.06201171875,-1575.27294921875,-1194.6807861328125,-1174.721923828125,-1220.176025390625,-1503.282958984375,-1566.0751953125,-1046.75146484375,-1128.4869384765625,-978.4569091796875,-1021.0460205078125,-943.43505859375,-601.9910888671875,-319.93646240234375,-341.31854248046875,-301.72174072265625,-353.16650390625,-470.11614990234375,-662.326171875,-115.3792724609375,-170.44903564453125,-102.85980224609375,-29.485595703125,-28.42852783203125,46.767822265625,37.62957763671875,47.9114990234375,23.009429931640625,82.49700927734375,87.021728515625,78.30538940429688
"S264",265.9207458496094,246.0273895263672,288.8033447265625,311.1980895996094,313.4914093017578,321.443603515625,223.91180419921875,244.60113525390625,232.60028076171875,217.88711547851562,267.5743103027344,273.5652770996094,294.15745544433594,298.17889404296875,302.08238220214844,290.8883056640625,311.04595947265625,294.9878387451172,294.5089416503906,319.58030700683594,337.8925323486328,340.6811981201172,339.19195556640625,353.66650390625,355.11219787597656,351.16526794433594,352.46717834472656,348.3486022949219,353.2707977294922,335.1903839111328,350.13059997558594,322.0692596435547,336.96824645996094,337.1686706542969,324.20672607421875,305.32972717285156,320.05174255371094,317.72181701660156,210.822509765625,302.6153106689453,283.2572479248047,268.12611389160156,245.74740600585938,200.87527465820312,177.802001953125,-493.38885498046875,39.6649169921875,2.93377685546875,-161.45867919921875,-203.6866455078125,-246.33453369140625,-371.66845703125,-562.51318359375,-702.2138671875,-820.8074951171875,-849.3521728515625,-943.4482421875,-1008.28369140625,-1100.3238525390625,-1233.6944580078125,-1332.8604736328125,-1302.512451171875,-1343.8277587890625,-1393.759033203125,-1407.977783203125,-1669.1923828125,-1514.828369140625,-1510.9268798828125,-1550.708984375,-1498.212890625,-1663.38671875,-1764.50048828125,-1746.461669921875,-1755.566162109375,-1617.135986328125,-1837.208984375,-1883.24755859375,-1760.00390625,-2077.596435546875,-1963.42041015625,-2060.47705078125,-2121.093994140625,-2016.2060546875,-1869.146240234375,-2046.213134765625,-2256.263671875,-2112.106201171875,-2282.397216796875,-2029.547607421875,-2492.306884765625,-2398.6591796875,-1900.447509765625,-2003.3232421875,-2157.626953125,-1941.236083984375,-1972.62109375,-2307.973876953125,-1931.923828125,-1796.475830078125,-2071.097412109375,-1903.546142578125,-2078.339111328125,-2219.76220703125,-2052.064697265625,-1795.458984375,-1724.19091796875,-1949.5048828125,-2036.166015625,-1761.96533203125,-1726.786865234375,-1451.7486572265625,-2111.4833984375,-1361.3707275390625,-1508.8670654296875,-1668.3857421875,-1692.51416015625,-1126.590087890625,-1084.2335205078125,-1019.1826171875,-893.0111083984375,-817.5203857421875,-844.2401123046875,-1018.38720703125,-920.8887939453125,-658.7867431640625,-617.032958984375,-598.0306396484375,-468.2796630859375,-433.0029296875,-383.2122802734375,-498.3604736328125,-500.59173583984375,-416.57110595703125,-359.42303466796875,-246.48248291015625,-347.956298828125,-337.31610107421875,-564.6815185546875,-184.6473388671875,-30.76641845703125,15.055206298828125
"S265",150.21176147460938,114.47671508789062,177.6048583984375,197.22015380859375,167.70050048828125,184.20932006835938,200.87814331054688,169.54519653320312,211.3363037109375,210.72515869140625,205.16339111328125,208.93414306640625,219.45938110351562,228.84591674804688,230.33346557617188,227.21047973632812,228.647216796875,239.7684326171875,264.9425048828125,245.3975372314453,259.4225158691406,256.60009765625,255.20916748046875,281.35105895996094,272.3222961425781,269.4414367675781,292.44940185546875,268.2143096923828,270.7564392089844,284.64476013183594,276.35081481933594,264.326416015625,284.05116271972656,282.6296844482422,273.2118377685547,279.9060363769531,265.44671630859375,269.3064880371094,242.4334716796875,234.26641845703125,210.3709716796875,243.33340454101562,201.66397094726562,175.62875366210938,104.03271484375,66.62899780273438,74.95498657226562,-63.3056640625,-192.06488037109375,-203.6866455078125,-333.3487548828125,-420.28448486328125,-585.204345703125,-702.2138671875,-755.1162109375,-851.0765380859375,-941.2933349609375,-1008.28369140625,-1100.3238525390625,-1181.02099609375,-1231.83154296875,-1302.512451171875,-1343.8277587890625,-1373.176025390625,-1393.427734375,-1438.9730224609375,-1514.828369140625,-1516.407958984375,-1443.0181884765625,-1498.212890625,-1503.0955810546875,-1505.0789794921875,-1759.339599609375,-1649.406005859375,-1519.102783203125,-1454.26708984375,-1692.726806640625,-1635.134521484375,-1733.39453125,-1506.748291015625,-1710.456298828125,-1728.901123046875,-1794.076904296875,-1841.9130859375,-1649.658447265625,-1744.770751953125,-1891.531005859375,-1641.349609375,-1523.931884765625,-1692.640625,-1687.768798828125,-1549.940673828125,-1504.0980224609375,-1496.987548828125,-1615.277587890625,-1531.1029052734375,-1718.457275390625,-1589.93408203125,-1518.2965087890625,-1550.836181640625,-1629.664794921875,-1536.545166015625,-1586.669189453125,-1474.611328125,-1590.30224609375,-1381.7891845703125,-1967.00244140625,-1470.804931640625,-1303.2894287109375,-1306.3948974609375,-1133.9757080078125,-1079.59326171875,-1008.841552734375,-1183.630615234375,-1244.76220703125,-1412.4686279296875,-861.4678955078125,-1031.3592529296875,-948.6905517578125,-691.265869140625,-749.5567626953125,-585.93798828125,-646.8433837890625,-524.3660888671875,-539.521484375,-508.9246826171875,-364.218017578125,-360.03692626953125,-534.9002685546875,-347.627197265625,-443.236328125,-548.5670166015625,-427.98687744140625,-290.1298828125,-229.93804931640625,-247.03936767578125,-249.64630126953125,-347.83905029296875,-131.900634765625,-13.3201904296875,-95.950927734375
"S266",185.05276489257812,163.95370483398438,209.59396362304688,228.77288818359375,234.1546630859375,243.14407348632812,225.60391235351562,253.5141143798828,232.60028076171875,217.88711547851562,267.5743103027344,273.5652770996094,294.15745544433594,298.17889404296875,302.08238220214844,290.8883056640625,311.04595947265625,294.9878387451172,301.40858459472656,307.3016815185547,333.27655029296875,323.60662841796875,327.51629638671875,336.27056884765625,330.67893981933594,331.1456756591797,336.50254821777344,329.2442321777344,328.9822692871094,338.0379638671875,333.39442443847656,335.9566650390625,346.3675537109375,340.17701721191406,328.74659729003906,344.170166015625,335.29132080078125,322.16661071777344,329.0203552246094,314.56512451171875,293.125244140625,290.58612060546875,258.9176025390625,233.61831665039062,194.45443725585938,103.90255737304688,73.26364135742188,2.93377685546875,-146.38116455078125,-203.6866455078125,-277.380859375,-338.54632568359375,-502.25909423828125,-702.2138671875,-755.1162109375,-849.3521728515625,-917.8248291015625,-1008.28369140625,-1100.3238525390625,-1176.71533203125,-1231.83154296875,-1302.512451171875,-1343.8277587890625,-1434.6490478515625,-1393.427734375,-1431.2591552734375,-1514.828369140625,-1510.9268798828125,-1432.8612060546875,-1498.212890625,-1544.5860595703125,-1436.2060546875,-1467.4857177734375,-1323.1243896484375,-1366.2520751953125,-1392.0682373046875,-1229.873779296875,-1303.9613037109375,-1352.650390625,-1332.0859375,-1301.79638671875,-1224.033447265625,-1209.94970703125,-1198.708984375,-1300.91552734375,-1298.687744140625,-1246.2589111328125,-1065.7344970703125,-978.624755859375,-965.4822998046875,-976.3402099609375,-1055.580810546875,-1054.08056640625,-1238.406494140625,-1074.4483642578125,-961.2713623046875,-1048.164794921875,-947.8046875,-859.015869140625,-966.939208984375,-848.871826171875,-812.8612060546875,-850.0230712890625,-822.4404296875,-720.1385498046875,-695.910888671875,-612.1484375,-580.6815185546875,-633.6065673828125,-611.2481689453125,-680.5313720703125,-592.595947265625,-431.1341552734375,-390.355712890625,-446.61968994140625,-643.25341796875,-325.9129638671875,-310.437255859375,-163.6253662109375,-102.73236083984375,-198.81396484375,-10.45867919921875,4.081787109375,-13.2335205078125,4.654998779296875,-0.9432373046875,14.40875244140625,24.534759521484375,61.980194091796875,26.8388671875,31.86944580078125,36.87200927734375,-68.07318115234375,100.80755615234375,102.38873291015625,125.80633544921875,129.53213500976562,87.36935424804688,85.278564453125,76.55111694335938,112.99618530273438
"S267",186.09500122070312,179.90673828125,218.87124633789062,240.73037719726562,230.081787109375,249.2345428466797,268.5715026855469,277.1249542236328,282.4246063232422,287.0456237792969,293.07252502441406,294.44667053222656,298.2953796386719,306.3214569091797,302.08238220214844,303.3730163574219,311.04595947265625,302.1539306640625,314.3246307373047,316.89540100097656,333.27655029296875,323.60662841796875,328.4881134033203,336.27056884765625,330.67893981933594,331.1456756591797,336.50254821777344,329.2442321777344,335.5510559082031,338.0379638671875,333.39442443847656,335.9566650390625,346.3675537109375,340.17701721191406,328.74659729003906,344.170166015625,335.29132080078125,322.16661071777344,329.0203552246094,314.56512451171875,293.125244140625,290.58612060546875,258.9176025390625,233.61831665039062,194.45443725585938,179.54974365234375,106.07601928710938,61.002105712890625,42.66387939453125,8.82025146484375,-37.5699462890625,-72.99566650390625,-68.31964111328125,-181.98944091796875,-162.367431640625,-141.14068603515625,-160.87982177734375,-147.56292724609375,-187.00323486328125,-166.01837158203125,-198.8785400390625,-208.59466552734375,-154.98699951171875,-149.4422607421875,-109.09014892578125,-92.89178466796875,-200.916015625,-81.224609375,-69.83831787109375,-102.75006103515625,-93.73370361328125,-122.6510009765625,-96.685791015625,-60.78350830078125,-85.556396484375,-101.35711669921875,-78.5133056640625,-97.5084228515625,-96.2752685546875,-62.1318359375,-95.15167236328125,-101.49017333984375,-98.4464111328125,-153.894287109375,-145.20196533203125,-151.08709716796875,-74.90765380859375,-60.29144287109375,-51.41796875,-58.7120361328125,-91.12353515625,-63.68353271484375,-70.31719970703125,-51.75543212890625,-54.90625,-22.57989501953125,-68.89288330078125,-73.47747802734375,-65.70819091796875,-34.841796875,-68.82733154296875,-65.6981201171875,-62.30987548828125,-32.193359375,-19.9029541015625,-47.3787841796875,-14.20635986328125,-46.24566650390625,-62.75152587890625,-124.032958984375,-57.62457275390625,-133.1240234375,-72.61370849609375,-49.241943359375,-76.6990966796875,-63.64630126953125,-5.892486572265625,-17.09234619140625,-34.33062744140625,8.4305419921875,18.312042236328125,35.73297119140625,48.56097412109375,61.39202880859375,37.25250244140625,29.027923583984375,14.40875244140625,24.534759521484375,61.980194091796875,48.741973876953125,65.1650390625,61.229949951171875,85.18743896484375,114.9769287109375,102.38873291015625,126.46844482421875,129.53213500976562,104.37008666992188,92.41156005859375,76.55111694335938,112.99618530273438
"S268",186.09500122070312,179.90673828125,218.87124633789062,240.73037719726562,230.081787109375,249.2345428466797,268.5715026855469,277.1249542236328,282.4246063232422,287.0456237792969,293.07252502441406,294.44667053222656,298.2953796386719,306.3214569091797,299.64833068847656,303.3730163574219,310.64585876464844,302.1539306640625,314.3246307373047,316.89540100097656,333.27655029296875,323.60662841796875,328.4881134033203,336.27056884765625,330.67893981933594,331.1456756591797,336.50254821777344,329.2442321777344,335.5510559082031,338.0379638671875,333.39442443847656,335.9566650390625,346.3675537109375,340.17701721191406,328.74659729003906,344.170166015625,335.29132080078125,322.16661071777344,329.0203552246094,314.56512451171875,293.125244140625,290.58612060546875,258.9176025390625,233.61831665039062,194.45443725585938,179.54974365234375,106.07601928710938,61.002105712890625,42.66387939453125,8.82025146484375,-37.5699462890625,-72.99566650390625,-68.31964111328125,-181.98944091796875,-162.367431640625,-141.14068603515625,-160.87982177734375,-147.56292724609375,-187.00323486328125,-166.01837158203125,-198.8785400390625,-208.59466552734375,-154.98699951171875,-149.4422607421875,-109.09014892578125,-92.89178466796875,-200.916015625,-81.224609375,-69.83831787109375,-102.75006103515625,-93.73370361328125,-122.6510009765625,-96.685791015625,-60.78350830078125,-85.556396484375,-101.35711669921875,-78.5133056640625,-97.5084228515625,-96.2752685546875,-62.1318359375,-95.15167236328125,-101.49017333984375,-98.4464111328125,-153.894287109375,-145.20196533203125,-151.08709716796875,-74.90765380859375,-60.29144287109375,-51.41796875,-102.384521484375,-91.12353515625,-63.68353271484375,-70.31719970703125,-51.75543212890625,-54.90625,-22.57989501953125,-68.89288330078125,-73.47747802734375,-65.70819091796875,-34.841796875,-68.82733154296875,-65.6981201171875,-62.30987548828125,-32.193359375,-19.9029541015625,-47.3787841796875,-14.20635986328125,-46.24566650390625,-62.75152587890625,-124.032958984375,-57.62457275390625,-133.1240234375,-72.61370849609375,-49.241943359375,-76.6990966796875,-63.64630126953125,-5.892486572265625,-17.09234619140625,-34.33062744140625,8.4305419921875,18.312042236328125,35.73297119140625,48.56097412109375,61.39202880859375,37.25250244140625,29.027923583984375,-21.769775390625,11.783416748046875,61.980194091796875,48.741973876953125,65.1650390625,61.229949951171875,85.18743896484375,114.9769287109375,91.48843383789062,118.30462646484375,109.048828125,104.37008666992188,92.41156005859375,76.55111694335938,82.478759765625
"S269",33.1956787109375,104.47061157226562,140.49325561523438,140.96762084960938,64.28729248046875,136.53033447265625,215.45941162109375,230.2982177734375,203.70193481445312,218.33929443359375,259.50457763671875,230.81887817382812,248.49928283691406,264.59771728515625,251.86595153808594,254.0064697265625,272.8778076171875,244.1106719970703,265.98866271972656,287.2339630126953,263.8714599609375,270.24244689941406,297.0622253417969,273.6110382080078,278.0442199707031,288.3606414794922,261.0065460205078,266.35011291503906,307.91734313964844,261.1013946533203,278.85557556152344,302.06214904785156,257.63780212402344,287.6705017089844,274.96527099609375,257.98399353027344,276.2122497558594,248.35186767578125,237.37380981445312,240.7720947265625,235.26693725585938,117.54013061523438,174.615478515625,218.02447509765625,117.6663818359375,145.74737548828125,-55.33740234375,-87.98980712890625,-69.2509765625,-61.6871337890625,-228.55535888671875,-161.58001708984375,-178.794677734375,-1071.5218505859375,-370.00244140625,-264.55047607421875,-318.44970703125,-213.4320068359375,-178.4986572265625,-267.79144287109375,-1199.1673583984375,-656.0179443359375,-578.895263671875,-235.335693359375,-312.305908203125,-219.002685546875,-200.916015625,-190.13128662109375,-205.356201171875,-309.4102783203125,-205.61419677734375,-377.86614990234375,-181.871337890625,-215.9427490234375,-280.85797119140625,-224.275390625,-266.7110595703125,-277.452392578125,-214.6004638671875,-167.54345703125,-309.0625,-214.5743408203125,-110.10400390625,-199.83795166015625,-233.39404296875,-358.17840576171875,-172.8447265625,-232.90435791015625,-255.10443115234375,-291.4666748046875,-267.98284912109375,-310.58807373046875,-235.1826171875,-172.55816650390625,-182.809326171875,-181.69830322265625,-240.3935546875,-371.93707275390625,-265.10546875,-314.461669921875,-519.6109008789062,-484.77294921875,-351.6763916015625,-335.8175048828125,-331.9730224609375,-409.38201904296875,-259.02911376953125,-544.3836669921875,-407.13677978515625,-1128.0316162109375,-423.13055419921875,-395.48919677734375,-315.8150634765625,-300.2750244140625,-321.83447265625,-307.8839111328125,-196.60443115234375,-304.08502197265625,-624.839111328125,-235.6209716796875,-269.9820556640625,-141.5654296875,-86.4376220703125,-139.69525146484375,-152.9764404296875,-235.86859130859375,-482.6561279296875,-144.5223388671875,-246.85491943359375,-143.79193115234375,-197.96392822265625,-235.5361328125,-516.9625854492188,-385.74273681640625,-252.15618896484375,-268.32305908203125,-209.87713623046875,-121.17437744140625,-112.3604736328125,-60.72528076171875,-49.261474609375
"S270",25.7430419921875,20.9332275390625,93.14297485351562,121.3060302734375,88.46527099609375,123.448974609375,188.3916015625,185.03240966796875,177.2451171875,193.40985107421875,200.86749267578125,198.71560668945312,214.212890625,218.49111938476562,209.9244384765625,220.29217529296875,227.79278564453125,213.119384765625,245.20541381835938,239.74468994140625,228.289794921875,251.41143798828125,259.07447814941406,247.221435546875,252.3310089111328,256.4464874267578,248.36029052734375,262.06178283691406,273.64520263671875,254.6919708251953,269.9071960449219,274.2309875488281,255.99412536621094,269.65394592285156,256.5602111816406,260.2066650390625,268.03704833984375,225.93154907226562,230.76913452148438,210.29959106445312,213.61502075195312,168.73114013671875,156.99246215820312,146.0296630859375,85.60882568359375,103.8809814453125,-35.6510009765625,-56.6507568359375,-107.47247314453125,-125.8970947265625,-210.67767333984375,-221.08477783203125,-243.01519775390625,-626.4691162109375,-420.966064453125,-310.26318359375,-304.713623046875,-341.706298828125,-438.5140380859375,-313.6173095703125,-630.7911376953125,-560.3074951171875,-366.3271484375,-262.4100341796875,-243.56341552734375,-265.32305908203125,-427.1051025390625,-168.8037109375,-211.66015625,-291.923095703125,-250.28594970703125,-361.49359130859375,-256.694091796875,-185.786865234375,-285.880859375,-279.462890625,-253.86114501953125,-312.81451416015625,-268.478515625,-252.27801513671875,-340.67950439453125,-298.00885009765625,-301.93695068359375,-430.89202880859375,-414.19970703125,-376.45562744140625,-228.02264404296875,-261.554443359375,-228.7188720703125,-254.706298828125,-362.782470703125,-266.38507080078125,-294.107666015625,-241.08441162109375,-312.14178466796875,-209.3087158203125,-337.89453125,-302.806396484375,-310.48187255859375,-223.1751708984375,-361.31475830078125,-312.020263671875,-312.3250732421875,-253.366943359375,-241.0809326171875,-326.669921875,-207.74810791015625,-330.7197265625,-316.8577880859375,-656.6763916015625,-291.7281494140625,-489.54443359375,-358.0533447265625,-428.08563232421875,-442.4840087890625,-342.63946533203125,-261.0269775390625,-311.96923828125,-446.0594482421875,-227.60357666015625,-270.8331298828125,-170.07940673828125,-170.9224853515625,-165.425048828125,-217.6143798828125,-286.18408203125,-417.4268798828125,-447.3983154296875,-306.78009033203125,-287.216064453125,-325.28350830078125,-232.26202392578125,-301.424072265625,-206.52862548828125,-184.4705810546875,-234.474609375,-182.36578369140625,-215.934326171875,-170.8623046875,-228.255126953125,-98.08343505859375
"S271",100.00482177734375,62.26043701171875,100.55056762695312,147.69491577148438,59.065826416015625,120.8056640625,200.32904052734375,215.30780029296875,227.62075805664062,198.37765502929688,222.05615234375,214.18515014648438,233.9715576171875,228.38156127929688,226.12368774414062,224.97152709960938,235.38961791992188,227.86080932617188,249.3202667236328,234.51553344726562,228.86294555664062,256.9058837890625,262.20050048828125,252.119384765625,246.37803649902344,245.94476318359375,261.27667236328125,261.9767608642578,267.44004821777344,253.8974151611328,270.71763610839844,272.5103759765625,274.96295166015625,266.6863098144531,247.79481506347656,243.54244995117188,258.25531005859375,232.54788208007812,236.3431396484375,196.99447631835938,214.64260864257812,194.85992431640625,159.06008911132812,98.49884033203125,91.83529663085938,76.6998291015625,19.40673828125,-54.556396484375,-126.81268310546875,-143.81488037109375,-189.82501220703125,-335.17816162109375,-294.755859375,-364.88482666015625,-499.36639404296875,-349.523681640625,-353.80120849609375,-431.5191650390625,-569.1187744140625,-371.82281494140625,-303.34173583984375,-482.6326904296875,-280.57244873046875,-379.68328857421875,-235.516845703125,-352.5079345703125,-375.802978515625,-238.381103515625,-281.52569580078125,-325.6138916015625,-340.06134033203125,-367.6875,-303.3394775390625,-280.18408203125,-303.90289306640625,-229.56280517578125,-338.08929443359375,-320.07965087890625,-322.01348876953125,-311.55279541015625,-320.237060546875,-316.52197265625,-398.43212890625,-413.7540283203125,-542.398681640625,-481.6072998046875,-385.2706298828125,-322.8917236328125,-331.69537353515625,-261.537841796875,-303.48907470703125,-271.38043212890625,-330.7860107421875,-310.71832275390625,-405.52490234375,-275.6171875,-467.948974609375,-267.402587890625,-372.33172607421875,-199.96319580078125,-230.4200439453125,-244.73651123046875,-286.13104248046875,-231.099853515625,-216.40289306640625,-228.7286376953125,-218.5185546875,-226.66326904296875,-294.53448486328125,-439.350830078125,-262.2938232421875,-497.9415283203125,-409.07830810546875,-494.47308349609375,-474.43487548828125,-360.59307861328125,-328.4652099609375,-316.01837158203125,-387.3482666015625,-201.74591064453125,-264.16241455078125,-215.7332763671875,-272.04058837890625,-111.7657470703125,-239.1005859375,-234.75726318359375,-320.52850341796875,-427.8800048828125,-252.09906005859375,-298.2723388671875,-427.95123291015625,-277.794189453125,-332.387939453125,-118.53936767578125,-123.318603515625,-230.912841796875,-82.0299072265625,-204.07757568359375,-189.3115234375,-306.17657470703125,-114.3331298828125
"S272",116.44046020507812,155.05764770507812,144.5836181640625,190.45098876953125,-61.5728759765625,132.826171875,201.66641235351562,219.41094970703125,244.56776428222656,156.03793334960938,229.273681640625,208.0062255859375,252.39344787597656,230.88623046875,227.28466796875,268.80873107910156,239.57562255859375,230.97384643554688,264.5699462890625,230.77044677734375,243.19857788085938,251.46978759765625,253.77113342285156,256.5232849121094,249.68548583984375,217.4925537109375,267.8625183105469,276.0777893066406,255.91864013671875,255.59779357910156,249.0538787841797,264.8881072998047,281.30125427246094,258.23187255859375,248.9542236328125,195.24716186523438,224.44174194335938,226.08746337890625,246.07374572753906,184.53521728515625,202.953369140625,168.34051513671875,155.38397216796875,2.095794677734375,99.3348388671875,92.41360473632812,51.054962158203125,-87.70391845703125,-49.51397705078125,-95.70587158203125,-98.43719482421875,-368.63226318359375,-103.75592041015625,-247.43798828125,-170.47015380859375,-124.5357666015625,-214.87811279296875,-152.02142333984375,-124.66986083984375,-207.687744140625,-114.09796142578125,-149.14752197265625,-139.5382080078125,-356.45196533203125,-199.70916748046875,-164.48797607421875,-172.77130126953125,-177.56414794921875,-135.8636474609375,-245.98052978515625,-164.3427734375,-155.33746337890625,-118.062744140625,-173.16705322265625,-179.74664306640625,-120.4061279296875,-213.5115966796875,-141.06280517578125,-229.58160400390625,-153.024658203125,-107.0421142578125,-167.27264404296875,-259.9659423828125,-248.80474853515625,-172.59906005859375,-367.5963134765625,-436.2215576171875,-217.38885498046875,-347.61102294921875,-109.93505859375,-135.272216796875,-183.47601318359375,-141.0128173828125,-158.32196044921875,-184.57470703125,-146.0511474609375,-309.0804443359375,-147.90899658203125,-124.15728759765625,-115.67803955078125,-247.42108154296875,-223.85687255859375,-201.15240478515625,-170.16497802734375,-167.98541259765625,-190.454833984375,-229.96563720703125,-206.769775390625,-213.47760009765625,-279.66278076171875,-191.6943359375,-233.878173828125,-209.57220458984375,-81.859619140625,-160.142822265625,-221.1446533203125,-147.87176513671875,-197.5762939453125,-133.77667236328125,-141.81439208984375,-91.8232421875,-190.749755859375,-178.87005615234375,-74.7362060546875,-125.00518798828125,-59.4505615234375,-85.600341796875,-96.69024658203125,-100.07904052734375,-211.10614013671875,-179.22412109375,-339.283203125,-566.88232421875,-169.6644287109375,-103.90631103515625,-193.15264892578125,-4.1275634765625,-68.76104736328125,-63.28729248046875,-87.90234375,-55.0018310546875
"S273",73.84603881835938,113.72747802734375,94.53182983398438,148.262939453125,143.16378784179688,147.31527709960938,133.71047973632812,191.07171630859375,203.6741943359375,213.88742065429688,227.64578247070312,212.41256713867188,202.6365966796875,214.20761108398438,221.475830078125,234.22259521484375,231.62158203125,228.32888793945312,230.6751708984375,234.191650390625,233.54241943359375,229.61764526367188,244.87283325195312,251.8313751220703,252.409423828125,265.8155212402344,264.29071044921875,269.63978576660156,271.412109375,267.5888671875,274.4579162597656,273.90411376953125,271.0311584472656,275.9346618652344,272.96937561035156,185.49435424804688,178.30120849609375,218.21292114257812,243.85919189453125,250.1142120361328,233.9588623046875,206.78875732421875,210.80084228515625,154.37637329101562,32.045074462890625,-46.05596923828125,28.68817138671875,-57.95648193359375,-85.21484375,-47.10284423828125,-99.61920166015625,-117.56298828125,-109.55364990234375,-165.74566650390625,-218.2381591796875,-253.1458740234375,-187.9268798828125,-235.21746826171875,-295.7496337890625,-244.70025634765625,-362.19952392578125,-293.51251220703125,-269.4691162109375,-271.7529296875,-304.8309326171875,-381.67327880859375,-302.81231689453125,-314.60992431640625,-296.44659423828125,-288.3853759765625,-304.79205322265625,-343.600341796875,-344.1878662109375,-258.73846435546875,-300.146484375,-300.97027587890625,-292.442626953125,-278.57373046875,-311.63836669921875,-288.03515625,-301.2236328125,-313.01202392578125,-318.46270751953125,-307.5445556640625,-342.31298828125,-294.54571533203125,-452.89007568359375,-497.28216552734375,-532.623779296875,-392.01580810546875,-379.6025390625,-316.44598388671875,-330.44512939453125,-335.17340087890625,-315.6754150390625,-406.68841552734375,-460.07147216796875,-343.22235107421875,-305.30743408203125,-255.0513916015625,-308.6278076171875,-314.2830810546875,-289.33837890625,-300.82708740234375,-329.40850830078125,-340.73712158203125,-380.3917236328125,-398.912353515625,-388.79156494140625,-393.9754638671875,-291.94610595703125,-318.36578369140625,-276.0135498046875,-314.02880859375,-329.88226318359375,-225.71630859375,-162.7222900390625,-137.4027099609375,-141.02301025390625,-129.95758056640625,-138.0361328125,-86.14141845703125,-75.74188232421875,-148.8984375,-155.713134765625,-121.325439453125,-70.2657470703125,-107.727294921875,-74.5235595703125,-42.87176513671875,-60.47479248046875,-44.17938232421875,-42.05303955078125,-72.928466796875,-226.6448974609375,-11.85662841796875,45.68408203125,37.411346435546875,39.7255859375,-38.56298828125,9.82122802734375
"S274",169.33108520507812,186.54754638671875,135.27072143554688,148.262939453125,184.68743896484375,207.05184936523438,232.01455688476562,251.20651245117188,245.37600708007812,259.9099578857422,270.9256134033203,258.4549560546875,251.1940155029297,254.17039489746094,250.39564514160156,270.6266326904297,268.4296417236328,260.43235778808594,261.9450378417969,269.24903869628906,269.2731628417969,269.88507080078125,286.59251403808594,282.03619384765625,286.6753692626953,297.8163604736328,302.29136657714844,302.84271240234375,314.9288787841797,309.2245178222656,313.5594940185547,324.3472595214844,314.0487976074219,310.73582458496094,316.6634521484375,301.43653869628906,299.72413635253906,308.4879150390625,297.923583984375,294.90769958496094,286.3785705566406,269.5221710205078,263.7433776855469,242.6514892578125,151.6239013671875,53.8251953125,150.1390380859375,79.5809326171875,67.08450317382812,90.83746337890625,20.183807373046875,-8.44110107421875,-3.91259765625,-5.98712158203125,-41.19415283203125,-122.5543212890625,-46.8377685546875,-75.20037841796875,-112.33673095703125,-103.224853515625,-222.16961669921875,-218.2103271484375,-157.36651611328125,-149.34765625,-173.0596923828125,-165.96624755859375,-126.88543701171875,-134.52105712890625,-142.8875732421875,-125.63714599609375,-146.30755615234375,-161.54302978515625,-167.0638427734375,-147.8531494140625,-162.77099609375,-160.22491455078125,-209.59808349609375,-193.3804931640625,-230.3988037109375,-232.88385009765625,-209.059326171875,-194.284423828125,-202.18035888671875,-193.8289794921875,-210.69781494140625,-150.0491943359375,-143.95697021484375,-153.74169921875,-150.0211181640625,-184.8031005859375,-128.65631103515625,-100.1871337890625,-154.498046875,-134.10577392578125,-176.46722412109375,-211.332275390625,-170.46173095703125,-130.19451904296875,-141.5260009765625,-183.50732421875,-117.8426513671875,-101.17974853515625,-87.5653076171875,-66.8448486328125,-61.099365234375,-88.796142578125,-74.4818115234375,-106.4964599609375,-149.247314453125,-223.5111083984375,-110.50244140625,-271.15655517578125,-103.60333251953125,-15.37530517578125,-150.97454833984375,-59.2781982421875,-26.09979248046875,-66.032470703125,13.948577880859375,51.065673828125,91.42529296875,122.64419555664062,131.638427734375,-158.38494873046875,13.19366455078125,28.72705078125,62.094146728515625,79.78506469726562,54.77008056640625,71.88275146484375,16.000579833984375,59.169708251953125,89.8553466796875,49.05072021484375,-1.317626953125,94.3504638671875,83.87429809570312,134.56039428710938,135.46481323242188,95.76751708984375,129.572998046875
"S275",123.81146240234375,140.94342041015625,41.57647705078125,80.1817626953125,161.39535522460938,202.404541015625,227.51785278320312,214.16488647460938,223.09414672851562,231.71224975585938,237.31591796875,224.52896118164062,212.48333740234375,217.55703735351562,222.21530151367188,245.66043090820312,236.18399047851562,228.03854370117188,228.73678588867188,239.87322998046875,246.6634063720703,247.07785034179688,264.3351745605469,259.8770446777344,265.1620178222656,279.5815734863281,278.2766418457031,276.5586853027344,296.39378356933594,289.1573944091797,297.2436828613281,309.90997314453125,284.7419891357422,284.3248596191406,300.5945281982422,281.9450988769531,287.28587341308594,285.07318115234375,272.72406005859375,277.3347473144531,271.7090606689453,259.8328094482422,240.2952880859375,211.930419921875,176.56881713867188,120.9794921875,122.27255249023438,32.41943359375,49.3172607421875,59.91839599609375,-17.58489990234375,-22.7164306640625,-62.2568359375,3.292755126953125,-76.57757568359375,-72.94219970703125,-47.71527099609375,-35.015380859375,-55.1417236328125,-110.077880859375,-120.8013916015625,-218.94140625,-118.73150634765625,-97.7735595703125,-108.212890625,-79.858642578125,-105.9400634765625,-69.753173828125,-103.53765869140625,-82.52178955078125,-148.90008544921875,-124.0299072265625,-174.1817626953125,-98.9696044921875,-139.364013671875,-111.3587646484375,-116.87841796875,-102.77294921875,-145.5380859375,-158.5758056640625,-381.55450439453125,-188.1611328125,-116.61138916015625,-107.1314697265625,-143.70672607421875,-130.7418212890625,-70.49493408203125,-271.49798583984375,-122.36566162109375,-216.58538818359375,-141.5367431640625,-152.17608642578125,-218.09527587890625,-220.5570068359375,-225.09576416015625,-205.0281982421875,-184.31793212890625,-114.0308837890625,-168.77069091796875,-162.16009521484375,-140.23406982421875,-128.71234130859375,-154.66961669921875,-100.88031005859375,-92.14520263671875,-116.5335693359375,-163.52734375,-108.4654541015625,-116.8214111328125,-158.9703369140625,-107.99700927734375,-274.8289794921875,-114.970947265625,1.71478271484375,-71.16558837890625,-12.71844482421875,-24.91937255859375,-14.16424560546875,-79.90838623046875,15.1453857421875,72.28033447265625,137.11639404296875,123.45645141601562,-139.7032470703125,15.282745361328125,8.967498779296875,16.755340576171875,75.80450439453125,-42.17327880859375,59.544891357421875,-140.5069580078125,17.297821044921875,49.913604736328125,63.288299560546875,14.51318359375,49.31707763671875,44.24566650390625,120.43167114257812,87.4881591796875,37.21942138671875,81.00347900390625
"S276",115.76528930664062,171.1990966796875,88.48968505859375,48.24920654296875,162.22567749023438,206.01852416992188,243.71588134765625,235.2947998046875,226.25198364257812,251.5633544921875,260.39060974121094,231.73690795898438,230.44287109375,233.07391357421875,255.872314453125,268.69212341308594,262.50128173828125,249.09974670410156,270.70960998535156,289.2193908691406,270.6461181640625,278.74415588378906,300.2194519042969,276.1794738769531,292.4482421875,303.02317810058594,274.9099578857422,284.5094299316406,307.17933654785156,286.8995666503906,297.3564453125,312.84141540527344,294.6268768310547,290.6986541748047,304.7549743652344,277.65545654296875,266.1092071533203,278.16627502441406,264.4705810546875,259.3677978515625,278.84869384765625,248.83717346191406,237.08242797851562,199.00656127929688,193.22625732421875,162.15579223632812,158.65548706054688,-39.46807861328125,55.97821044921875,99.711181640625,27.606781005859375,46.131317138671875,-82.45050048828125,10.224090576171875,-75.636474609375,1.239166259765625,13.75592041015625,5.889739990234375,-25.998291015625,-12.65618896484375,-120.8013916015625,-180.16748046875,-68.417724609375,-57.66937255859375,-78.83331298828125,-76.43023681640625,-38.92132568359375,-46.2047119140625,-53.6805419921875,-39.0008544921875,-76.800537109375,-71.0264892578125,-92.59539794921875,-60.53045654296875,-74.197265625,-72.63494873046875,-116.87841796875,-102.77294921875,-135.69921875,-138.77093505859375,-431.6871337890625,-105.4720458984375,-114.08258056640625,-107.1314697265625,-122.298583984375,-93.61083984375,-70.49493408203125,-251.31549072265625,-71.367431640625,-225.967041015625,-53.888671875,-48.38079833984375,-115.52886962890625,-244.75946044921875,-90.648193359375,-77.80096435546875,-109.4954833984375,-60.8154296875,-57.83447265625,-34.7509765625,-82.06744384765625,-47.3724365234375,-125.03082275390625,-122.32769775390625,-79.170166015625,-70.470947265625,-166.63726806640625,-58.55963134765625,-53.119384765625,-25.0047607421875,-19.1611328125,-43.86572265625,-20.31719970703125,26.328582763671875,45.787567138671875,86.46240234375,90.74685668945312,78.92535400390625,-122.5467529296875,70.2777099609375,116.07452392578125,149.76885986328125,125.18896484375,121.18075561523438,100.56097412109375,79.80926513671875,90.83868408203125,120.97811889648438,-3.589935302734375,131.16290283203125,-281.6044921875,67.64251708984375,143.7403564453125,101.9322509765625,-21.06939697265625,93.23391723632812,117.11642456054688,169.72515869140625,141.22024536132812,-42.666259765625,61.9298095703125
"S277",245.8050079345703,265.4107971191406,248.63739013671875,264.7490234375,292.10108947753906,299.1387634277344,284.2386474609375,313.4075622558594,299.3097229003906,301.81842041015625,323.29408264160156,318.9337463378906,324.5780792236328,327.39146423339844,304.45152282714844,330.06605529785156,327.1052551269531,321.41656494140625,329.3870391845703,335.99476623535156,333.98570251464844,335.4389190673828,342.76280212402344,333.0221405029297,340.7185516357422,343.33399963378906,347.5983581542969,351.5833435058594,356.29820251464844,348.04331970214844,349.78363037109375,350.2409362792969,348.12286376953125,351.5335998535156,351.37782287597656,342.63323974609375,330.81031799316406,332.6611633300781,319.0028991699219,313.7420654296875,300.54864501953125,282.05479431152344,273.6095886230469,265.9737243652344,206.02072143554688,168.74334716796875,179.67575073242188,98.494384765625,52.372222900390625,117.681640625,43.39288330078125,61.497955322265625,33.894134521484375,-72.42132568359375,-68.19061279296875,-46.73248291015625,-39.57733154296875,-96.4708251953125,-84.2391357421875,-78.74542236328125,-122.02203369140625,-161.4671630859375,-126.22833251953125,-148.10205078125,-110.00738525390625,-149.40069580078125,-79.16156005859375,-46.2047119140625,-130.1624755859375,-107.63397216796875,-140.77740478515625,-140.82806396484375,-158.53228759765625,-106.82464599609375,-147.27386474609375,-156.54400634765625,-185.42254638671875,-131.77899169921875,-135.69921875,-194.09429931640625,-173.68426513671875,-166.485107421875,-188.801025390625,-221.94329833984375,-173.69744873046875,-163.93804931640625,-144.249755859375,-138.6986083984375,-136.07513427734375,-158.07391357421875,-137.87054443359375,-119.08245849609375,-172.54815673828125,-147.04071044921875,-173.678955078125,-144.980224609375,-146.147216796875,-150.901123046875,-108.96783447265625,-201.68939208984375,-192.30609130859375,-187.74517822265625,-206.666259765625,-181.216552734375,-172.937744140625,-239.23486328125,-225.86541748046875,-234.09033203125,-224.86016845703125,-188.878173828125,-183.98095703125,-175.607177734375,-164.7332763671875,-129.855224609375,-163.1270751953125,-7.366485595703125,-59.3699951171875,-157.9652099609375,9.622711181640625,53.65771484375,48.88922119140625,69.1534423828125,90.30538940429688,60.63397216796875,114.41567993164062,57.284332275390625,108.68585205078125,84.30230712890625,111.38287353515625,141.968505859375,115.790283203125,47.744659423828125,160.05825805664062,163.76153564453125,143.83474731445312,140.24118041992188,170.34616088867188,169.72515869140625,140.80853271484375,138.81448364257812,180.76199340820312
"S278",245.8050079345703,265.4107971191406,248.63739013671875,264.7490234375,292.10108947753906,299.1387634277344,284.2386474609375,313.4075622558594,299.3097229003906,301.81842041015625,323.29408264160156,318.9337463378906,324.5780792236328,327.39146423339844,304.45152282714844,330.06605529785156,327.1052551269531,321.3852996826172,324.3990936279297,331.86134338378906,332.2572479248047,335.4389190673828,339.3612823486328,333.0221405029297,340.7185516357422,343.33399963378906,347.5983581542969,351.5833435058594,356.29820251464844,348.04331970214844,349.78363037109375,350.2409362792969,348.12286376953125,351.5335998535156,351.37782287597656,342.63323974609375,330.81031799316406,332.6611633300781,319.0028991699219,313.7420654296875,300.54864501953125,282.05479431152344,273.6095886230469,265.9737243652344,206.02072143554688,160.47296142578125,157.08334350585938,57.880279541015625,5.240325927734375,53.40386962890625,-25.9627685546875,-17.62994384765625,-36.6453857421875,-110.662109375,-149.3209228515625,-134.74066162109375,-137.12347412109375,-168.97088623046875,-161.1527099609375,-158.04693603515625,-222.16961669921875,-243.93096923828125,-233.81048583984375,-235.35028076171875,-203.2559814453125,-233.70306396484375,-179.79913330078125,-154.42169189453125,-212.62579345703125,-190.41094970703125,-214.2381591796875,-218.73211669921875,-229.478271484375,-196.69232177734375,-233.398681640625,-237.8494873046875,-253.6053466796875,-220.39935302734375,-236.17413330078125,-268.073974609375,-268.99603271484375,-262.1357421875,-270.35467529296875,-286.36151123046875,-266.32928466796875,-238.58758544921875,-223.796142578125,-232.3988037109375,-221.01971435546875,-230.412353515625,-223.04547119140625,-202.57275390625,-232.79266357421875,-221.51837158203125,-237.78887939453125,-227.34808349609375,-236.9798583984375,-203.85687255859375,-172.12335205078125,-235.64923095703125,-256.72802734375,-245.45526123046875,-262.1546630859375,-246.782958984375,-241.60394287109375,-293.040283203125,-293.3311767578125,-289.271484375,-296.93017578125,-263.841552734375,-230.40576171875,-242.21392822265625,-222.69097900390625,-180.5657958984375,-193.20556640625,-81.465087890625,-88.56011962890625,-141.40826416015625,-66.4959716796875,-6.19744873046875,4.406585693359375,32.58221435546875,52.617034912109375,45.727294921875,67.86898803710938,35.933624267578125,78.10952758789062,75.89273071289062,88.0789794921875,112.62924194335938,90.78915405273438,56.0662841796875,114.22653198242188,124.62423706054688,131.64697265625,140.24118041992188,170.34616088867188,169.72515869140625,140.293701171875,138.81448364257812,163.48809814453125
"S279",193.475341796875,176.88772583007812,202.6922607421875,224.90875244140625,223.36053466796875,222.73324584960938,238.11981201171875,241.47396850585938,241.19845581054688,245.7952880859375,269.61077880859375,269.2279357910156,279.53785705566406,275.2792205810547,267.46214294433594,279.0271453857422,284.89720153808594,288.4583435058594,289.6762237548828,288.5487365722656,299.10992431640625,295.7388610839844,302.86602783203125,292.6283416748047,283.6561279296875,274.53863525390625,280.1302947998047,296.77024841308594,294.7716369628906,275.79652404785156,289.7289123535156,291.0856018066406,295.0056610107422,274.53660583496094,278.92747497558594,258.0265350341797,257.7965850830078,250.63592529296875,253.1055450439453,239.38101196289062,219.07833862304688,223.99609375,191.49856567382812,182.80215454101562,127.36602783203125,76.8292236328125,46.50054931640625,-92.427734375,-153.44293212890625,-165.58837890625,-226.5887451171875,-217.4786376953125,-245.7589111328125,-404.9027099609375,-449.47412109375,-446.847900390625,-407.25567626953125,-483.06707763671875,-552.9244384765625,-558.1605224609375,-664.1142578125,-690.1868896484375,-600.1192626953125,-640.0545654296875,-646.0189208984375,-671.7099609375,-581.4873046875,-510.80609130859375,-519.6124877929688,-554.5267333984375,-614.7242431640625,-642.2215576171875,-616.485107421875,-574.643310546875,-612.4202880859375,-627.7672119140625,-703.442138671875,-675.9495849609375,-672.557861328125,-749.3275146484375,-710.3582763671875,-661.882080078125,-688.3668212890625,-687.3631591796875,-663.904296875,-633.4937744140625,-621.755859375,-585.8997802734375,-574.77294921875,-572.6064453125,-539.54931640625,-526.8546142578125,-601.3614501953125,-568.9471435546875,-592.3109130859375,-557.929443359375,-525.4366455078125,-513.7294311523438,-481.9810791015625,-573.635986328125,-556.6097412109375,-561.2603759765625,-588.3519287109375,-543.7069091796875,-513.4564208984375,-549.8385009765625,-546.1339111328125,-589.6048583984375,-556.295654296875,-460.10101318359375,-463.7867431640625,-454.7027587890625,-423.21673583984375,-418.1500244140625,-458.09429931640625,-338.79901123046875,-363.2276611328125,-440.36395263671875,-347.20611572265625,-247.5604248046875,-211.4923095703125,-164.87005615234375,-131.97869873046875,-180.648193359375,-116.77838134765625,-130.12957763671875,-99.014404296875,-192.58270263671875,-134.6435546875,-81.9627685546875,-97.6884765625,-62.10711669921875,-10.322967529296875,-11.576263427734375,-49.5086669921875,-17.92572021484375,38.8670654296875,12.108184814453125,-3.41021728515625,-4.35284423828125,25.8531494140625
"S280",193.475341796875,176.88772583007812,202.6922607421875,224.90875244140625,223.36053466796875,222.73324584960938,238.11981201171875,241.47396850585938,241.19845581054688,245.7952880859375,269.61077880859375,269.2279357910156,279.53785705566406,275.2792205810547,267.46214294433594,279.0271453857422,284.89720153808594,288.4583435058594,289.6762237548828,288.5487365722656,299.10992431640625,295.7388610839844,302.86602783203125,292.6283416748047,283.6561279296875,270.5145568847656,280.1302947998047,296.77024841308594,294.7716369628906,275.79652404785156,289.7289123535156,291.0856018066406,295.0056610107422,252.34231567382812,262.5237274169922,253.82437133789062,257.7965850830078,250.63592529296875,253.1055450439453,239.38101196289062,219.07833862304688,223.99609375,191.49856567382812,182.80215454101562,127.36602783203125,76.8292236328125,46.50054931640625,-92.427734375,-153.44293212890625,-282.8336181640625,-425.3931884765625,-611.0308837890625,-675.33984375,-797.7486572265625,-872.096435546875,-832.2320556640625,-808.658447265625,-806.0850830078125,-847.0960693359375,-846.3134765625,-878.705078125,-1005.97998046875,-991.771484375,-1014.954833984375,-1093.333984375,-1022.832275390625,-1049.4222412109375,-1054.2021484375,-1050.5694580078125,-1031.3338623046875,-1089.233154296875,-1015.46435546875,-1020.1982421875,-990.235107421875,-1067.4005126953125,-1121.98583984375,-1132.4429931640625,-1140.5638427734375,-1175.682861328125,-1255.641845703125,-1171.455322265625,-1171.54638671875,-1181.3096923828125,-1153.0775146484375,-1122.8477783203125,-1113.0118408203125,-1112.1402587890625,-1074.489013671875,-1048.9542236328125,-1023.7626953125,-1030.2052001953125,-1019.763427734375,-1077.0238037109375,-1021.580078125,-1036.554931640625,-991.0599365234375,-944.259033203125,-922.3685302734375,-943.95849609375,-1074.9261474609375,-1053.1474609375,-987.8194580078125,-1000.975830078125,-932.9586181640625,-923.0257568359375,-985.0892333984375,-931.169677734375,-999.9969482421875,-928.8802490234375,-818.6513671875,-837.4173583984375,-769.3597412109375,-760.2730712890625,-711.179931640625,-648.30419921875,-584.781005859375,-520.085205078125,-440.36395263671875,-356.939697265625,-296.393798828125,-299.164306640625,-265.4285888671875,-222.76153564453125,-192.39862060546875,-116.77838134765625,-130.12957763671875,-99.014404296875,-196.37786865234375,-134.6435546875,-81.9627685546875,-97.6884765625,-62.10711669921875,-10.322967529296875,-11.576263427734375,-109.34466552734375,-72.91619873046875,-26.148193359375,-11.112823486328125,-3.41021728515625,-4.35284423828125,25.8531494140625
"S281",171.08148193359375,164.05392456054688,170.6756591796875,166.78067016601562,207.205810546875,210.63079833984375,232.87405395507812,235.15560913085938,239.4383544921875,245.7952880859375,200.45245361328125,247.13363647460938,273.51043701171875,265.1099548339844,267.46214294433594,279.0271453857422,262.36265563964844,275.20765686035156,289.6762237548828,278.54747009277344,295.9813995361328,295.7388610839844,293.2734069824219,292.6283416748047,285.4990234375,279.48193359375,295.46876525878906,296.77024841308594,294.7716369628906,283.75286865234375,289.7289123535156,291.0856018066406,300.6927947998047,282.34742736816406,278.62982177734375,276.1772155761719,257.7965850830078,268.4936981201172,261.2694396972656,248.9873504638672,219.07833862304688,223.99609375,191.49856567382812,182.80215454101562,129.73715209960938,-34.67138671875,-52.01959228515625,-88.72076416015625,-327.26806640625,-172.01873779296875,-243.7412109375,-262.6854248046875,-361.99017333984375,-347.84478759765625,-471.4573974609375,-533.6812744140625,-537.315185546875,-666.037109375,-759.8544921875,-612.8411865234375,-622.0235595703125,-716.222900390625,-928.7738037109375,-701.2257080078125,-709.9378662109375,-737.689208984375,-770.71533203125,-828.1602783203125,-855.99560546875,-890.8704833984375,-942.164794921875,-786.0396728515625,-808.8056640625,-902.8013916015625,-836.03759765625,-847.7381591796875,-840.290283203125,-912.4912109375,-978.4810791015625,-1016.85546875,-955.285400390625,-1246.678955078125,-1123.0321044921875,-994.324951171875,-1286.3143310546875,-1186.39404296875,-1151.7908935546875,-984.9283447265625,-997.0068359375,-867.633056640625,-878.2391357421875,-923.438232421875,-783.3709716796875,-870.4837646484375,-841.6456298828125,-815.5079345703125,-881.47216796875,-764.60107421875,-904.1448974609375,-816.560302734375,-810.5965576171875,-729.942138671875,-872.7349853515625,-789.3643798828125,-677.777099609375,-720.543701171875,-946.5849609375,-705.2564697265625,-711.0845947265625,-792.1971435546875,-867.8525390625,-611.55517578125,-719.6268310546875,-570.8748779296875,-721.1842041015625,-672.1849365234375,-621.1265869140625,-563.733642578125,-551.3121337890625,-411.40716552734375,-400.798828125,-458.87249755859375,-331.64617919921875,-369.724365234375,-261.55029296875,-381.39361572265625,-325.1246337890625,-216.47796630859375,-409.0963134765625,-462.6329345703125,-365.501708984375,-336.37139892578125,-203.7911376953125,-191.08612060546875,-161.116943359375,-187.75628662109375,-138.45196533203125,-187.13922119140625,-188.073486328125,-78.82257080078125,18.71624755859375
"S282",77.55621337890625,139.75814819335938,110.44705200195312,153.77261352539062,197.667724609375,207.83261108398438,203.29095458984375,228.62606811523438,223.1939697265625,228.98373413085938,223.34588623046875,222.30419921875,226.05126953125,260.5973663330078,246.09165954589844,252.50238037109375,260.8407287597656,262.23326110839844,267.8421173095703,280.1498718261719,293.5811004638672,281.55181884765625,277.90257263183594,281.0867004394531,285.4990234375,279.48193359375,295.46876525878906,290.73724365234375,281.20582580566406,283.75286865234375,273.44427490234375,282.27488708496094,300.6927947998047,282.34742736816406,278.75927734375,276.1772155761719,255.8986358642578,268.4936981201172,261.2694396972656,250.3102264404297,170.23223876953125,165.54177856445312,181.32281494140625,162.11544799804688,129.73715209960938,68.31732177734375,-5.5380859375,-12.03424072265625,-151.328857421875,-172.01873779296875,-236.3553466796875,-262.6854248046875,-304.75579833984375,-392.25421142578125,-471.4573974609375,-462.7734375,-504.3885498046875,-649.3770751953125,-744.1158447265625,-622.3299560546875,-622.0235595703125,-716.222900390625,-809.6396484375,-690.0623779296875,-745.9600830078125,-753.1068115234375,-770.71533203125,-915.533447265625,-929.146240234375,-890.8704833984375,-942.164794921875,-786.0396728515625,-856.609130859375,-1040.9990234375,-911.5791015625,-1005.136962890625,-1112.5068359375,-1007.5196533203125,-1133.97314453125,-1195.043212890625,-1259.701904296875,-1280.22412109375,-1220.223876953125,-1065.955078125,-1289.9735107421875,-1326.29248046875,-1072.2493896484375,-1052.869140625,-1043.07666015625,-1137.8602294921875,-1046.8123779296875,-1079.829833984375,-859.80810546875,-958.14306640625,-781.8162841796875,-977.782470703125,-984.130615234375,-893.214599609375,-932.921142578125,-750.58251953125,-799.498291015625,-772.1976318359375,-750.403076171875,-808.384033203125,-662.172119140625,-714.4500732421875,-891.564697265625,-546.133056640625,-697.322998046875,-673.30615234375,-635.686279296875,-640.040283203125,-665.4373779296875,-548.0623779296875,-647.2427978515625,-533.6668701171875,-582.0614013671875,-528.255615234375,-536.226806640625,-578.2601318359375,-426.95611572265625,-579.32763671875,-364.294189453125,-378.061279296875,-472.59747314453125,-356.19537353515625,-284.71978759765625,-153.23681640625,-264.01715087890625,-248.6492919921875,-295.9957275390625,-346.26751708984375,-421.3643798828125,-471.1337890625,-79.54449462890625,-147.06671142578125,-104.724365234375,-173.427978515625,-241.69927978515625,-78.553955078125,11.14202880859375
"S283",77.55621337890625,139.75814819335938,110.44705200195312,153.77261352539062,197.667724609375,207.83261108398438,203.29095458984375,227.86489868164062,211.329345703125,228.98373413085938,223.34588623046875,222.30419921875,226.05126953125,260.5973663330078,246.09165954589844,252.50238037109375,260.8407287597656,227.46697998046875,267.8421173095703,280.1498718261719,282.45713806152344,281.55181884765625,277.90257263183594,278.12294006347656,285.4990234375,279.48193359375,295.46876525878906,290.73724365234375,281.20582580566406,283.75286865234375,273.44427490234375,282.27488708496094,294.743408203125,282.34742736816406,278.75927734375,276.1772155761719,255.8986358642578,268.4936981201172,261.2694396972656,250.3102264404297,118.57720947265625,119.1497802734375,181.32281494140625,162.11544799804688,129.73715209960938,68.31732177734375,-5.5380859375,-12.03424072265625,-55.79852294921875,-172.01873779296875,-236.3553466796875,-262.6854248046875,-292.65087890625,-475.54364013671875,-774.6456298828125,-531.670166015625,-637.556884765625,-856.9727783203125,-847.759521484375,-877.2635498046875,-822.78271484375,-838.958984375,-906.5047607421875,-936.3365478515625,-1062.6007080078125,-932.303466796875,-1031.430419921875,-966.06005859375,-1008.31787109375,-924.283447265625,-1020.8970947265625,-1019.4365234375,-941.8944091796875,-941.580810546875,-1038.425537109375,-1008.4940185546875,-995.5706787109375,-1121.9755859375,-1205.0577392578125,-1305.9073486328125,-1103.962158203125,-1153.8663330078125,-1139.9459228515625,-1126.785400390625,-1135.9058837890625,-1129.2081298828125,-1133.2098388671875,-1068.4990234375,-1344.78076171875,-1096.33984375,-943.6737060546875,-1075.0367431640625,-1276.6019287109375,-1299.0299072265625,-1115.3157958984375,-1106.77001953125,-1343.087890625,-1179.1009521484375,-1143.22998046875,-1199.4864501953125,-1006.3507080078125,-984.7926025390625,-906.2281494140625,-883.865234375,-867.0975341796875,-873.1785888671875,-860.3541259765625,-803.235107421875,-853.57373046875,-694.4393310546875,-685.3206787109375,-718.680908203125,-525.6451416015625,-1070.3682861328125,-586.6103515625,-418.88238525390625,-489.02618408203125,-234.35760498046875,-334.76617431640625,-398.95587158203125,-220.98699951171875,-185.45068359375,-167.140625,-192.51666259765625,-199.3455810546875,-269.35089111328125,-32.97845458984375,-49.83026123046875,-148.05694580078125,-3.3056640625,-92.0146484375,-80.58953857421875,-198.4013671875,-165.90545654296875,-39.1158447265625,34.028564453125,58.534423828125,37.9298095703125,-3.209503173828125,19.630279541015625,41.8153076171875
"S284",77.55621337890625,139.75814819335938,110.44705200195312,153.77261352539062,197.667724609375,207.83261108398438,203.29095458984375,228.62606811523438,212.12689208984375,228.98373413085938,223.34588623046875,222.30419921875,226.05126953125,260.5973663330078,246.09165954589844,252.50238037109375,260.8407287597656,259.0442352294922,267.8421173095703,280.1498718261719,293.5811004638672,281.55181884765625,277.90257263183594,277.98876953125,285.4990234375,279.48193359375,289.97190856933594,290.73724365234375,281.20582580566406,283.75286865234375,273.44427490234375,282.27488708496094,300.6927947998047,282.34742736816406,278.75927734375,276.1772155761719,255.8986358642578,268.4936981201172,259.5525665283203,250.3102264404297,217.54934692382812,174.80487060546875,181.32281494140625,162.11544799804688,129.73715209960938,68.31732177734375,-5.5380859375,-12.03424072265625,-55.79852294921875,-172.01873779296875,-236.3553466796875,-270.25347900390625,-356.641357421875,-661.687744140625,-1000.467529296875,-1106.2454833984375,-1036.633056640625,-1174.0648193359375,-1157.66943359375,-1235.2982177734375,-1303.4796142578125,-1207.5191650390625,-1239.3831787109375,-1230.0228271484375,-1349.7113037109375,-1294.710693359375,-1357.56884765625,-1265.55810546875,-1422.8746337890625,-1366.3717041015625,-1292.4434814453125,-1409.9202880859375,-1494.6500244140625,-1431.432861328125,-1459.8590087890625,-1534.2208251953125,-1628.47509765625,-1580.4404296875,-1624.9189453125,-1681.8017578125,-1440.158447265625,-1599.1484375,-1651.00390625,-1603.70458984375,-1735.69384765625,-1665.271240234375,-1617.413330078125,-1413.6280517578125,-1900.874267578125,-1441.6868896484375,-1285.7130126953125,-1870.21875,-1664.818359375,-1442.3026123046875,-1547.3603515625,-1424.83349609375,-1614.302978515625,-1552.200439453125,-1482.4156494140625,-1645.28759765625,-1619.128662109375,-1408.3670654296875,-1558.268310546875,-1553.145263671875,-1313.470703125,-1382.064208984375,-1281.67041015625,-1389.2369384765625,-1548.451171875,-1510.5782470703125,-1434.0076904296875,-1245.4664306640625,-1653.833984375,-1321.405029296875,-1223.23974609375,-894.6629638671875,-929.6136474609375,-598.3472900390625,-456.3336181640625,-482.7822265625,-328.5595703125,-332.00042724609375,-340.28363037109375,-234.96636962890625,-210.4188232421875,-330.534912109375,-110.32244873046875,-163.5914306640625,-179.0289306640625,-49.7099609375,-92.0146484375,-80.58953857421875,-88.0650634765625,-12.18243408203125,-24.960205078125,29.314300537109375,27.29833984375,37.9298095703125,-3.209503173828125,19.630279541015625,41.8153076171875
"S285",47.963623046875,61.071075439453125,67.82965087890625,123.76324462890625,155.99853515625,159.58737182617188,149.999267578125,183.70046997070312,189.21945190429688,206.53753662109375,213.01644897460938,176.17813110351562,151.66470336914062,183.65261840820312,185.83090209960938,216.24343872070312,226.11679077148438,231.97003173828125,236.30392456054688,252.14952087402344,263.5579376220703,257.4181671142578,256.3443145751953,268.8929138183594,273.49607849121094,264.3956756591797,262.24220275878906,271.4427947998047,255.4728546142578,269.59901428222656,264.40052795410156,265.9930725097656,279.7908477783203,276.0159454345703,278.75927734375,256.30845642089844,255.8986358642578,259.36370849609375,250.73892211914062,250.3102264404297,203.36325073242188,174.80487060546875,152.84616088867188,129.0277099609375,102.460693359375,68.31732177734375,-5.5380859375,-59.1470947265625,-144.80712890625,-349.05548095703125,-424.6429443359375,-516.2382202148438,-518.5680541992188,-641.7926025390625,-893.4815673828125,-859.4888916015625,-897.7149658203125,-1025.0804443359375,-1006.94384765625,-1118.35498046875,-1234.17822265625,-1378.322998046875,-1284.69384765625,-1357.0958251953125,-1398.432373046875,-1442.8350830078125,-1375.212158203125,-1330.091552734375,-1336.349853515625,-1308.49658203125,-1261.5089111328125,-1280.652587890625,-1344.9967041015625,-1376.4141845703125,-1417.141845703125,-1469.8272705078125,-1345.001220703125,-1335.1806640625,-1381.4085693359375,-1339.6373291015625,-1279.9791259765625,-1280.7486572265625,-1256.1580810546875,-1113.7783203125,-1160.8779296875,-1124.161865234375,-1155.2584228515625,-1125.578125,-1179.162841796875,-1155.1558837890625,-1133.685546875,-1144.95556640625,-1120.85498046875,-1097.7308349609375,-1101.2449951171875,-1129.3614501953125,-1201.61279296875,-1153.7918701171875,-1101.24609375,-1075.8876953125,-1047.057373046875,-1163.2352294921875,-1026.7086181640625,-1103.76611328125,-1056.974853515625,-1042.5125732421875,-926.74951171875,-907.5340576171875,-822.0064697265625,-762.94091796875,-720.41064453125,-667.7640380859375,-726.5335693359375,-629.6712646484375,-583.19482421875,-518.9971313476562,-478.771484375,-394.40911865234375,-348.33148193359375,-313.06121826171875,-317.0045166015625,-260.7161865234375,-232.1683349609375,-140.2381591796875,-113.23291015625,-55.84185791015625,-31.8380126953125,-7.685455322265625,-51.59344482421875,-50.59967041015625,-131.55255126953125,-80.58953857421875,-11.78253173828125,1.278411865234375,41.203033447265625,34.028564453125,58.6680908203125,37.9298095703125,-3.209503173828125,19.630279541015625,41.8153076171875
"S286",47.963623046875,61.071075439453125,67.82965087890625,123.76324462890625,155.99853515625,159.58737182617188,149.999267578125,183.70046997070312,189.21945190429688,206.53753662109375,213.01644897460938,176.17813110351562,151.66470336914062,183.65261840820312,185.83090209960938,201.02157592773438,219.88900756835938,231.97003173828125,235.47021484375,251.41053771972656,263.5579376220703,254.22720336914062,248.2236785888672,260.37229919433594,266.1460266113281,249.81881713867188,262.24220275878906,271.4427947998047,235.55398559570312,269.59901428222656,264.40052795410156,265.9930725097656,279.7908477783203,276.0159454345703,278.75927734375,252.2471466064453,254.44189453125,259.36370849609375,250.73892211914062,250.3102264404297,203.36325073242188,169.769287109375,128.72567749023438,99.29443359375,99.61709594726562,68.31732177734375,-5.5380859375,-59.1470947265625,-144.80712890625,-349.05548095703125,-424.6429443359375,-536.697998046875,-584.7100830078125,-809.818115234375,-1132.296875,-1101.423583984375,-1151.6435546875,-1268.830810546875,-1223.186279296875,-1306.1444091796875,-1376.1318359375,-1399.716552734375,-1332.326904296875,-1445.7027587890625,-1541.079345703125,-1494.4227294921875,-1424.5806884765625,-1330.091552734375,-1336.349853515625,-1308.49658203125,-1261.5089111328125,-1280.652587890625,-1344.9967041015625,-1376.4141845703125,-1417.141845703125,-1549.27197265625,-1370.8424072265625,-1393.7147216796875,-1467.118408203125,-1560.993896484375,-1549.481689453125,-1511.4993896484375,-1354.98193359375,-1151.6356201171875,-1160.8779296875,-1124.161865234375,-1155.2584228515625,-1125.578125,-1179.162841796875,-1155.1558837890625,-1201.3978271484375,-1144.95556640625,-1120.85498046875,-1097.7308349609375,-1112.6680908203125,-1131.5457763671875,-1249.8817138671875,-1170.0321044921875,-1102.4547119140625,-1075.8876953125,-1047.057373046875,-1163.2352294921875,-1026.7086181640625,-1103.76611328125,-1066.88916015625,-1042.5125732421875,-926.74951171875,-907.5340576171875,-822.0064697265625,-762.94091796875,-720.41064453125,-667.7640380859375,-726.5335693359375,-629.6712646484375,-583.19482421875,-518.9971313476562,-478.771484375,-394.40911865234375,-348.33148193359375,-313.06121826171875,-317.0045166015625,-260.7161865234375,-232.1683349609375,-140.2381591796875,-113.23291015625,-55.84185791015625,-31.8380126953125,-7.685455322265625,-51.59344482421875,-50.59967041015625,-131.55255126953125,-80.58953857421875,-11.78253173828125,1.278411865234375,41.203033447265625,34.028564453125,58.6680908203125,37.9298095703125,-3.209503173828125,19.630279541015625,41.8153076171875
"S287",44.095306396484375,61.071075439453125,67.82965087890625,109.90548706054688,127.96652221679688,159.58737182617188,149.999267578125,183.70046997070312,189.21945190429688,206.53753662109375,213.01644897460938,176.17813110351562,151.66470336914062,183.65261840820312,185.83090209960938,201.02157592773438,207.680419921875,213.960693359375,216.86077880859375,212.136962890625,217.04888916015625,216.078369140625,211.98825073242188,221.63253784179688,224.77285766601562,220.69009399414062,237.75,240.29153442382812,228.89151000976562,240.53561401367188,218.49508666992188,226.63397216796875,239.93209838867188,230.17355346679688,224.58544921875,155.03640747070312,182.924560546875,195.70663452148438,178.6292724609375,158.74642944335938,104.19537353515625,72.16986083984375,62.33416748046875,10.647491455078125,-5.748992919921875,-41.6348876953125,-125.65936279296875,-144.67803955078125,-232.05145263671875,-381.01361083984375,-424.6429443359375,-545.1326904296875,-675.9490966796875,-934.1241455078125,-1135.5482177734375,-1281.189453125,-1308.6143798828125,-1336.998046875,-1418.927978515625,-1394.205810546875,-1444.7532958984375,-1454.5264892578125,-1440.5057373046875,-1500.4449462890625,-1541.079345703125,-1573.410888671875,-1543.195068359375,-1705.705078125,-1606.625244140625,-1631.5107421875,-1676.253173828125,-1653.41064453125,-1711.416748046875,-1716.4580078125,-1664.70849609375,-1776.404296875,-1568.911376953125,-1622.82177734375,-1769.479736328125,-1745.99560546875,-1775.989990234375,-1826.5361328125,-2096.236572265625,-1768.236328125,-1710.572265625,-1861.52294921875,-1874.231689453125,-1811.5986328125,-1876.659912109375,-1806.899658203125,-1655.61962890625,-1614.716064453125,-1629.186279296875,-1661.971923828125,-1591.892333984375,-1528.3743896484375,-1571.107177734375,-1503.59619140625,-1446.400634765625,-1508.193359375,-1380.971923828125,-1495.9378662109375,-1453.4630126953125,-1455.1292724609375,-1416.390869140625,-1309.8558349609375,-1206.478271484375,-1150.373779296875,-1135.014892578125,-1095.443359375,-947.4150390625,-917.3199462890625,-888.2373046875,-816.740478515625,-734.481689453125,-679.644287109375,-646.3724365234375,-584.84716796875,-505.422607421875,-471.33154296875,-464.1610107421875,-435.30572509765625,-356.3472900390625,-365.41204833984375,-383.2855224609375,-287.0576171875,-198.3094482421875,-179.1463623046875,-229.4620361328125,-205.46917724609375,-251.4720458984375,-193.34747314453125,-116.1395263671875,-147.13104248046875,-119.07196044921875,-88.874755859375,-62.0223388671875,-84.70440673828125,-60.4368896484375,-72.56671142578125,-63.88922119140625
"S288",186.09500122070312,179.90673828125,218.87124633789062,240.73037719726562,227.23245239257812,249.2345428466797,268.5715026855469,277.1249542236328,282.4246063232422,287.0456237792969,293.07252502441406,294.44667053222656,298.2953796386719,306.3214569091797,299.64833068847656,303.3730163574219,310.64585876464844,302.1539306640625,314.3246307373047,316.89540100097656,312.1773681640625,320.30870056152344,328.4881134033203,322.01377868652344,324.6424255371094,324.0646209716797,322.3294677734375,327.5547790527344,335.5510559082031,328.42762756347656,328.3848419189453,334.01731872558594,326.7403869628906,327.4462432861328,323.5498046875,320.04071044921875,319.891845703125,306.1977844238281,300.0449981689453,284.5509338378906,277.2549133300781,254.56155395507812,237.22857666015625,220.12246704101562,178.5438232421875,179.54974365234375,106.07601928710938,61.002105712890625,42.66387939453125,8.82025146484375,-37.5699462890625,-72.99566650390625,-68.31964111328125,-181.98944091796875,-162.367431640625,-141.14068603515625,-160.87982177734375,-147.56292724609375,-187.00323486328125,-166.01837158203125,-198.8785400390625,-208.59466552734375,-154.98699951171875,-149.4422607421875,-109.09014892578125,-92.89178466796875,-200.916015625,-81.224609375,-69.83831787109375,-102.75006103515625,-93.73370361328125,-122.6510009765625,-96.685791015625,-60.78350830078125,-85.556396484375,-101.35711669921875,-78.5133056640625,-97.5084228515625,-96.2752685546875,-62.1318359375,-95.15167236328125,-101.49017333984375,-98.4464111328125,-153.894287109375,-145.20196533203125,-151.08709716796875,-74.90765380859375,-60.29144287109375,-51.41796875,-58.7120361328125,-91.12353515625,-63.68353271484375,-70.31719970703125,-51.75543212890625,-54.90625,-22.57989501953125,-68.89288330078125,-73.47747802734375,-65.70819091796875,-34.841796875,-68.82733154296875,-65.6981201171875,-62.30987548828125,-32.193359375,-19.9029541015625,-47.3787841796875,-14.20635986328125,-46.24566650390625,-62.75152587890625,-124.032958984375,-57.62457275390625,-133.1240234375,-72.61370849609375,-49.241943359375,-76.6990966796875,-63.64630126953125,-5.892486572265625,-17.09234619140625,-34.33062744140625,8.4305419921875,18.312042236328125,35.73297119140625,48.56097412109375,61.39202880859375,37.25250244140625,18.277618408203125,-41.3226318359375,-82.974609375,-40.3477783203125,-21.62042236328125,-23.8092041015625,1.828765869140625,-1.46771240234375,21.872283935546875,31.022979736328125,14.34820556640625,55.99322509765625,45.413055419921875,53.39227294921875,35.56658935546875,82.478759765625
"S289",186.09500122070312,179.90673828125,218.87124633789062,240.73037719726562,227.23245239257812,249.2345428466797,268.5715026855469,277.1249542236328,282.4246063232422,287.0456237792969,293.07252502441406,294.44667053222656,298.2953796386719,306.3214569091797,299.64833068847656,303.3730163574219,310.64585876464844,302.1539306640625,314.3246307373047,316.89540100097656,312.1773681640625,320.30870056152344,328.4881134033203,322.01377868652344,324.6424255371094,324.0646209716797,322.3294677734375,327.5547790527344,335.5510559082031,328.42762756347656,328.3848419189453,334.01731872558594,326.7403869628906,327.4462432861328,323.5498046875,320.04071044921875,319.891845703125,306.1977844238281,300.0449981689453,284.5509338378906,277.2549133300781,254.56155395507812,237.22857666015625,220.12246704101562,178.5438232421875,179.54974365234375,106.07601928710938,61.002105712890625,42.66387939453125,8.82025146484375,-37.5699462890625,-72.99566650390625,-68.31964111328125,-181.98944091796875,-162.367431640625,-141.14068603515625,-160.87982177734375,-147.56292724609375,-187.00323486328125,-166.01837158203125,-198.8785400390625,-208.59466552734375,-154.98699951171875,-149.4422607421875,-109.09014892578125,-92.89178466796875,-200.916015625,-81.224609375,-69.83831787109375,-102.75006103515625,-93.73370361328125,-122.6510009765625,-96.685791015625,-97.38775634765625,-85.556396484375,-101.35711669921875,-78.5133056640625,-97.5084228515625,-96.2752685546875,-62.1318359375,-95.15167236328125,-101.49017333984375,-98.4464111328125,-153.894287109375,-145.20196533203125,-151.08709716796875,-74.90765380859375,-60.29144287109375,-51.41796875,-58.7120361328125,-91.12353515625,-63.68353271484375,-70.31719970703125,-51.75543212890625,-54.90625,-22.57989501953125,-68.89288330078125,-73.47747802734375,-65.70819091796875,-34.841796875,-68.82733154296875,-65.6981201171875,-62.30987548828125,-32.193359375,-19.9029541015625,-47.3787841796875,-14.20635986328125,-46.24566650390625,-62.75152587890625,-124.032958984375,-57.62457275390625,-133.1240234375,-72.61370849609375,-49.241943359375,-76.6990966796875,-63.64630126953125,-5.892486572265625,-17.09234619140625,-61.07275390625,8.4305419921875,18.312042236328125,35.73297119140625,48.56097412109375,61.39202880859375,37.25250244140625,18.277618408203125,-41.3226318359375,-82.974609375,-40.3477783203125,-21.62042236328125,-23.8092041015625,1.828765869140625,-1.46771240234375,21.872283935546875,31.022979736328125,14.34820556640625,55.99322509765625,45.413055419921875,53.39227294921875,35.56658935546875,82.478759765625
"S290",-145.69189453125,-337.1624755859375,-105.0028076171875,-72.8431396484375,-125.7635498046875,-76.15087890625,-73.312255859375,-51.92559814453125,-7.50537109375,-28.632568359375,-112.13604736328125,14.953857421875,39.16864013671875,76.57833862304688,56.55657958984375,47.51593017578125,65.21221923828125,45.841461181640625,73.84332275390625,122.25103759765625,112.09539794921875,114.64389038085938,144.86880493164062,132.8262939453125,142.49874877929688,128.03170776367188,130.95480346679688,125.21630859375,130.01400756835938,163.4942626953125,138.6099853515625,135.82196044921875,178.15475463867188,155.1676025390625,149.45278930664062,175.67926025390625,89.10491943359375,133.6357421875,134.57882690429688,119.07855224609375,109.0394287109375,56.66595458984375,46.202789306640625,62.682281494140625,37.897003173828125,-28.0654296875,-101.342529296875,-255.76123046875,-318.300537109375,-532.359619140625,-407.86334228515625,-608.947021484375,-433.69854736328125,-543.8175048828125,-766.009765625,-541.6246337890625,-534.373779296875,-601.317138671875,-642.0196533203125,-603.3634033203125,-753.1741943359375,-571.6907958984375,-541.4080810546875,-640.299072265625,-530.4476318359375,-491.09613037109375,-596.9842529296875,-615.856689453125,-616.9990234375,-561.0120849609375,-553.1512451171875,-600.3006591796875,-585.7984619140625,-952.3388671875,-798.723876953125,-701.8260498046875,-813.4647216796875,-687.4534912109375,-628.8775634765625,-556.400390625,-582.32177734375,-477.98565673828125,-559.4427490234375,-485.13201904296875,-428.64697265625,-446.93865966796875,-387.7923583984375,-485.742919921875,-402.932373046875,-562.056396484375,-526.944091796875,-477.5565185546875,-372.7213134765625,-394.275634765625,-394.32177734375,-429.36553955078125,-373.57647705078125,-402.67437744140625,-489.40887451171875,-604.7657470703125,-433.7008056640625,-455.10028076171875,-476.787109375,-595.4691162109375,-402.07086181640625,-459.3656005859375,-438.5863037109375,-560.40283203125,-673.405517578125,-1031.853759765625,-492.00604248046875,-490.3636474609375,-393.11962890625,-449.8544921875,-563.4200439453125,-560.362548828125,-520.8903198242188,-513.3261108398438,-1100.77490234375,-597.3365478515625,-476.97296142578125,-479.0469970703125,-544.8802490234375,-504.828125,-597.5721435546875,-682.0369873046875,-555.4029541015625,-496.9644775390625,-415.03857421875,-389.40234375,-497.42913818359375,-477.51605224609375,-368.655517578125,-468.57568359375,-587.3353271484375,-688.133056640625,-446.2838134765625,-384.4527587890625,-418.20379638671875,-346.1322021484375,-383.20355224609375
"S291",-179.90435791015625,-202.8680419921875,-45.54876708984375,-27.16473388671875,-74.0048828125,31.099853515625,-72.6868896484375,4.006683349609375,51.5054931640625,0.27630615234375,-107.686279296875,49.170379638671875,71.26083374023438,90.93521118164062,45.82611083984375,58.25054931640625,62.584503173828125,63.24169921875,109.41131591796875,136.60501098632812,145.20904541015625,141.30731201171875,183.2965087890625,124.03070068359375,163.91156005859375,130.3802490234375,145.29168701171875,148.9415283203125,128.39132690429688,171.75985717773438,139.62722778320312,143.7342529296875,180.795166015625,157.551025390625,158.6004638671875,210.878173828125,130.28805541992188,160.96469116210938,169.7691650390625,138.75222778320312,159.888671875,111.330322265625,109.38088989257812,90.87139892578125,40.307586669921875,73.04217529296875,-109.89471435546875,-187.2314453125,-50.76904296875,-102.80401611328125,-214.87774658203125,-212.21954345703125,-76.16790771484375,-153.81390380859375,-155.8834228515625,-66.64361572265625,-199.96630859375,-163.40576171875,-140.737060546875,-141.01165771484375,-95.25579833984375,-109.67071533203125,-59.5345458984375,-172.84228515625,-111.22052001953125,-98.201416015625,-149.110107421875,-81.224609375,-135.3447265625,-209.15936279296875,-189.6348876953125,-224.4322509765625,-140.60748291015625,-106.98162841796875,-182.11602783203125,-291.39141845703125,-188.10205078125,-253.0032958984375,-218.83837890625,-129.63763427734375,-139.5806884765625,-163.39654541015625,-184.2930908203125,-220.77398681640625,-94.60491943359375,-151.08709716796875,-108.49139404296875,-160.46392822265625,-242.21038818359375,-119.21697998046875,-99.2513427734375,-199.63055419921875,-166.3486328125,-137.00738525390625,-173.59686279296875,-125.9110107421875,-140.0146484375,-154.832763671875,-208.28607177734375,-191.82568359375,-175.51763916015625,-161.54718017578125,-153.1409912109375,-161.47369384765625,-133.81793212890625,-203.28076171875,-241.849365234375,-374.81689453125,-250.29620361328125,-291.42840576171875,-183.3905029296875,-295.07244873046875,-154.20086669921875,-407.56561279296875,-595.38232421875,-504.80352783203125,-343.32879638671875,-368.37139892578125,-331.79913330078125,-411.82293701171875,-298.1583251953125,-313.88116455078125,-407.55609130859375,-443.7440185546875,-518.1859741210938,-472.119140625,-512.6614379882812,-465.97625732421875,-365.70904541015625,-486.9921875,-417.5855712890625,-437.22869873046875,-258.162353515625,-387.2786865234375,-573.65966796875,-615.504638671875,-348.484375,-430.00836181640625,-346.03131103515625,-328.88134765625,-301.37493896484375
"S292",163.20822143554688,184.29827880859375,196.13302612304688,223.93145751953125,227.23245239257812,249.2345428466797,217.78610229492188,194.84115600585938,196.617431640625,282.17523193359375,293.07252502441406,283.58160400390625,277.8418884277344,300.89210510253906,272.64019775390625,279.1765899658203,288.1551513671875,287.9075622558594,293.2770690917969,313.9971923828125,293.6516418457031,304.52227783203125,328.4881134033203,295.8111114501953,306.56187438964844,322.25958251953125,302.89930725097656,319.3762664794922,325.92315673828125,313.331298828125,313.2789611816406,329.6028594970703,307.8114318847656,307.7101745605469,317.27130126953125,320.04071044921875,312.3284454345703,293.40553283691406,285.59288024902344,272.20216369628906,251.21864318847656,254.56155395507812,237.22857666015625,218.052001953125,78.57516479492188,179.54974365234375,14.795257568359375,47.803070068359375,42.66387939453125,8.82025146484375,-59.25592041015625,-72.99566650390625,-68.31964111328125,-153.81390380859375,-122.30645751953125,-66.64361572265625,-108.4449462890625,-84.159423828125,-123.86468505859375,-107.72833251953125,-72.67919921875,-81.25360107421875,-59.189453125,-172.84228515625,-111.22052001953125,-98.201416015625,-149.110107421875,-81.224609375,-69.83831787109375,-102.75006103515625,-93.73370361328125,-80.78192138671875,-50.33172607421875,-60.78350830078125,-85.556396484375,-69.1353759765625,-78.5133056640625,-76.78070068359375,-96.2752685546875,-62.1318359375,-47.6329345703125,-69.926025390625,-98.4464111328125,-150.27850341796875,-85.4656982421875,-151.08709716796875,-74.90765380859375,-60.29144287109375,-51.41796875,-58.7120361328125,-64.887939453125,-60.28558349609375,-54.93994140625,-48.31573486328125,-54.90625,-22.57989501953125,-68.89288330078125,-58.8704833984375,-54.6239013671875,-15.48284912109375,-68.82733154296875,-65.6981201171875,-62.30987548828125,-32.193359375,-19.9029541015625,-47.3787841796875,-14.20635986328125,-46.24566650390625,-62.75152587890625,-113.34918212890625,-63.65972900390625,-103.26513671875,-73.1544189453125,-84.86907958984375,-159.5819091796875,-83.85357666015625,-17.02691650390625,-59.66375732421875,-45.923095703125,-6.9439697265625,25.085784912109375,35.246246337890625,-28.1514892578125,19.682647705078125,-40.53369140625,-7.887847900390625,-8.06622314453125,-74.91339111328125,-50.20025634765625,-88.54498291015625,-17.9552001953125,1.828765869140625,-1.46771240234375,21.872283935546875,31.022979736328125,14.34820556640625,59.99774169921875,-27.998046875,53.39227294921875,-2.186767578125,26.6370849609375
"S293",147.84994506835938,200.91458129882812,205.92401123046875,240.73037719726562,227.23245239257812,237.8150634765625,242.87997436523438,161.68756103515625,186.519775390625,282.8744354248047,293.07252502441406,271.2858428955078,282.85089111328125,290.21234130859375,268.6448974609375,287.1947479248047,291.2261962890625,290.0948181152344,296.7088317871094,301.7834167480469,292.1488952636719,304.51182556152344,309.0542907714844,307.6261749267578,324.6424255371094,316.64247131347656,298.7803039550781,327.5547790527344,322.4476776123047,317.76622009277344,326.8815002441406,323.3578186035156,313.9827880859375,321.84974670410156,321.4253234863281,302.47337341308594,301.5674743652344,259.07713317871094,273.9440155029297,266.8748321533203,194.85659790039062,232.79364013671875,199.90939331054688,68.26055908203125,44.991912841796875,143.24887084960938,45.9385986328125,58.2913818359375,42.66387939453125,-104.957763671875,-128.1895751953125,-147.09552001953125,-68.31964111328125,-153.81390380859375,-122.30645751953125,-66.64361572265625,-108.4449462890625,-84.159423828125,-113.80596923828125,-116.47161865234375,-72.67919921875,-81.25360107421875,-71.34881591796875,-172.84228515625,-111.22052001953125,-98.201416015625,-203.79766845703125,-94.5267333984375,-69.83831787109375,-102.75006103515625,-102.67974853515625,-80.78192138671875,-50.33172607421875,-77.2412109375,-85.556396484375,-69.1353759765625,-78.5133056640625,-76.78070068359375,-100.908935546875,-62.1318359375,-117.9622802734375,-69.926025390625,-130.69036865234375,-278.92742919921875,-85.4656982421875,-151.08709716796875,-145.56756591796875,-88.35693359375,-103.7578125,-71.58209228515625,-83.828369140625,-60.28558349609375,-54.93994140625,-48.31573486328125,-54.90625,-22.57989501953125,-120.10137939453125,-58.8704833984375,-32.8189697265625,-67.7784423828125,-179.323974609375,-150.58477783203125,-62.30987548828125,-32.193359375,-46.6512451171875,-57.263671875,-14.20635986328125,-46.24566650390625,-73.04058837890625,-113.34918212890625,-63.65972900390625,-133.3839111328125,-73.1544189453125,-21.26556396484375,-100.86322021484375,-72.33544921875,-46.8046875,-35.669921875,-72.81036376953125,-173.153076171875,25.085784912109375,-33.34564208984375,-86.1702880859375,12.967620849609375,25.32122802734375,-17.0184326171875,14.096405029296875,-29.6746826171875,-36.22186279296875,-21.62042236328125,-17.9552001953125,1.828765869140625,-1.46771240234375,21.872283935546875,31.022979736328125,14.34820556640625,59.99774169921875,24.48553466796875,53.39227294921875,-50.7835693359375,56.1976318359375
"S294",11.975341796875,50.636749267578125,39.60302734375,105.59515380859375,142.62713623046875,119.66653442382812,73.8114013671875,126.41909790039062,130.30523681640625,148.744873046875,190.95870971679688,177.69622802734375,158.72067260742188,173.44430541992188,162.71145629882812,182.15673828125,198.63006591796875,191.87442016601562,200.735107421875,212.36325073242188,213.90255737304688,207.6954345703125,223.87200927734375,220.70278930664062,223.6529541015625,224.62600708007812,232.9945068359375,231.219970703125,242.47628784179688,233.74447631835938,248.1957244873047,243.34512329101562,243.00924682617188,241.92752075195312,247.05099487304688,185.49435424804688,178.30120849609375,214.255126953125,214.02340698242188,184.50286865234375,178.47607421875,135.956298828125,135.94573974609375,110.98526000976562,-37.62957763671875,-34.3116455078125,-24.72314453125,-124.2471923828125,-187.42877197265625,-103.9254150390625,-144.896728515625,-174.009033203125,-146.28961181640625,-202.4150390625,-257.23358154296875,-282.203369140625,-235.00018310546875,-235.21746826171875,-295.7496337890625,-272.04595947265625,-401.11907958984375,-350.689697265625,-345.77545166015625,-338.66473388671875,-341.9093017578125,-381.67327880859375,-305.26080322265625,-314.60992431640625,-310.84783935546875,-302.24664306640625,-335.29833984375,-385.1517333984375,-350.84136962890625,-263.51654052734375,-300.146484375,-300.97027587890625,-292.442626953125,-278.57373046875,-311.63836669921875,-288.03515625,-301.2236328125,-313.01202392578125,-318.46270751953125,-307.5445556640625,-342.31298828125,-294.54571533203125,-452.89007568359375,-497.28216552734375,-532.623779296875,-405.98919677734375,-379.6025390625,-316.44598388671875,-330.44512939453125,-335.17340087890625,-315.6754150390625,-406.68841552734375,-460.07147216796875,-343.22235107421875,-305.30743408203125,-255.0513916015625,-359.81829833984375,-314.2830810546875,-289.33837890625,-303.06536865234375,-329.40850830078125,-340.73712158203125,-380.3917236328125,-417.51934814453125,-455.0101318359375,-405.83233642578125,-486.48565673828125,-391.825927734375,-329.52728271484375,-523.0146484375,-329.88226318359375,-225.71630859375,-196.909423828125,-141.13934326171875,-141.02301025390625,-129.95758056640625,-138.0361328125,-155.181884765625,-79.69366455078125,-148.8984375,-155.713134765625,-167.5087890625,-70.2657470703125,-107.727294921875,-74.5235595703125,-42.87176513671875,-60.47479248046875,-12.78131103515625,-42.05303955078125,-30.52178955078125,-34.34716796875,-11.85662841796875,45.68408203125,37.411346435546875,39.7255859375,-38.56298828125,9.82122802734375
"S295",169.33108520507812,134.096435546875,138.139404296875,143.622314453125,184.68743896484375,200.17327880859375,225.75161743164062,222.52127075195312,245.37600708007812,239.90557861328125,265.3088073730469,230.371337890625,233.5615234375,250.8856658935547,250.39564514160156,260.6088104248047,268.4296417236328,260.43235778808594,219.576904296875,269.24903869628906,269.2731628417969,262.1535186767578,286.59251403808594,282.03619384765625,268.7782745361328,290.7832946777344,287.4517517089844,276.7250518798828,309.6316680908203,296.818115234375,246.3419647216797,289.57594299316406,279.2617645263672,253.5427703857422,299.37257385253906,301.43653869628906,253.61541748046875,287.7491455078125,297.923583984375,268.8080139160156,249.76412963867188,228.90762329101562,189.0985107421875,194.86627197265625,-21.92498779296875,135.73440551757812,127.45877075195312,49.350494384765625,42.38909912109375,26.6356201171875,23.30352783203125,-239.7734375,-61.38507080078125,-5.98712158203125,-146.7325439453125,-68.99407958984375,-114.34979248046875,-174.84307861328125,-112.33673095703125,-107.36383056640625,-222.16961669921875,-218.2103271484375,-157.36651611328125,-149.34765625,-173.0596923828125,-165.96624755859375,-126.88543701171875,-171.05194091796875,-328.280029296875,-184.562744140625,-268.38104248046875,-321.44976806640625,-270.8931884765625,-147.8531494140625,-233.48388671875,-160.22491455078125,-209.59808349609375,-193.3804931640625,-230.3988037109375,-232.88385009765625,-254.89007568359375,-267.05352783203125,-241.903564453125,-193.8289794921875,-210.69781494140625,-488.2430419921875,-156.0208740234375,-153.74169921875,-305.93023681640625,-184.8031005859375,-128.65631103515625,-98.3507080078125,-143.625732421875,-134.10577392578125,-191.0499267578125,-147.19293212890625,-170.46173095703125,-130.19451904296875,-125.81201171875,-181.3953857421875,-87.3223876953125,-69.93072509765625,-74.27703857421875,-66.8448486328125,-74.23291015625,-88.796142578125,-74.00299072265625,-78.37335205078125,-53.119384765625,-63.480224609375,-59.500244140625,-109.09075927734375,-68.80059814453125,-6.70843505859375,-133.93585205078125,-347.426513671875,-61.8885498046875,-28.0438232421875,-46.598388671875,61.26129150390625,46.698516845703125,87.37493896484375,85.10418701171875,27.387939453125,39.920074462890625,60.6693115234375,68.16702270507812,102.5924072265625,76.3427734375,91.2845458984375,16.000579833984375,59.169708251953125,89.8553466796875,98.2830810546875,83.79251098632812,94.3504638671875,-60.6702880859375,145.76959228515625,141.22024536132812,95.76751708984375,129.572998046875
"S296",86.387939453125,124.55490112304688,126.30935668945312,84.17660522460938,78.84884643554688,53.872283935546875,150.68606567382812,117.85406494140625,30.19830322265625,119.34127807617188,123.85748291015625,114.96725463867188,98.76187133789062,125.02999877929688,135.399658203125,170.9874267578125,133.97348022460938,138.23922729492188,187.55038452148438,158.22116088867188,158.51654052734375,158.5579833984375,180.80441284179688,156.38482666015625,167.94735717773438,172.88775634765625,224.92266845703125,242.19207763671875,260.3309326171875,246.76275634765625,248.45176696777344,272.3002014160156,284.2372283935547,283.06272888183594,290.1625671386719,301.43653869628906,260.57159423828125,302.85882568359375,282.20794677734375,294.90769958496094,278.8917236328125,269.5221710205078,240.037109375,224.47799682617188,78.31674194335938,150.98388671875,129.11923217773438,79.5809326171875,67.08450317382812,64.5206298828125,29.50152587890625,-56.66387939453125,-3.91259765625,-5.98712158203125,-41.19415283203125,-112.2978515625,-127.76776123046875,-212.4434814453125,-149.7469482421875,-156.66156005859375,-222.16961669921875,-245.06719970703125,-182.789306640625,-149.34765625,-197.43865966796875,-202.29730224609375,-164.86236572265625,-192.07830810546875,-256.35418701171875,-158.38751220703125,-314.640625,-258.32470703125,-213.451171875,-147.8531494140625,-193.77105712890625,-188.17999267578125,-209.59808349609375,-193.3804931640625,-230.3988037109375,-232.88385009765625,-209.059326171875,-247.7147216796875,-331.79132080078125,-227.42486572265625,-250.826171875,-273.9661865234375,-166.26556396484375,-214.12890625,-324.89453125,-184.8031005859375,-263.56170654296875,-312.19085693359375,-378.72369384765625,-338.11822509765625,-341.9947509765625,-305.0894775390625,-513.4342651367188,-300.71832275390625,-262.523681640625,-375.1251220703125,-193.47210693359375,-211.27606201171875,-276.18658447265625,-153.4261474609375,-171.5313720703125,-146.9276123046875,-257.519775390625,-224.73077392578125,-170.06146240234375,-243.036865234375,-130.9996337890625,-137.72991943359375,-204.86224365234375,-193.51593017578125,-223.3582763671875,-259.671142578125,-92.6873779296875,-54.39385986328125,-74.12811279296875,-67.30181884765625,-56.74755859375,37.4405517578125,-7.9483642578125,-39.21240234375,-98.89044189453125,-171.99468994140625,38.415924072265625,84.82760620117188,35.804534912109375,12.45318603515625,16.000579833984375,39.63275146484375,89.8553466796875,40.302154541015625,83.79251098632812,89.8388671875,-18.24444580078125,101.94577026367188,66.9420166015625,18.509735107421875,105.91995239257812
"S297",28.58306884765625,127.080322265625,125.17498779296875,-4.18939208984375,-29.32794189453125,-43.75714111328125,95.57138061523438,54.7027587890625,-122.78033447265625,43.369232177734375,36.85870361328125,37.498443603515625,20.25408935546875,49.911712646484375,56.22418212890625,117.43740844726562,53.696136474609375,64.22479248046875,177.70703125,94.88189697265625,77.17587280273438,89.69439697265625,116.1339111328125,75.20523071289062,109.41357421875,101.68801879882812,179.34002685546875,219.33770751953125,230.68911743164062,198.36325073242188,245.35745239257812,255.05300903320312,284.5485382080078,299.32362365722656,280.76824951171875,277.61602783203125,262.3958740234375,313.474365234375,263.56317138671875,309.63482666015625,288.44508361816406,274.06947326660156,271.8081359863281,229.4710693359375,130.2518310546875,157.00860595703125,117.62570190429688,79.5809326171875,67.08450317382812,60.04974365234375,-22.295654296875,-11.03765869140625,-5.2620849609375,-52.11669921875,-41.19415283203125,-164.277587890625,-197.4224853515625,-267.9388427734375,-236.70751953125,-202.10406494140625,-228.91156005859375,-323.69384765625,-286.025390625,-205.89117431640625,-258.72003173828125,-314.4375,-211.08599853515625,-244.9010009765625,-236.15679931640625,-190.77130126953125,-393.15997314453125,-247.29681396484375,-167.0638427734375,-155.18951416015625,-193.915771484375,-227.487548828125,-273.4774169921875,-193.3804931640625,-251.62384033203125,-254.8990478515625,-209.059326171875,-248.92633056640625,-424.97503662109375,-266.55938720703125,-344.3634033203125,-150.0491943359375,-162.8172607421875,-249.14813232421875,-335.61285400390625,-238.77398681640625,-396.491943359375,-477.14892578125,-583.676025390625,-511.25701904296875,-414.089599609375,-361.99951171875,-749.298583984375,-425.207763671875,-319.7841796875,-454.71356201171875,-250.7572021484375,-296.76806640625,-403.6107177734375,-244.31951904296875,-226.131103515625,-199.7076416015625,-380.7916259765625,-290.8074951171875,-230.9342041015625,-315.86236572265625,-141.15936279296875,-140.4276123046875,-299.63519287109375,-304.20916748046875,-213.87030029296875,-170.34466552734375,-94.832275390625,-66.4647216796875,-93.43798828125,-170.1795654296875,-128.00140380859375,-1.16461181640625,-89.83294677734375,-27.124755859375,-161.53900146484375,-341.51336669921875,36.62310791015625,84.66629028320312,-1.1483154296875,-31.24725341796875,6.770477294921875,13.977447509765625,85.4908447265625,-20.57379150390625,53.938446044921875,77.91647338867188,49.8121337890625,66.75875854492188,27.13372802734375,-110.88299560546875,80.373779296875
"S298",245.8050079345703,265.4107971191406,248.63739013671875,264.7490234375,292.10108947753906,299.1387634277344,284.2386474609375,313.4075622558594,299.3097229003906,301.81842041015625,323.29408264160156,318.9337463378906,324.5780792236328,327.39146423339844,304.45152282714844,330.06605529785156,327.1052551269531,321.3852996826172,324.3990936279297,331.86134338378906,332.2572479248047,335.4389190673828,339.3612823486328,333.0221405029297,340.7185516357422,343.33399963378906,347.5983581542969,351.5833435058594,356.29820251464844,348.04331970214844,349.78363037109375,350.2409362792969,348.12286376953125,351.5335998535156,351.37782287597656,342.63323974609375,330.81031799316406,332.6611633300781,319.0028991699219,313.7420654296875,300.54864501953125,282.05479431152344,273.6095886230469,265.9737243652344,206.02072143554688,160.47296142578125,157.08334350585938,57.880279541015625,5.240325927734375,53.40386962890625,-25.9627685546875,-17.62994384765625,-36.6453857421875,-86.20135498046875,-135.44757080078125,-82.66790771484375,-68.10003662109375,-75.20037841796875,-112.33673095703125,-97.77899169921875,-222.16961669921875,-218.2103271484375,-166.974365234375,-149.34765625,-173.0596923828125,-165.96624755859375,-126.88543701171875,-134.52105712890625,-142.8875732421875,-125.63714599609375,-146.30755615234375,-161.54302978515625,-167.0638427734375,-147.8531494140625,-162.77099609375,-160.22491455078125,-209.59808349609375,-193.3804931640625,-230.3988037109375,-232.88385009765625,-268.99603271484375,-210.14886474609375,-202.18035888671875,-193.8289794921875,-210.69781494140625,-150.0491943359375,-143.95697021484375,-208.142578125,-150.0211181640625,-205.1751708984375,-156.2200927734375,-131.35894775390625,-170.41595458984375,-221.51837158203125,-199.064208984375,-146.267578125,-170.46173095703125,-130.19451904296875,-125.81201171875,-99.39178466796875,-112.50592041015625,-100.144287109375,-137.0257568359375,-146.9298095703125,-134.87615966796875,-144.03399658203125,-180.83056640625,-129.279052734375,-153.892333984375,-175.4837646484375,-42.5220947265625,-100.3551025390625,-101.31744384765625,-38.13677978515625,-36.173828125,74.81985473632812,71.81137084960938,62.459259033203125,-16.82501220703125,24.55810546875,61.701812744140625,121.09896850585938,118.06793212890625,106.48825073242188,90.72262573242188,61.1324462890625,89.95291137695312,107.38504028320312,88.0789794921875,112.62924194335938,90.78915405273438,56.0662841796875,114.22653198242188,124.62423706054688,131.64697265625,140.24118041992188,170.34616088867188,169.72515869140625,140.293701171875,138.81448364257812,163.48809814453125
"S299",245.8050079345703,265.4107971191406,248.63739013671875,264.7490234375,292.10108947753906,299.1387634277344,284.2386474609375,313.4075622558594,299.3097229003906,301.81842041015625,323.29408264160156,318.9337463378906,324.5780792236328,327.39146423339844,304.45152282714844,330.06605529785156,327.1052551269531,321.3852996826172,324.3990936279297,331.86134338378906,332.2572479248047,335.4389190673828,339.3612823486328,333.0221405029297,340.7185516357422,343.33399963378906,347.5983581542969,351.5833435058594,356.29820251464844,348.04331970214844,349.78363037109375,350.2409362792969,348.12286376953125,351.5335998535156,351.37782287597656,342.63323974609375,330.81031799316406,332.6611633300781,319.0028991699219,313.7420654296875,300.54864501953125,282.05479431152344,273.6095886230469,265.9737243652344,206.02072143554688,160.47296142578125,157.08334350585938,57.880279541015625,5.240325927734375,53.40386962890625,-25.9627685546875,-17.62994384765625,-36.6453857421875,-110.662109375,-149.3209228515625,-134.74066162109375,-137.12347412109375,-168.97088623046875,-161.1527099609375,-158.04693603515625,-222.16961669921875,-243.93096923828125,-233.81048583984375,-235.35028076171875,-203.2559814453125,-233.70306396484375,-179.79913330078125,-154.42169189453125,-212.62579345703125,-190.41094970703125,-214.2381591796875,-218.73211669921875,-229.478271484375,-196.69232177734375,-233.398681640625,-237.8494873046875,-253.6053466796875,-220.39935302734375,-236.17413330078125,-268.073974609375,-268.99603271484375,-262.1357421875,-270.35467529296875,-286.36151123046875,-266.32928466796875,-238.58758544921875,-223.796142578125,-232.3988037109375,-221.01971435546875,-230.412353515625,-223.04547119140625,-202.57275390625,-232.79266357421875,-221.51837158203125,-237.78887939453125,-227.34808349609375,-236.9798583984375,-203.85687255859375,-172.12335205078125,-235.64923095703125,-256.72802734375,-245.45526123046875,-262.1546630859375,-246.782958984375,-241.60394287109375,-293.040283203125,-293.3311767578125,-289.271484375,-296.93017578125,-263.841552734375,-230.40576171875,-242.21392822265625,-222.69097900390625,-180.5657958984375,-193.20556640625,-81.465087890625,-88.56011962890625,-141.40826416015625,-66.4959716796875,-6.19744873046875,4.406585693359375,32.58221435546875,52.617034912109375,45.727294921875,67.86898803710938,35.933624267578125,78.10952758789062,75.89273071289062,88.0789794921875,112.62924194335938,90.78915405273438,56.0662841796875,114.22653198242188,124.62423706054688,131.64697265625,140.24118041992188,170.34616088867188,169.72515869140625,140.293701171875,138.81448364257812,163.48809814453125
"S300",134.14553833007812,163.52490234375,135.079833984375,151.0408935546875,202.97543334960938,202.38870239257812,195.05242919921875,236.27978515625,213.58804321289062,226.25479125976562,254.35951232910156,246.18299865722656,248.696044921875,269.1875305175781,238.22909545898438,256.8816223144531,262.29945373535156,265.9675750732422,270.1426696777344,277.50172424316406,272.07176208496094,268.8064727783203,277.66307067871094,275.9574432373047,283.93333435058594,291.5123748779297,288.2216796875,289.1647186279297,291.6072692871094,275.40345764160156,283.1557312011719,290.1370849609375,285.69818115234375,281.76698303222656,278.92747497558594,270.5863037109375,250.61199951171875,258.2056884765625,252.83348083496094,239.358154296875,227.71719360351562,210.69088745117188,205.38143920898438,163.9716796875,132.03289794921875,76.88177490234375,47.145538330078125,-64.16632080078125,-94.02142333984375,-163.71246337890625,-154.57269287109375,-217.4786376953125,-245.7589111328125,-387.33447265625,-449.47412109375,-446.847900390625,-407.25567626953125,-443.80377197265625,-468.80535888671875,-476.04730224609375,-455.30950927734375,-530.6287841796875,-539.6204833984375,-565.105224609375,-609.71142578125,-508.96173095703125,-563.441650390625,-510.80609130859375,-504.13946533203125,-554.5267333984375,-614.7242431640625,-561.220947265625,-551.7935791015625,-553.0081787109375,-595.289306640625,-574.5985107421875,-548.3331298828125,-613.4964599609375,-605.3455810546875,-644.956787109375,-678.4190673828125,-661.882080078125,-688.3668212890625,-687.3631591796875,-663.904296875,-633.4937744140625,-621.755859375,-585.8997802734375,-574.77294921875,-572.6064453125,-539.54931640625,-526.8546142578125,-534.6180419921875,-515.1010131835938,-508.966796875,-497.15521240234375,-505.08221435546875,-459.49517822265625,-481.9810791015625,-493.9102783203125,-475.448486328125,-444.6029052734375,-472.85211181640625,-403.0635986328125,-389.75628662109375,-423.110595703125,-398.83624267578125,-444.91094970703125,-438.99346923828125,-380.50616455078125,-458.673095703125,-415.9451904296875,-423.21673583984375,-418.1500244140625,-413.42633056640625,-338.79901123046875,-363.2276611328125,-345.50128173828125,-347.20611572265625,-247.5604248046875,-211.4923095703125,-164.87005615234375,-131.97869873046875,-180.648193359375,-158.74127197265625,-231.1976318359375,-154.16558837890625,-192.58270263671875,-160.837890625,-128.9434814453125,-122.896728515625,-156.29058837890625,-126.6658935546875,-87.64227294921875,-49.5086669921875,-17.92572021484375,38.8670654296875,12.108184814453125,-48.9910888671875,-38.8961181640625,-15.64984130859375
"S301",134.14553833007812,163.52490234375,135.079833984375,153.77261352539062,197.667724609375,207.83261108398438,203.29095458984375,228.62606811523438,223.1939697265625,228.98373413085938,237.04495239257812,241.73715209960938,240.13088989257812,269.1875305175781,246.09165954589844,256.8816223144531,262.29945373535156,265.9675750732422,270.1426696777344,280.1498718261719,293.5811004638672,281.55181884765625,277.90257263183594,281.0867004394531,285.4990234375,291.5123748779297,295.46876525878906,290.73724365234375,291.6072692871094,283.75286865234375,283.1557312011719,290.1370849609375,300.6927947998047,282.34742736816406,278.62982177734375,276.1772155761719,255.8986358642578,268.4936981201172,261.2694396972656,245.0672149658203,227.71719360351562,210.69088745117188,205.38143920898438,163.9716796875,132.03289794921875,76.88177490234375,47.145538330078125,-12.03424072265625,-55.79852294921875,-163.71246337890625,-154.57269287109375,-249.3876953125,-292.65087890625,-345.7362060546875,-471.4573974609375,-462.7734375,-461.8802490234375,-443.80377197265625,-468.80535888671875,-476.04730224609375,-455.30950927734375,-530.6287841796875,-539.6204833984375,-565.105224609375,-609.71142578125,-508.96173095703125,-563.441650390625,-593.8360595703125,-504.13946533203125,-593.82177734375,-689.6656494140625,-561.220947265625,-551.7935791015625,-553.0081787109375,-595.289306640625,-574.5985107421875,-548.3331298828125,-613.4964599609375,-605.3455810546875,-644.956787109375,-678.4190673828125,-729.3731689453125,-807.7608642578125,-739.5089111328125,-735.7059326171875,-706.7451171875,-784.2159423828125,-640.029541015625,-664.2982177734375,-648.014404296875,-626.64208984375,-569.513671875,-534.6180419921875,-515.1010131835938,-508.966796875,-497.15521240234375,-505.08221435546875,-459.49517822265625,-506.11431884765625,-485.64453125,-475.448486328125,-444.6029052734375,-472.85211181640625,-403.0635986328125,-389.75628662109375,-423.110595703125,-398.83624267578125,-444.91094970703125,-438.99346923828125,-368.64697265625,-402.88470458984375,-371.07379150390625,-415.01043701171875,-298.20001220703125,-279.51727294921875,-256.3887939453125,-257.35272216796875,-192.84912109375,-194.45263671875,-126.45318603515625,-96.87548828125,-123.6097412109375,-157.4959716796875,-78.4638671875,-92.22216796875,-106.7265625,-62.3353271484375,-33.75335693359375,-29.63916015625,-0.592498779296875,-92.0146484375,-100.5394287109375,-56.87371826171875,-51.76263427734375,-25.9339599609375,-24.77325439453125,-14.6923828125,-18.39373779296875,-28.4013671875,-65.6727294921875,-51.00775146484375
"S302",-209.23602294921875,-137.94012451171875,-286.27294921875,-227.8004150390625,-156.91729736328125,-26.8797607421875,-129.918701171875,-130.40948486328125,-52.49365234375,-14.43988037109375,-79.83135986328125,75.73526000976562,27.6478271484375,108.25799560546875,67.992431640625,82.12933349609375,98.56967163085938,148.07040405273438,90.6707763671875,168.93267822265625,184.48590087890625,146.88201904296875,171.23233032226562,156.47216796875,177.79391479492188,92.19805908203125,136.21591186523438,156.28341674804688,159.63931274414062,189.07550048828125,139.0799560546875,164.12771606445312,218.31417846679688,125.3082275390625,156.6834716796875,187.87118530273438,131.45928955078125,146.50631713867188,142.17080688476562,122.70614624023438,97.2901611328125,109.63546752929688,38.408294677734375,5.3370361328125,-52.33636474609375,-92.7012939453125,-219.914306640625,-149.08074951171875,-392.184326171875,-276.07525634765625,-240.31256103515625,-483.5347900390625,-401.16729736328125,-428.77166748046875,-510.87152099609375,-490.31634521484375,-458.1732177734375,-460.36309814453125,-570.2867431640625,-514.3175048828125,-599.6162109375,-714.04833984375,-614.3590087890625,-675.3719482421875,-777.281982421875,-595.610107421875,-694.405029296875,-857.36279296875,-585.9940185546875,-662.47705078125,-766.595703125,-700.90771484375,-828.7122802734375,-757.1123046875,-1171.64111328125,-680.19091796875,-741.0938720703125,-819.883056640625,-883.90966796875,-1094.2969970703125,-1122.6427001953125,-1200.21337890625,-1209.177490234375,-1569.991943359375,-1420.170166015625,-1070.1400146484375,-806.0751953125,-1004.270751953125,-812.4765625,-708.950439453125,-884.9300537109375,-875.1639404296875,-1044.151611328125,-902.2471923828125,-818.5830078125,-1000.44482421875,-1045.2239990234375,-755.466796875,-1046.1639404296875,-907.158203125,-1557.01318359375,-899.2198486328125,-987.3968505859375,-882.5638427734375,-884.3314208984375,-958.1375732421875,-909.6221923828125,-896.4039306640625,-800.8192138671875,-750.3070068359375,-701.65380859375,-794.865478515625,-716.2689208984375,-725.9873046875,-777.9473876953125,-1102.080810546875,-612.5546875,-636.3287353515625,-732.6302490234375,-559.3629150390625,-443.64569091796875,-488.794189453125,-566.52880859375,-771.3541259765625,-666.1409912109375,-629.18994140625,-945.35595703125,-730.193359375,-975.2237548828125,-1118.3203125,-963.767822265625,-894.561767578125,-825.9605712890625,-796.6116943359375,-816.9686279296875,-809.4261474609375,-638.7130126953125,-1086.388916015625,-653.33740234375,-248.56268310546875,-592.4046630859375
"S303",77.55621337890625,139.75814819335938,135.079833984375,153.77261352539062,197.667724609375,207.83261108398438,203.29095458984375,228.62606811523438,223.1939697265625,228.98373413085938,231.01937866210938,241.73715209960938,240.13088989257812,269.1875305175781,246.09165954589844,256.8816223144531,262.29945373535156,265.9675750732422,270.1426696777344,284.05995178222656,297.5625457763672,285.55198669433594,282.23658752441406,285.645263671875,290.09715270996094,291.5123748779297,297.9063262939453,295.9047088623047,291.6072692871094,285.0992889404297,283.1557312011719,290.1370849609375,303.2481689453125,289.3165283203125,286.6506805419922,283.9835205078125,264.6716613769531,273.52857971191406,266.4363555908203,262.3782501220703,229.02609252929688,210.69088745117188,205.38143920898438,176.70159912109375,141.42581176757812,100.25872802734375,47.145538330078125,4.00732421875,-37.91888427734375,-151.4024658203125,-154.57269287109375,-239.71929931640625,-255.3150634765625,-320.01708984375,-442.57550048828125,-434.84454345703125,-458.1732177734375,-443.80377197265625,-468.80535888671875,-476.04730224609375,-455.30950927734375,-530.6287841796875,-539.6204833984375,-565.105224609375,-609.71142578125,-553.983154296875,-764.262939453125,-720.9788818359375,-746.6217041015625,-706.0716552734375,-712.4073486328125,-639.917724609375,-758.5347900390625,-775.0045166015625,-639.354248046875,-981.4169921875,-793.2156982421875,-657.4058837890625,-777.87255859375,-795.3756103515625,-728.571533203125,-815.5301513671875,-807.7608642578125,-739.5089111328125,-948.549072265625,-828.532958984375,-784.2159423828125,-755.8648681640625,-810.9183349609375,-648.562255859375,-858.6490478515625,-814.9376220703125,-684.0517578125,-658.5572509765625,-636.7645263671875,-747.8487548828125,-655.911376953125,-668.4383544921875,-581.41650390625,-561.770263671875,-705.5184326171875,-768.8983154296875,-671.341552734375,-771.3770751953125,-642.402587890625,-610.4775390625,-744.89794921875,-444.91094970703125,-609.4849853515625,-401.56927490234375,-402.88470458984375,-371.07379150390625,-415.01043701171875,-298.20001220703125,-424.750732421875,-373.11651611328125,-310.54913330078125,-234.19512939453125,-268.96728515625,-126.45318603515625,-96.87548828125,-142.61053466796875,-267.1146240234375,-146.8436279296875,-92.22216796875,-141.35882568359375,-74.781982421875,-79.5084228515625,-124.92901611328125,-80.80694580078125,-140.5758056640625,-165.07672119140625,-62.1619873046875,1.278411865234375,-21.6651611328125,-63.4405517578125,-20.48797607421875,26.402191162109375,-20.6109619140625,-88.615966796875,41.8153076171875
"S304",103.21505737304688,139.75814819335938,110.44705200195312,168.47958374023438,159.91073608398438,195.48745727539062,200.40386962890625,228.62606811523438,102.29598999023438,227.498291015625,232.21432495117188,205.36639404296875,226.05126953125,229.59869384765625,246.09165954589844,252.50238037109375,260.8407287597656,267.9346160888672,271.14085388183594,284.05995178222656,297.5625457763672,285.55198669433594,282.23658752441406,285.645263671875,290.09715270996094,291.5123748779297,297.9063262939453,295.9047088623047,289.1261444091797,281.5060577392578,280.31536865234375,285.1719055175781,306.9632568359375,289.3165283203125,286.6506805419922,283.9835205078125,264.6716613769531,277.23545837402344,272.6194610595703,262.3782501220703,229.02609252929688,210.69088745117188,205.38143920898438,176.70159912109375,163.68630981445312,121.1134033203125,17.369720458984375,-13.5738525390625,-37.91888427734375,-173.55523681640625,-214.3472900390625,-239.71929931640625,-255.3150634765625,-334.61492919921875,-494.79180908203125,-489.52490234375,-524.8521728515625,-642.917236328125,-600.0081787109375,-743.38037109375,-827.2947998046875,-928.3355712890625,-962.81298828125,-1052.2220458984375,-941.6881103515625,-1058.8277587890625,-1173.1055908203125,-1094.984619140625,-1235.0975341796875,-1384.0018310546875,-1025.1171875,-1053.62451171875,-1182.133056640625,-1046.1551513671875,-1040.4703369140625,-1123.654296875,-1019.2064208984375,-1059.26220703125,-1060.6976318359375,-1057.410888671875,-948.3504638671875,-1042.4561767578125,-929.524658203125,-869.074951171875,-1052.570068359375,-1211.5240478515625,-1091.1090087890625,-1231.703857421875,-1139.74267578125,-1028.908447265625,-1046.70166015625,-1117.267822265625,-1207.2030029296875,-1228.573486328125,-1131.7366943359375,-1153.81298828125,-1699.865966796875,-968.60400390625,-808.4892578125,-864.434814453125,-1064.53564453125,-1024.478515625,-858.2412109375,-777.6961669921875,-766.8580322265625,-902.14111328125,-683.0413818359375,-555.3828125,-627.279296875,-541.9146728515625,-564.5120849609375,-479.68463134765625,-560.565673828125,-388.960205078125,-403.482177734375,-403.48516845703125,-353.5462646484375,-357.38824462890625,-701.49072265625,-173.2484130859375,-152.83795166015625,-167.61767578125,-178.451904296875,-96.1932373046875,-96.6956787109375,-266.85687255859375,-84.42535400390625,-83.8267822265625,-301.10650634765625,-37.76104736328125,-209.21368408203125,-120.16607666015625,-41.55218505859375,-34.3836669921875,-8.952667236328125,-48.60101318359375,-25.054931640625,33.794891357421875,24.61932373046875,-46.259521484375,-2.826873779296875
"S305",76.258544921875,37.01507568359375,75.59317016601562,55.346771240234375,152.11099243164062,96.93270874023438,119.74661254882812,166.52313232421875,153.83837890625,109.14370727539062,174.72021484375,78.72067260742188,38.7327880859375,178.5216064453125,182.77694702148438,221.47720336914062,206.50839233398438,203.44149780273438,192.21881103515625,235.36318969726562,244.43597412109375,218.30657958984375,224.68948364257812,255.8192901611328,239.39593505859375,231.5892333984375,222.96328735351562,250.2926025390625,220.15176391601562,281.67266845703125,245.32376098632812,232.43304443359375,259.9822235107422,238.002685546875,249.9230499267578,243.5472412109375,237.91815185546875,194.71356201171875,160.69427490234375,239.09921264648438,202.54669189453125,179.85162353515625,153.97607421875,143.65469360351562,87.93017578125,64.45758056640625,-39.49066162109375,-41.9222412109375,-200.55657958984375,-261.42822265625,-244.4447021484375,-342.07586669921875,-392.29534912109375,-570.1663818359375,-848.8829345703125,-741.127197265625,-799.5594482421875,-1043.7137451171875,-940.681396484375,-1143.97412109375,-1373.0120849609375,-1209.5772705078125,-1107.6436767578125,-1167.5889892578125,-1257.3768310546875,-1211.327880859375,-1203.474365234375,-1127.6195068359375,-1426.373291015625,-1409.6339111328125,-1248.859375,-1337.932861328125,-1233.2030029296875,-1305.1666259765625,-1336.798583984375,-1437.442138671875,-1538.8511962890625,-1425.55224609375,-1459.697509765625,-1569.76318359375,-1400.2369384765625,-1443.2027587890625,-1405.98583984375,-1230.5931396484375,-1369.3724365234375,-1487.5189208984375,-1287.517578125,-1319.9876708984375,-1549.1181640625,-1262.856689453125,-1230.4832763671875,-1425.047119140625,-1427.8470458984375,-1246.0313720703125,-1293.1038818359375,-1357.1353759765625,-1384.03076171875,-1369.123046875,-1316.7642822265625,-1370.43017578125,-1420.078369140625,-1377.40234375,-1305.59423828125,-1304.5294189453125,-1276.4918212890625,-1260.872314453125,-1277.5367431640625,-1145.050048828125,-1361.0316162109375,-1188.1256103515625,-1090.4794921875,-1185.39453125,-1392.9471435546875,-1022.9256591796875,-950.3782958984375,-980.0281982421875,-953.6888427734375,-776.7999267578125,-571.10986328125,-614.806396484375,-628.391845703125,-414.31170654296875,-393.2607421875,-285.265625,-285.9129638671875,-382.76214599609375,-287.0213623046875,-295.50970458984375,-307.72003173828125,-206.83099365234375,-247.73101806640625,-163.4334716796875,-145.48919677734375,-197.685302734375,-88.01904296875,-165.59039306640625,-158.53564453125,-114.82330322265625,-92.01611328125,-151.10174560546875,-99.11175537109375
"S306",103.21505737304688,77.80075073242188,103.3067626953125,168.47958374023438,198.87985229492188,197.73944091796875,149.999267578125,183.82400512695312,189.21945190429688,217.06304931640625,245.92050170898438,176.17813110351562,151.66470336914062,183.65261840820312,185.83090209960938,233.21701049804688,257.3157043457031,267.9346160888672,271.14085388183594,284.05995178222656,295.785888671875,285.55198669433594,282.23658752441406,285.645263671875,290.09715270996094,284.27894592285156,295.3489227294922,295.9047088623047,272.52528381347656,292.8225402832031,279.8544006347656,288.64881896972656,306.9632568359375,289.3165283203125,286.6506805419922,283.9835205078125,264.6716613769531,277.23545837402344,272.6194610595703,262.3782501220703,229.02609252929688,188.41665649414062,186.78106689453125,162.7197265625,163.68630981445312,121.1134033203125,17.369720458984375,27.097198486328125,-39.6951904296875,-212.0087890625,-293.7445068359375,-370.22283935546875,-409.85772705078125,-600.3046875,-872.49658203125,-847.0556640625,-889.905517578125,-991.261962890625,-948.4495849609375,-1018.0528564453125,-1077.4464111328125,-1096.979248046875,-1038.936767578125,-1135.1251220703125,-1216.3883056640625,-1177.3443603515625,-1118.6478271484375,-1039.44580078125,-1045.138671875,-1023.97900390625,-985.520263671875,-1003.2354736328125,-1059.720458984375,-1087.501953125,-1123.819091796875,-1239.29833984375,-1088.270751953125,-1109.0762939453125,-1175.115478515625,-1257.341064453125,-1249.5010986328125,-1219.6998291015625,-1085.4593505859375,-910.8759765625,-921.322509765625,-923.4710693359375,-919.6971435546875,-896.0369873046875,-944.3023681640625,-925.14013671875,-966.8243408203125,-919.54052734375,-900.640625,-882.181884765625,-897.376220703125,-914.7906494140625,-1020.4637451171875,-952.5186767578125,-895.052490234375,-897.58056640625,-850.1998291015625,-953.1444091796875,-835.2042236328125,-904.618408203125,-873.7598876953125,-853.8995361328125,-752.5159912109375,-736.2547607421875,-661.402099609375,-610.239990234375,-573.4337158203125,-527.4249267578125,-603.8953857421875,-497.05157470703125,-454.926513671875,-471.13507080078125,-380.4241943359375,-289.7293701171875,-249.810791015625,-245.17156982421875,-247.8907470703125,-173.15228271484375,-148.572509765625,-115.40399169921875,-126.46051025390625,-123.58880615234375,-71.981201171875,-46.48382568359375,-45.24066162109375,13.018280029296875,-59.05853271484375,-13.27783203125,17.817779541015625,60.182891845703125,76.56585693359375,49.69921875,84.26568603515625,70.256103515625,57.469879150390625,78.14932250976562,98.14144897460938
"S307",47.963623046875,61.071075439453125,67.82965087890625,123.76324462890625,155.99853515625,159.58737182617188,149.999267578125,183.70046997070312,189.21945190429688,206.53753662109375,213.01644897460938,176.17813110351562,151.66470336914062,183.65261840820312,185.83090209960938,201.02157592773438,219.88900756835938,231.97003173828125,235.47021484375,251.41053771972656,263.5579376220703,254.22720336914062,248.2236785888672,260.37229919433594,266.1460266113281,249.81881713867188,262.24220275878906,271.4427947998047,235.55398559570312,269.59901428222656,264.40052795410156,265.9930725097656,279.7908477783203,276.0159454345703,278.75927734375,252.2471466064453,254.44189453125,259.36370849609375,250.73892211914062,250.3102264404297,203.36325073242188,169.769287109375,128.72567749023438,99.29443359375,99.61709594726562,68.31732177734375,-5.5380859375,-59.1470947265625,-144.80712890625,-349.05548095703125,-424.6429443359375,-536.697998046875,-584.7100830078125,-809.818115234375,-978.131591796875,-1093.4976806640625,-1151.6435546875,-1191.0323486328125,-1223.186279296875,-1178.4263916015625,-1202.9559326171875,-1235.9478759765625,-1224.173095703125,-1284.5780029296875,-1335.2945556640625,-1258.939208984375,-1257.9044189453125,-1300.9072265625,-1225.6177978515625,-1222.396728515625,-1261.5089111328125,-1204.9036865234375,-1233.63427734375,-1367.4552001953125,-1302.93310546875,-1527.3291015625,-1316.9598388671875,-1393.7147216796875,-1467.118408203125,-1544.3980712890625,-1540.1263427734375,-1447.8387451171875,-1354.98193359375,-1151.6356201171875,-1160.8779296875,-1124.161865234375,-1155.2584228515625,-1125.578125,-1179.162841796875,-1155.1558837890625,-1201.3978271484375,-1144.95556640625,-1120.85498046875,-1097.7308349609375,-1112.6680908203125,-1131.5457763671875,-1227.3614501953125,-1170.0321044921875,-1102.4547119140625,-1075.8876953125,-1047.057373046875,-1163.2352294921875,-1026.7086181640625,-1103.76611328125,-1066.88916015625,-1042.5125732421875,-926.74951171875,-907.5340576171875,-822.0064697265625,-762.94091796875,-720.41064453125,-667.7640380859375,-697.02880859375,-605.749755859375,-583.19482421875,-518.9971313476562,-478.771484375,-394.40911865234375,-348.33148193359375,-313.06121826171875,-317.0045166015625,-260.7161865234375,-232.1683349609375,-140.2381591796875,-113.23291015625,-55.84185791015625,-31.8380126953125,-7.685455322265625,-51.59344482421875,-50.59967041015625,-131.55255126953125,-80.58953857421875,-11.78253173828125,1.278411865234375,41.203033447265625,34.028564453125,58.6680908203125,37.9298095703125,-3.209503173828125,19.630279541015625,41.8153076171875
"S308",44.095306396484375,61.071075439453125,67.82965087890625,109.90548706054688,127.96652221679688,159.58737182617188,149.999267578125,183.70046997070312,189.21945190429688,206.53753662109375,213.01644897460938,176.17813110351562,151.66470336914062,183.65261840820312,185.83090209960938,201.02157592773438,207.680419921875,213.960693359375,216.86077880859375,212.136962890625,217.04888916015625,216.078369140625,211.98825073242188,221.63253784179688,224.77285766601562,220.69009399414062,237.75,240.29153442382812,228.89151000976562,240.53561401367188,218.49508666992188,226.63397216796875,239.93209838867188,230.17355346679688,224.58544921875,194.50454711914062,182.924560546875,195.70663452148438,178.6292724609375,158.74642944335938,104.19537353515625,72.16986083984375,62.33416748046875,10.647491455078125,-5.748992919921875,-41.6348876953125,-125.65936279296875,-144.67803955078125,-232.05145263671875,-381.01361083984375,-424.6429443359375,-545.1326904296875,-650.1114501953125,-826.6038818359375,-978.131591796875,-1093.4976806640625,-1205.22705078125,-1191.0323486328125,-1257.3001708984375,-1178.4263916015625,-1202.9559326171875,-1235.9478759765625,-1224.173095703125,-1284.5780029296875,-1335.2945556640625,-1258.939208984375,-1257.9044189453125,-1300.9072265625,-1225.6177978515625,-1222.396728515625,-1272.7041015625,-1204.9036865234375,-1233.63427734375,-1367.4552001953125,-1302.93310546875,-1527.3291015625,-1316.9598388671875,-1472.399658203125,-1567.645263671875,-1544.3980712890625,-1540.1263427734375,-1447.8387451171875,-1444.0877685546875,-1491.126220703125,-1395.6929931640625,-1482.17138671875,-1429.254638671875,-1311.0557861328125,-1422.1993408203125,-1385.5242919921875,-1355.69677734375,-1265.881591796875,-1245.369873046875,-1218.0262451171875,-1164.5394287109375,-1139.8248291015625,-1227.3614501953125,-1249.289794921875,-1249.826416015625,-1183.3270263671875,-1111.749755859375,-1208.7822265625,-1224.314208984375,-1172.4984130859375,-1128.6947021484375,-1046.4776611328125,-1010.0694580078125,-1044.0784912109375,-983.595703125,-940.8575439453125,-811.577392578125,-751.579833984375,-697.02880859375,-605.749755859375,-610.470947265625,-572.3455810546875,-558.1090087890625,-504.2984619140625,-452.9276123046875,-418.09130859375,-436.275146484375,-337.8468017578125,-356.3472900390625,-323.5048828125,-383.2855224609375,-287.0576171875,-198.3094482421875,-179.1463623046875,-229.4620361328125,-205.46917724609375,-238.27166748046875,-193.34747314453125,-116.1395263671875,-147.13104248046875,-119.07196044921875,-88.874755859375,-62.0223388671875,-84.70440673828125,-60.4368896484375,-72.56671142578125,-63.88922119140625
"S309",135.1507568359375,141.34747314453125,188.30618286132812,202.4134521484375,171.712890625,194.21768188476562,222.90301513671875,249.28863525390625,252.7764892578125,254.97299194335938,275.4326629638672,275.00538635253906,278.8172149658203,293.44110107421875,288.72328186035156,285.2747039794922,298.9980010986328,286.2875213623047,293.8715362548828,304.0519714355469,300.8414306640625,302.6622619628906,314.5923767089844,307.05552673339844,307.7898254394531,309.87904357910156,299.8988800048828,299.03929138183594,318.54022216796875,303.51727294921875,299.921875,313.1712646484375,299.5884094238281,302.65745544433594,302.3648376464844,289.88063049316406,288.3456573486328,279.5650634765625,265.8219451904297,260.1919860839844,251.6373748779297,192.80813598632812,182.90249633789062,201.1287841796875,153.09530639648438,142.58062744140625,50.804779052734375,-28.2130126953125,-45.27557373046875,-65.204833984375,-128.288330078125,-158.4197998046875,-147.1636962890625,-494.53936767578125,-424.7523193359375,-307.0634765625,-304.53131103515625,-231.4725341796875,-207.6007080078125,-214.972412109375,-550.2515869140625,-548.734375,-497.93731689453125,-368.46636962890625,-293.11553955078125,-240.8402099609375,-242.56109619140625,-173.62109375,-169.814697265625,-214.31072998046875,-197.91644287109375,-245.18804931640625,-188.27947998046875,-169.75775146484375,-197.85699462890625,-198.8609619140625,-189.95867919921875,-202.23486328125,-193.91455078125,-134.34716796875,-176.933837890625,-169.71405029296875,-112.09063720703125,-153.894287109375,-145.20196533203125,-193.59503173828125,-128.01922607421875,-140.15997314453125,-157.6158447265625,-216.05242919921875,-192.94024658203125,-187.1749267578125,-168.8914794921875,-148.26898193359375,-107.60009765625,-96.09100341796875,-133.30108642578125,-199.51885986328125,-176.7896728515625,-191.1632080078125,-266.7618408203125,-299.9207763671875,-274.87060546875,-240.64361572265625,-220.8770751953125,-250.64739990234375,-191.2882080078125,-292.057861328125,-306.3895263671875,-556.4869384765625,-373.25396728515625,-330.1025390625,-230.7681884765625,-215.70556640625,-226.0631103515625,-196.744384765625,-119.33746337890625,-140.9390869140625,-308.135986328125,-169.00836181640625,-145.89697265625,-79.90167236328125,-31.7967529296875,-28.11932373046875,-47.73614501953125,-65.73004150390625,-169.37042236328125,-114.24383544921875,-100.27899169921875,-55.12298583984375,-65.97955322265625,-76.7191162109375,-174.63592529296875,-212.0013427734375,-181.20416259765625,-177.1585693359375,-101.66558837890625,-50.5816650390625,-34.44818115234375,-5.32769775390625,28.7056884765625
"S310",135.1507568359375,141.34747314453125,188.30618286132812,202.4134521484375,171.712890625,194.21768188476562,222.90301513671875,249.28863525390625,252.7764892578125,254.97299194335938,275.4326629638672,275.00538635253906,278.8172149658203,293.44110107421875,288.72328186035156,285.2747039794922,298.9980010986328,286.2875213623047,293.8715362548828,304.0519714355469,300.8414306640625,302.6622619628906,314.5923767089844,307.05552673339844,307.7898254394531,309.87904357910156,299.8988800048828,299.03929138183594,318.54022216796875,303.51727294921875,299.921875,313.1712646484375,299.5884094238281,302.65745544433594,302.3648376464844,289.88063049316406,288.3456573486328,279.5650634765625,265.8219451904297,260.1919860839844,251.6373748779297,192.80813598632812,182.90249633789062,201.1287841796875,153.09530639648438,142.58062744140625,50.804779052734375,-28.2130126953125,-45.27557373046875,-65.204833984375,-128.288330078125,-158.4197998046875,-147.1636962890625,-494.53936767578125,-424.7523193359375,-307.0634765625,-304.53131103515625,-231.4725341796875,-207.6007080078125,-214.972412109375,-550.2515869140625,-548.734375,-497.93731689453125,-368.46636962890625,-293.11553955078125,-240.8402099609375,-242.56109619140625,-173.62109375,-169.814697265625,-214.31072998046875,-197.91644287109375,-245.18804931640625,-188.27947998046875,-169.75775146484375,-197.85699462890625,-198.8609619140625,-189.95867919921875,-202.23486328125,-193.91455078125,-134.34716796875,-176.933837890625,-169.71405029296875,-112.09063720703125,-153.894287109375,-145.20196533203125,-193.59503173828125,-128.01922607421875,-140.15997314453125,-157.6158447265625,-216.05242919921875,-192.94024658203125,-187.1749267578125,-168.8914794921875,-148.26898193359375,-107.60009765625,-96.09100341796875,-133.30108642578125,-199.51885986328125,-176.7896728515625,-191.1632080078125,-266.7618408203125,-299.9207763671875,-274.87060546875,-240.64361572265625,-220.8770751953125,-250.64739990234375,-191.2882080078125,-292.057861328125,-306.3895263671875,-556.4869384765625,-373.25396728515625,-330.1025390625,-230.7681884765625,-215.70556640625,-226.0631103515625,-196.744384765625,-119.33746337890625,-140.9390869140625,-308.135986328125,-169.00836181640625,-145.89697265625,-79.90167236328125,-31.7967529296875,-28.11932373046875,-47.73614501953125,-65.73004150390625,-169.37042236328125,-114.24383544921875,-100.27899169921875,-55.12298583984375,-65.97955322265625,-76.7191162109375,-174.63592529296875,-212.0013427734375,-181.20416259765625,-177.1585693359375,-101.66558837890625,-50.5816650390625,-34.44818115234375,-5.32769775390625,28.7056884765625
"S311",-191.72125244140625,-121.18212890625,-186.61572265625,-140.461181640625,-83.640380859375,-70.56500244140625,-128.89532470703125,-152.5218505859375,-104.42181396484375,-37.67388916015625,-21.4659423828125,-36.305908203125,-38.81915283203125,26.937164306640625,-41.8428955078125,-11.619903564453125,38.17462158203125,1.661346435546875,27.573760986328125,36.5103759765625,-11.838134765625,53.12664794921875,66.80136108398438,56.40283203125,70.60751342773438,60.072021484375,72.43331909179688,52.763824462890625,60.729248046875,66.308349609375,98.45852661132812,104.769287109375,130.61489868164062,118.9261474609375,104.79736328125,108.65966796875,74.62896728515625,84.2015380859375,82.70028686523438,47.79949951171875,45.29473876953125,35.391265869140625,-16.33111572265625,30.8046875,-14.27008056640625,-117.31121826171875,-268.0662841796875,-271.27313232421875,-320.5535888671875,-423.33905029296875,-407.3736572265625,-508.03253173828125,-494.0218505859375,-358.46136474609375,-593.060791015625,-744.6275634765625,-515.2630615234375,-566.0662841796875,-531.5694580078125,-448.03460693359375,-481.76458740234375,-572.37255859375,-664.551025390625,-551.9454345703125,-510.70977783203125,-399.3685302734375,-551.471923828125,-447.04083251953125,-579.89111328125,-487.21527099609375,-698.625244140625,-546.819091796875,-555.720947265625,-524.3330078125,-447.48583984375,-449.18536376953125,-440.67926025390625,-395.7515869140625,-618.6810302734375,-495.46246337890625,-1156.726318359375,-721.8397216796875,-567.0533447265625,-508.767333984375,-593.158935546875,-538.5250244140625,-454.0130615234375,-458.4072265625,-405.6097412109375,-493.63726806640625,-400.31658935546875,-567.957763671875,-400.05120849609375,-378.0341796875,-318.26129150390625,-346.926513671875,-440.55096435546875,-549.6466064453125,-369.79034423828125,-391.6075439453125,-423.27978515625,-424.101806640625,-481.69097900390625,-421.57525634765625,-413.403564453125,-543.0267333984375,-405.985107421875,-615.3699951171875,-554.5074462890625,-578.73876953125,-480.44970703125,-554.105712890625,-553.8372802734375,-499.10479736328125,-663.8961181640625,-828.9566650390625,-1034.93701171875,-616.5989990234375,-829.26611328125,-782.625,-735.298583984375,-614.73828125,-439.94122314453125,-490.2545166015625,-702.952392578125,-884.131103515625,-695.2137451171875,-484.1744384765625,-544.941650390625,-710.39501953125,-534.7552490234375,-650.923583984375,-471.34686279296875,-362.760498046875,-515.6439208984375,-453.13519287109375,-285.433837890625,-498.6668701171875,-485.02374267578125,-428.62451171875,-493.83221435546875
"S312",23.609375,15.16033935546875,78.08840942382812,65.15289306640625,93.4801025390625,164.754150390625,106.309326171875,105.5257568359375,143.58026123046875,151.34765625,135.07763671875,161.8935546875,109.23062133789062,109.46438598632812,72.108642578125,150.29833984375,189.43350219726562,187.42657470703125,208.82144165039062,211.80270385742188,214.95828247070312,231.9720458984375,189.14523315429688,221.95712280273438,241.0849609375,222.93246459960938,234.04910278320312,238.09881591796875,235.8538818359375,243.73434448242188,245.6068115234375,265.4552917480469,265.55894470214844,254.3654022216797,263.07127380371094,260.57196044921875,241.18222045898438,240.2701416015625,254.22854614257812,223.9005126953125,183.37612915039062,212.0899658203125,207.04534912109375,140.91802978515625,97.7322998046875,30.260650634765625,-216.8831787109375,-226.33990478515625,-30.5772705078125,-42.09234619140625,-132.9156494140625,-72.99566650390625,-116.1468505859375,-199.42181396484375,-204.26824951171875,-162.02880859375,-172.541748046875,-124.48309326171875,-108.00506591796875,-107.72833251953125,-72.67919921875,-127.47601318359375,-142.2862548828125,-208.7320556640625,-153.8604736328125,-178.044921875,-516.0906982421875,-313.352294921875,-183.12542724609375,-114.08441162109375,-121.07257080078125,-101.0904541015625,-156.83294677734375,-248.5048828125,-156.27685546875,-261.517333984375,-172.55181884765625,-225.200927734375,-203.30194091796875,-141.582275390625,-242.00177001953125,-208.86566162109375,-270.3541259765625,-158.12213134765625,-168.0052490234375,-166.23199462890625,-163.0108642578125,-119.33905029296875,-124.6402587890625,-123.51251220703125,-86.099609375,-89.8065185546875,-121.314453125,-69.27783203125,-54.90625,-80.5736083984375,-104.2861328125,-331.88470458984375,-100.260009765625,-98.345458984375,-162.09222412109375,-165.9453125,-134.2215576171875,-174.1988525390625,-175.91796875,-244.66571044921875,-206.14031982421875,-168.8541259765625,-225.17364501953125,-119.299560546875,-179.78094482421875,-292.90118408203125,-167.8099365234375,-191.7518310546875,-290.87353515625,-301.03509521484375,-270.24505615234375,-251.5897216796875,-222.551025390625,-187.966796875,-230.25897216796875,-202.68426513671875,-180.458251953125,-169.43798828125,-175.46295166015625,-193.15252685546875,-194.0853271484375,-292.81298828125,-208.06109619140625,-375.63592529296875,-216.7779541015625,-135.12628173828125,-140.8533935546875,-140.77685546875,-140.52606201171875,-254.80517578125,-135.16064453125,-117.27545166015625,-116.64794921875,-168.77447509765625,-129.624267578125
"S313",187.74288940429688,200.91458129882812,200.78851318359375,218.5775146484375,227.23245239257812,249.2345428466797,247.87095642089844,208.07284545898438,216.0478515625,287.0456237792969,284.52183532714844,294.44667053222656,272.4664306640625,306.3214569091797,279.3068084716797,303.3730163574219,309.5153045654297,302.1539306640625,310.266845703125,316.89540100097656,300.7997741699219,313.845947265625,305.9978790283203,306.6074676513672,323.52081298828125,321.55125427246094,317.72999572753906,323.09649658203125,325.3813018798828,325.1465148925781,325.29869079589844,329.1171112060547,314.1801452636719,322.6431427001953,316.54627990722656,301.29100036621094,319.891845703125,299.61376953125,300.0449981689453,278.11424255371094,251.5349884033203,254.56155395507812,237.22857666015625,220.12246704101562,121.3172607421875,179.54974365234375,-2.86968994140625,-38.0289306640625,42.66387939453125,8.82025146484375,-37.5699462890625,-72.99566650390625,-68.31964111328125,-153.81390380859375,-122.30645751953125,-66.64361572265625,-108.4449462890625,-84.159423828125,-89.06512451171875,-107.72833251953125,-72.67919921875,-81.25360107421875,-101.82537841796875,-172.84228515625,-111.22052001953125,-98.201416015625,-267.134521484375,-128.33929443359375,-110.6363525390625,-116.888916015625,-119.5115966796875,-207.07635498046875,-88.7371826171875,-81.08734130859375,-90.49591064453125,-155.39520263671875,-78.5133056640625,-113.00067138671875,-96.2752685546875,-80.61962890625,-47.6329345703125,-69.926025390625,-98.4464111328125,-150.27850341796875,-85.4656982421875,-151.08709716796875,-74.90765380859375,-60.29144287109375,-51.41796875,-58.7120361328125,-64.887939453125,-60.28558349609375,-54.93994140625,-48.31573486328125,-54.90625,-22.57989501953125,-68.89288330078125,-58.8704833984375,-32.8189697265625,-15.48284912109375,-68.82733154296875,-65.6981201171875,-62.30987548828125,-32.193359375,-19.9029541015625,-74.79852294921875,-14.20635986328125,-46.24566650390625,-62.75152587890625,-113.34918212890625,-63.65972900390625,-103.26513671875,-73.1544189453125,-27.64874267578125,-60.697998046875,-71.09930419921875,-17.02691650390625,-32.34197998046875,-29.60986328125,-2.358428955078125,25.085784912109375,35.73297119140625,20.001495361328125,61.39202880859375,37.25250244140625,23.585784912109375,14.096405029296875,-2.06396484375,11.36798095703125,-21.62042236328125,-17.9552001953125,1.828765869140625,-1.46771240234375,21.872283935546875,31.022979736328125,14.34820556640625,59.99774169921875,45.413055419921875,53.39227294921875,35.56658935546875,82.478759765625
"S314",187.74288940429688,200.91458129882812,218.87124633789062,240.73037719726562,227.23245239257812,249.2345428466797,268.5715026855469,182.57177734375,222.80709838867188,287.0456237792969,293.07252502441406,294.44667053222656,298.2953796386719,306.3214569091797,299.64833068847656,303.3730163574219,310.64585876464844,302.1539306640625,314.3246307373047,316.89540100097656,312.1773681640625,320.30870056152344,328.4881134033203,322.01377868652344,324.6424255371094,324.0646209716797,322.3294677734375,327.5547790527344,335.5510559082031,328.42762756347656,328.3848419189453,334.01731872558594,326.7403869628906,327.4462432861328,323.5498046875,320.04071044921875,319.891845703125,306.1977844238281,300.0449981689453,284.5509338378906,238.343505859375,254.56155395507812,237.22857666015625,220.12246704101562,86.01556396484375,179.54974365234375,90.38858032226562,58.2913818359375,42.66387939453125,8.82025146484375,-37.5699462890625,-72.99566650390625,-68.31964111328125,-153.81390380859375,-122.30645751953125,-66.64361572265625,-108.4449462890625,-84.159423828125,-89.06512451171875,-107.72833251953125,-72.67919921875,-81.63873291015625,-140.6605224609375,-172.84228515625,-111.22052001953125,-98.201416015625,-212.945556640625,-81.224609375,-69.83831787109375,-102.75006103515625,-139.613525390625,-126.302978515625,-73.49639892578125,-95.9462890625,-85.556396484375,-82.98297119140625,-83.2918701171875,-76.78070068359375,-110.7142333984375,-83.7294921875,-47.6329345703125,-69.926025390625,-98.4464111328125,-150.27850341796875,-85.4656982421875,-151.08709716796875,-89.6011962890625,-60.29144287109375,-51.41796875,-58.7120361328125,-64.887939453125,-60.28558349609375,-54.93994140625,-48.31573486328125,-54.90625,-22.57989501953125,-68.89288330078125,-58.8704833984375,-32.8189697265625,-15.48284912109375,-68.82733154296875,-65.6981201171875,-62.30987548828125,-32.193359375,-19.9029541015625,-47.3787841796875,-14.20635986328125,-46.24566650390625,-62.75152587890625,-113.34918212890625,-63.65972900390625,-103.26513671875,-73.1544189453125,-21.26556396484375,-60.697998046875,-71.09930419921875,-17.02691650390625,-32.34197998046875,-29.60986328125,-2.358428955078125,25.085784912109375,35.73297119140625,48.56097412109375,61.39202880859375,37.25250244140625,23.585784912109375,14.096405029296875,-2.06396484375,11.36798095703125,-21.62042236328125,-17.9552001953125,1.828765869140625,-1.46771240234375,21.872283935546875,31.022979736328125,14.34820556640625,59.99774169921875,45.413055419921875,53.39227294921875,35.56658935546875,82.478759765625
"S315",-Infinity,-Infinity,-Infinity,-Infinity,-Infinity,-Infinity,-Infinity,-Infinity,-Infinity,-Infinity,-Infinity,-Infinity,-Infinity,-Infinity,-Infinity,-Infinity,-Infinity,-Infinity,-Infinity,-Infinity,-Infinity,-Infinity,-Infinity,-Infinity,-Infinity,-Infinity,-Infinity,-Infinity,-Infinity,-Infinity,-Infinity,-Infinity,-Infinity,-Infinity,-Infinity,-Infinity,-Infinity,-Infinity,-Infinity,-Infinity,-Infinity,-Infinity,-Infinity,-Infinity,-Infinity,-Infinity,-Infinity,-Infinity,-Infinity,-Infinity,-Infinity,-Infinity,-Infinity,-Infinity,-Infinity,-Infinity,-Infinity,-Infinity,-Infinity,-Infinity,-Infinity,-Infinity,-Infinity,-Infinity,-Infinity,-Infinity,-Infinity,-Infinity,-Infinity,-Infinity,-Infinity,-Infinity,-Infinity,-Infinity,-Infinity,-Infinity,-Infinity,-Infinity,-Infinity,-Infinity,-Infinity,-Infinity,-Infinity,-Infinity,-Infinity,-Infinity,-Infinity,-Infinity,-Infinity,-Infinity,-Infinity,-Infinity,-Infinity,-Infinity,-Infinity,-Infinity,-Infinity,-Infinity,-Infinity,-Infinity,-Infinity,-Infinity,-Infinity,-Infinity,-Infinity,-Infinity,-Infinity,-Infinity,-Infinity,-Infinity,-Infinity,-Infinity,-Infinity,-Infinity,-Infinity,-Infinity,-Infinity,-Infinity,-Infinity,-Infinity,-Infinity,-Infinity,-Infinity,-Infinity,-Infinity,-Infinity,-Infinity,-Infinity,-Infinity,-Infinity,-Infinity,-Infinity,-Infinity,-Infinity,-Infinity,-Infinity,-Infinity,-Infinity,-Infinity,-Infinity,-Infinity
"S316",-Infinity,-Infinity,-Infinity,-Infinity,-Infinity,-Infinity,-Infinity,-Infinity,-Infinity,-Infinity,-Infinity,-Infinity,-Infinity,-Infinity,-Infinity,-Infinity,-Infinity,-Infinity,-Infinity,-Infinity,-Infinity,-Infinity,-Infinity,-Infinity,-Infinity,-Infinity,-Infinity,-Infinity,-Infinity,-Infinity,-Infinity,-Infinity,-Infinity,-Infinity,-Infinity,-Infinity,-Infinity,-Infinity,-Infinity,-Infinity,-Infinity,-Infinity,-Infinity,-Infinity,-Infinity,-Infinity,-Infinity,-Infinity,-Infinity,-Infinity,-Infinity,-Infinity,-Infinity,-Infinity,-Infinity,-Infinity,-Infinity,-Infinity,-Infinity,-Infinity,-Infinity,-Infinity,-Infinity,-Infinity,-Infinity,-Infinity,-Infinity,-Infinity,-Infinity,-Infinity,-Infinity,-Infinity,-Infinity,-Infinity,-Infinity,-Infinity,-Infinity,-Infinity,-Infinity,-Infinity,-Infinity,-Infinity,-Infinity,-Infinity,-Infinity,-Infinity,-Infinity,-Infinity,-Infinity,-Infinity,-Infinity,-Infinity,-Infinity,-Infinity,-Infinity,-Infinity,-Infinity,-Infinity,-Infinity,-Infinity,-Infinity,-Infinity,-Infinity,-Infinity,-Infinity,-Infinity,-Infinity,-Infinity,-Infinity,-Infinity,-Infinity,-Infinity,-Infinity,-Infinity,-Infinity,-Infinity,-Infinity,-Infinity,-Infinity,-Infinity,-Infinity,-Infinity,-Infinity,-Infinity,-Infinity,-Infinity,-Infinity,-Infinity,-Infinity,-Infinity,-Infinity,-Infinity,-Infinity,-Infinity,-Infinity,-Infinity,-Infinity,-Infinity,-Infinity,-Infinity,-Infinity
"S317",-Infinity,-Infinity,-Infinity,-Infinity,-Infinity,-Infinity,-Infinity,-Infinity,-Infinity,-Infinity,-Infinity,-Infinity,-Infinity,-Infinity,-Infinity,-Infinity,-Infinity,-Infinity,-Infinity,-Infinity,-Infinity,-Infinity,-Infinity,-Infinity,-Infinity,-Infinity,-Infinity,-Infinity,-Infinity,-Infinity,-Infinity,-Infinity,-Infinity,-Infinity,-Infinity,-Infinity,-Infinity,-Infinity,-Infinity,-Infinity,-Infinity,-Infinity,-Infinity,-Infinity,-Infinity,-Infinity,-Infinity,-Infinity,-Infinity,-Infinity,-Infinity,-Infinity,-Infinity,-Infinity,-Infinity,-Infinity,-Infinity,-Infinity,-Infinity,-Infinity,-Infinity,-Infinity,-Infinity,-Infinity,-Infinity,-Infinity,-Infinity,-Infinity,-Infinity,-Infinity,-Infinity,-Infinity,-Infinity,-Infinity,-Infinity,-Infinity,-Infinity,-Infinity,-Infinity,-Infinity,-Infinity,-Infinity,-Infinity,-Infinity,-Infinity,-Infinity,-Infinity,-Infinity,-Infinity,-Infinity,-Infinity,-Infinity,-Infinity,-Infinity,-Infinity,-Infinity,-Infinity,-Infinity,-Infinity,-Infinity,-Infinity,-Infinity,-Infinity,-Infinity,-Infinity,-Infinity,-Infinity,-Infinity,-Infinity,-Infinity,-Infinity,-Infinity,-Infinity,-Infinity,-Infinity,-Infinity,-Infinity,-Infinity,-Infinity,-Infinity,-Infinity,-Infinity,-Infinity,-Infinity,-Infinity,-Infinity,-Infinity,-Infinity,-Infinity,-Infinity,-Infinity,-Infinity,-Infinity,-Infinity,-Infinity,-Infinity,-Infinity,-Infinity,-Infinity,-Infinity,-Infinity
"S318",-Infinity,-Infinity,-Infinity,-Infinity,-Infinity,-Infinity,-Infinity,-Infinity,-Infinity,-Infinity,-Infinity,-Infinity,-Infinity,-Infinity,-Infinity,-Infinity,-Infinity,-Infinity,-Infinity,-Infinity,-Infinity,-Infinity,-Infinity,-Infinity,-Infinity,-Infinity,-Infinity,-Infinity,-Infinity,-Infinity,-Infinity,-Infinity,-Infinity,-Infinity,-Infinity,-Infinity,-Infinity,-Infinity,-Infinity,-Infinity,-Infinity,-Infinity,-Infinity,-Infinity,-Infinity,-Infinity,-Infinity,-Infinity,-Infinity,-Infinity,-Infinity,-Infinity,-Infinity,-Infinity,-Infinity,-Infinity,-Infinity,-Infinity,-Infinity,-Infinity,-Infinity,-Infinity,-Infinity,-Infinity,-Infinity,-Infinity,-Infinity,-Infinity,-Infinity,-Infinity,-Infinity,-Infinity,-Infinity,-Infinity,-Infinity,-Infinity,-Infinity,-Infinity,-Infinity,-Infinity,-Infinity,-Infinity,-Infinity,-Infinity,-Infinity,-Infinity,-Infinity,-Infinity,-Infinity,-Infinity,-Infinity,-Infinity,-Infinity,-Infinity,-Infinity,-Infinity,-Infinity,-Infinity,-Infinity,-Infinity,-Infinity,-Infinity,-Infinity,-Infinity,-Infinity,-Infinity,-Infinity,-Infinity,-Infinity,-Infinity,-Infinity,-Infinity,-Infinity,-Infinity,-Infinity,-Infinity,-Infinity,-Infinity,-Infinity,-Infinity,-Infinity,-Infinity,-Infinity,-Infinity,-Infinity,-Infinity,-Infinity,-Infinity,-Infinity,-Infinity,-Infinity,-Infinity,-Infinity,-Infinity,-Infinity,-Infinity,-Infinity,-Infinity,-Infinity,-Infinity,-Infinity
"S319",-Infinity,-Infinity,-Infinity,-Infinity,-Infinity,-Infinity,-Infinity,-Infinity,-Infinity,-Infinity,-Infinity,-Infinity,-Infinity,-Infinity,-Infinity,-Infinity,-Infinity,-Infinity,-Infinity,-Infinity,-Infinity,-Infinity,-Infinity,-Infinity,-Infinity,-Infinity,-Infinity,-Infinity,-Infinity,-Infinity,-Infinity,-Infinity,-Infinity,-Infinity,-Infinity,-Infinity,-Infinity,-Infinity,-Infinity,-Infinity,-Infinity,-Infinity,-Infinity,-Infinity,-Infinity,-Infinity,-Infinity,-Infinity,-Infinity,-Infinity,-Infinity,-Infinity,-Infinity,-Infinity,-Infinity,-Infinity,-Infinity,-Infinity,-Infinity,-Infinity,-Infinity,-Infinity,-Infinity,-Infinity,-Infinity,-Infinity,-Infinity,-Infinity,-Infinity,-Infinity,-Infinity,-Infinity,-Infinity,-Infinity,-Infinity,-Infinity,-Infinity,-Infinity,-Infinity,-Infinity,-Infinity,-Infinity,-Infinity,-Infinity,-Infinity,-Infinity,-Infinity,-Infinity,-Infinity,-Infinity,-Infinity,-Infinity,-Infinity,-Infinity,-Infinity,-Infinity,-Infinity,-Infinity,-Infinity,-Infinity,-Infinity,-Infinity,-Infinity,-Infinity,-Infinity,-Infinity,-Infinity,-Infinity,-Infinity,-Infinity,-Infinity,-Infinity,-Infinity,-Infinity,-Infinity,-Infinity,-Infinity,-Infinity,-Infinity,-Infinity,-Infinity,-Infinity,-Infinity,-Infinity,-Infinity,-Infinity,-Infinity,-Infinity,-Infinity,-Infinity,-Infinity,-Infinity,-Infinity,-Infinity,-Infinity,-Infinity,-Infinity,-Infinity,-Infinity,-Infinity,-Infinity
"S320",-Infinity,-Infinity,-Infinity,-Infinity,-Infinity,-Infinity,-Infinity,-Infinity,-Infinity,-Infinity,-Infinity,-Infinity,-Infinity,-Infinity,-Infinity,-Infinity,-Infinity,-Infinity,-Infinity,-Infinity,-Infinity,-Infinity,-Infinity,-Infinity,-Infinity,-Infinity,-Infinity,-Infinity,-Infinity,-Infinity,-Infinity,-Infinity,-Infinity,-Infinity,-Infinity,-Infinity,-Infinity,-Infinity,-Infinity,-Infinity,-Infinity,-Infinity,-Infinity,-Infinity,-Infinity,-Infinity,-Infinity,-Infinity,-Infinity,-Infinity,-Infinity,-Infinity,-Infinity,-Infinity,-Infinity,-Infinity,-Infinity,-Infinity,-Infinity,-Infinity,-Infinity,-Infinity,-Infinity,-Infinity,-Infinity,-Infinity,-Infinity,-Infinity,-Infinity,-Infinity,-Infinity,-Infinity,-Infinity,-Infinity,-Infinity,-Infinity,-Infinity,-Infinity,-Infinity,-Infinity,-Infinity,-Infinity,-Infinity,-Infinity,-Infinity,-Infinity,-Infinity,-Infinity,-Infinity,-Infinity,-Infinity,-Infinity,-Infinity,-Infinity,-Infinity,-Infinity,-Infinity,-Infinity,-Infinity,-Infinity,-Infinity,-Infinity,-Infinity,-Infinity,-Infinity,-Infinity,-Infinity,-Infinity,-Infinity,-Infinity,-Infinity,-Infinity,-Infinity,-Infinity,-Infinity,-Infinity,-Infinity,-Infinity,-Infinity,-Infinity,-Infinity,-Infinity,-Infinity,-Infinity,-Infinity,-Infinity,-Infinity,-Infinity,-Infinity,-Infinity,-Infinity,-Infinity,-Infinity,-Infinity,-Infinity,-Infinity,-Infinity,-Infinity,-Infinity,-Infinity,-Infinity
"S321",31.2960205078125,123.84591674804688,135.079833984375,102.55224609375,174.35379028320312,187.55429077148438,195.05242919921875,217.89633178710938,208.44036865234375,214.16415405273438,237.04495239257812,241.73715209960938,240.13088989257812,269.1875305175781,238.22909545898438,256.8816223144531,262.29945373535156,265.9675750732422,270.1426696777344,277.50172424316406,272.07176208496094,268.8064727783203,277.66307067871094,275.9574432373047,283.93333435058594,291.5123748779297,288.2216796875,289.1647186279297,291.6072692871094,275.40345764160156,283.1557312011719,290.1370849609375,285.69818115234375,281.76698303222656,268.8053283691406,270.5863037109375,243.5859375,258.2056884765625,252.83348083496094,239.358154296875,227.71719360351562,210.69088745117188,205.38143920898438,163.9716796875,132.03289794921875,76.88177490234375,47.145538330078125,-64.16632080078125,-94.02142333984375,-163.71246337890625,-154.57269287109375,-249.3876953125,-300.68707275390625,-387.33447265625,-474.31097412109375,-471.64697265625,-461.8802490234375,-443.80377197265625,-468.80535888671875,-476.04730224609375,-455.30950927734375,-530.6287841796875,-539.6204833984375,-565.105224609375,-609.71142578125,-508.96173095703125,-563.441650390625,-593.8360595703125,-504.13946533203125,-593.82177734375,-689.6656494140625,-561.220947265625,-551.7935791015625,-553.0081787109375,-595.289306640625,-574.5985107421875,-548.3331298828125,-613.4964599609375,-605.3455810546875,-644.956787109375,-678.4190673828125,-729.3731689453125,-807.7608642578125,-739.5089111328125,-735.7059326171875,-706.7451171875,-784.2159423828125,-640.029541015625,-664.2982177734375,-648.014404296875,-626.64208984375,-569.513671875,-534.6180419921875,-515.1010131835938,-508.966796875,-497.15521240234375,-505.08221435546875,-459.49517822265625,-543.7117919921875,-493.9102783203125,-475.448486328125,-444.6029052734375,-472.85211181640625,-403.0635986328125,-389.75628662109375,-423.110595703125,-398.83624267578125,-444.91094970703125,-438.99346923828125,-380.50616455078125,-458.673095703125,-415.9451904296875,-497.8843994140625,-418.27813720703125,-413.42633056640625,-353.58319091796875,-368.98748779296875,-345.50128173828125,-400.76373291015625,-405.2149658203125,-320.55987548828125,-364.50982666015625,-368.28472900390625,-335.47222900390625,-353.08843994140625,-285.423583984375,-268.69903564453125,-215.06268310546875,-195.225830078125,-183.197021484375,-200.7001953125,-217.0103759765625,-228.9180908203125,-142.72998046875,-134.85235595703125,-106.6151123046875,-113.42938232421875,-133.48565673828125,-176.56500244140625,-176.05126953125,-162.74627685546875
"S322",77.55621337890625,139.75814819335938,135.079833984375,153.77261352539062,197.667724609375,207.83261108398438,203.29095458984375,228.62606811523438,223.1939697265625,228.98373413085938,237.04495239257812,241.73715209960938,240.13088989257812,269.1875305175781,237.89288330078125,256.8816223144531,262.29945373535156,265.9675750732422,270.1426696777344,280.1498718261719,293.5811004638672,281.55181884765625,277.90257263183594,281.0867004394531,285.4990234375,291.5123748779297,295.46876525878906,290.73724365234375,291.6072692871094,283.75286865234375,283.1557312011719,290.1370849609375,300.6927947998047,282.34742736816406,278.62982177734375,276.1772155761719,255.8986358642578,268.4936981201172,261.2694396972656,245.0672149658203,227.71719360351562,210.69088745117188,205.38143920898438,163.9716796875,132.03289794921875,76.88177490234375,47.145538330078125,-12.03424072265625,-55.79852294921875,-163.71246337890625,-154.57269287109375,-249.3876953125,-292.65087890625,-345.7362060546875,-471.4573974609375,-462.7734375,-461.8802490234375,-443.80377197265625,-468.80535888671875,-476.04730224609375,-455.30950927734375,-530.6287841796875,-539.6204833984375,-565.105224609375,-609.71142578125,-508.96173095703125,-563.441650390625,-593.8360595703125,-504.13946533203125,-593.82177734375,-689.6656494140625,-561.220947265625,-551.7935791015625,-553.0081787109375,-595.289306640625,-574.5985107421875,-548.3331298828125,-613.4964599609375,-605.3455810546875,-644.956787109375,-678.4190673828125,-729.3731689453125,-807.7608642578125,-739.5089111328125,-735.7059326171875,-706.7451171875,-784.2159423828125,-640.029541015625,-664.2982177734375,-648.014404296875,-626.64208984375,-569.513671875,-534.6180419921875,-515.1010131835938,-508.966796875,-497.15521240234375,-505.08221435546875,-459.49517822265625,-506.11431884765625,-485.64453125,-475.448486328125,-444.6029052734375,-472.85211181640625,-403.0635986328125,-389.75628662109375,-423.110595703125,-398.83624267578125,-444.91094970703125,-438.99346923828125,-368.64697265625,-402.88470458984375,-371.07379150390625,-415.01043701171875,-298.20001220703125,-279.51727294921875,-256.3887939453125,-257.35272216796875,-192.84912109375,-194.45263671875,-126.45318603515625,-96.87548828125,-123.6097412109375,-157.4959716796875,-78.4638671875,-92.22216796875,-106.7265625,-62.3353271484375,-33.75335693359375,-29.63916015625,-0.592498779296875,-92.0146484375,-100.5394287109375,-56.87371826171875,-51.76263427734375,-25.9339599609375,-24.77325439453125,-14.6923828125,-18.39373779296875,-28.4013671875,-65.6727294921875,-75.6590576171875
"S323",77.55621337890625,139.75814819335938,135.079833984375,153.77261352539062,197.667724609375,207.83261108398438,203.29095458984375,228.62606811523438,223.1939697265625,228.98373413085938,237.04495239257812,241.73715209960938,240.13088989257812,269.1875305175781,246.09165954589844,256.8816223144531,262.29945373535156,265.9675750732422,270.1426696777344,284.05995178222656,297.5625457763672,285.55198669433594,282.23658752441406,285.645263671875,290.09715270996094,291.5123748779297,297.9063262939453,295.9047088623047,291.6072692871094,285.0992889404297,283.1557312011719,290.1370849609375,303.2481689453125,289.3165283203125,281.2028503417969,283.9835205078125,264.6716613769531,273.1095886230469,265.63441467285156,250.14837646484375,229.02609252929688,210.69088745117188,205.38143920898438,176.70159912109375,140.31402587890625,76.88177490234375,47.145538330078125,4.00732421875,-37.91888427734375,-151.4024658203125,-154.57269287109375,-239.71929931640625,-255.3150634765625,-320.01708984375,-442.57550048828125,-434.84454345703125,-458.1732177734375,-443.80377197265625,-468.80535888671875,-476.04730224609375,-455.30950927734375,-530.6287841796875,-539.6204833984375,-565.105224609375,-609.71142578125,-508.96173095703125,-563.441650390625,-593.8360595703125,-504.13946533203125,-593.82177734375,-689.6656494140625,-561.220947265625,-551.7935791015625,-553.0081787109375,-595.289306640625,-574.5985107421875,-548.3331298828125,-613.4964599609375,-605.3455810546875,-644.956787109375,-678.4190673828125,-729.3731689453125,-807.7608642578125,-739.5089111328125,-735.7059326171875,-706.7451171875,-784.2159423828125,-640.029541015625,-664.2982177734375,-648.014404296875,-626.64208984375,-569.513671875,-534.6180419921875,-515.1010131835938,-508.966796875,-497.15521240234375,-505.08221435546875,-459.49517822265625,-506.11431884765625,-485.64453125,-475.448486328125,-444.6029052734375,-472.85211181640625,-403.0635986328125,-389.75628662109375,-423.110595703125,-398.83624267578125,-444.91094970703125,-438.99346923828125,-368.64697265625,-402.88470458984375,-371.07379150390625,-415.01043701171875,-298.20001220703125,-279.51727294921875,-256.3887939453125,-257.35272216796875,-192.84912109375,-194.45263671875,-126.45318603515625,-96.87548828125,-123.6097412109375,-157.4959716796875,-78.4638671875,-92.22216796875,-106.7265625,-62.3353271484375,-33.75335693359375,-29.63916015625,-0.592498779296875,-92.0146484375,-100.5394287109375,-56.87371826171875,-51.76263427734375,-25.9339599609375,-24.77325439453125,-14.6923828125,-18.39373779296875,-28.4013671875,-65.6727294921875,-51.00775146484375
"S324",-26.92401123046875,81.272705078125,-5.61175537109375,129.24957275390625,150.02651977539062,140.43875122070312,144.60040283203125,179.65530395507812,169.7369384765625,161.780517578125,149.18844604492188,169.82443237304688,184.0802001953125,221.75869750976562,193.42587280273438,192.58218383789062,221.21514892578125,211.7918701171875,230.05612182617188,273.71038818359375,266.04736328125,249.4708709716797,272.7127227783203,256.14002990722656,257.07460021972656,265.5123596191406,261.4518737792969,262.95579528808594,261.76365661621094,238.04513549804688,237.07986450195312,251.38287353515625,280.345947265625,245.8438262939453,241.89547729492188,257.77734375,225.86767578125,238.3785400390625,232.691162109375,199.25540161132812,201.88522338867188,208.41098022460938,166.5115966796875,146.39480590820312,67.01754760742188,-102.55633544921875,-56.2796630859375,7.28118896484375,-100.193603515625,-284.50201416015625,-345.44281005859375,-298.954345703125,-308.62408447265625,-412.22821044921875,-623.24951171875,-562.0474853515625,-606.1214599609375,-636.1444091796875,-607.5394287109375,-702.0301513671875,-788.829833984375,-878.5025634765625,-708.5826416015625,-826.5677490234375,-808.29296875,-935.4044189453125,-902.49755859375,-921.667236328125,-1117.2833251953125,-1063.0758056640625,-1151.8079833984375,-852.5108642578125,-916.0921630859375,-936.6925048828125,-1023.4866943359375,-987.0531005859375,-957.23388671875,-920.549560546875,-1057.49658203125,-923.955810546875,-939.9422607421875,-1250.811767578125,-1069.85791015625,-1160.9140625,-1560.562744140625,-854.2213134765625,-988.36474609375,-880.9844970703125,-988.0523681640625,-958.26953125,-901.708740234375,-772.83837890625,-739.7579345703125,-699.025146484375,-852.8338623046875,-671.6572265625,-733.19140625,-787.22412109375,-633.834228515625,-688.212890625,-952.3507080078125,-889.7928466796875,-848.228515625,-751.356689453125,-773.3968505859375,-905.9320068359375,-709.2816162109375,-803.605712890625,-533.271484375,-501.81103515625,-619.75048828125,-569.4251708984375,-645.8310546875,-414.09478759765625,-399.03277587890625,-425.980224609375,-460.896484375,-304.69537353515625,-332.89874267578125,-230.15301513671875,-251.14007568359375,-313.79534912109375,-363.123291015625,-147.20904541015625,-260.4542236328125,-286.81634521484375,-155.36572265625,-159.2374267578125,-112.36322021484375,-97.47802734375,-329.66387939453125,-267.24652099609375,-160.1424560546875,-213.7452392578125,-134.11590576171875,-139.7623291015625,-149.1441650390625,-129.95452880859375,-156.96392822265625,-252.93798828125,-177.5072021484375
"S325",16.28936767578125,60.1414794921875,31.880523681640625,159.131103515625,155.01202392578125,169.822021484375,102.12838745117188,182.34945678710938,171.39523315429688,202.81719970703125,212.72674560546875,57.088836669921875,48.044769287109375,202.00375366210938,211.31375122070312,248.0351104736328,238.28463745117188,242.6126708984375,247.90943908691406,284.05995178222656,297.5625457763672,275.99781799316406,276.9277801513672,285.645263671875,290.09715270996094,262.8910369873047,292.2989501953125,295.9047088623047,249.59466552734375,266.3109588623047,280.31536865234375,271.5869140625,297.24708557128906,289.3165283203125,286.6506805419922,283.9835205078125,264.6716613769531,259.8822326660156,270.3396911621094,262.3782501220703,204.43368530273438,203.7891845703125,167.955810546875,169.10848999023438,152.657958984375,110.13143920898438,-18.55279541015625,-31.3189697265625,-88.43603515625,-433.0499267578125,-539.9285888671875,-308.56317138671875,-358.0968017578125,-500.26153564453125,-882.3619384765625,-681.8260498046875,-772.3463134765625,-950.9967041015625,-823.9881591796875,-1023.2862548828125,-1129.0335693359375,-1286.185546875,-1046.28515625,-1195.2091064453125,-1193.954345703125,-1342.2391357421875,-1074.4476318359375,-1093.5086669921875,-1414.8994140625,-1322.7705078125,-1352.7950439453125,-1109.8392333984375,-1209.8212890625,-1213.5145263671875,-1311.8408203125,-1243.431640625,-1159.3514404296875,-1144.9207763671875,-1246.2818603515625,-1154.623779296875,-1137.008544921875,-1073.2498779296875,-949.813232421875,-937.6927490234375,-1001.430419921875,-878.8797607421875,-1062.481201171875,-859.4866943359375,-1109.8260498046875,-1196.08203125,-1022.248291015625,-949.3892822265625,-958.3994140625,-841.2095947265625,-1054.70556640625,-897.8079833984375,-926.8731689453125,-952.9569091796875,-814.352294921875,-865.78564453125,-975.6807861328125,-1082.9461669921875,-918.0133056640625,-1024.714599609375,-897.1845703125,-1030.0374755859375,-724.6280517578125,-665.9404296875,-576.5091552734375,-548.560791015625,-593.369140625,-704.4287109375,-794.597412109375,-465.56298828125,-434.36724853515625,-372.6553955078125,-485.868896484375,-322.40081787109375,-283.31298828125,-258.86492919921875,-270.76611328125,-278.43548583984375,-181.1119384765625,-107.8831787109375,-154.20977783203125,-192.994384765625,-127.03125,-101.3966064453125,-88.84381103515625,-80.2708740234375,-218.58843994140625,-229.61322021484375,-90.13775634765625,-90.2943115234375,-2.401611328125,-128.68865966796875,-75.38287353515625,-88.977294921875,-75.0975341796875,-96.918701171875,-24.64117431640625
"S326",40.309539794921875,-20.0283203125,107.81027221679688,168.47958374023438,186.30929565429688,154.30105590820312,32.22607421875,169.03167724609375,145.33746337890625,232.80059814453125,245.8011932373047,-103.9281005859375,-177.41314697265625,167.06463623046875,191.56723022460938,269.5559844970703,256.5998229980469,263.58543395996094,251.98207092285156,284.05995178222656,289.9236145019531,260.10443115234375,263.03981018066406,285.645263671875,283.9680480957031,255.94223022460938,292.0861053466797,295.18394470214844,222.8035888671875,292.8225402832031,279.8544006347656,287.7318420410156,303.6264343261719,289.3165283203125,286.6506805419922,271.9840545654297,264.6716613769531,277.23545837402344,272.6194610595703,262.3782501220703,204.88967895507812,188.41665649414062,140.03427124023438,163.00656127929688,163.68630981445312,121.1134033203125,17.369720458984375,-20.2274169921875,-73.89910888671875,-337.1138916015625,-344.06298828125,-394.7376708984375,-393.79058837890625,-706.519287109375,-1097.3201904296875,-807.22998046875,-944.6318359375,-1095.7587890625,-914.8570556640625,-1095.109375,-1108.4976806640625,-1110.028076171875,-1055.94921875,-1255.4937744140625,-1330.266845703125,-1200.6138916015625,-1106.3369140625,-953.9854736328125,-1101.2698974609375,-1027.078857421875,-970.5401611328125,-1149.659912109375,-1161.6497802734375,-1174.26611328125,-1242.501220703125,-1319.8023681640625,-1081.6268310546875,-1157.9835205078125,-1282.2618408203125,-1502.143798828125,-1369.5469970703125,-1250.707275390625,-1021.2911376953125,-860.6427001953125,-958.828857421875,-905.107421875,-1073.7598876953125,-995.9517822265625,-1003.6741943359375,-1032.65966796875,-1151.6280517578125,-969.7073974609375,-1002.7320556640625,-973.6195068359375,-1050.8760986328125,-1045.353515625,-1167.5675048828125,-1025.550048828125,-978.27978515625,-948.7591552734375,-933.097412109375,-1138.309326171875,-829.47607421875,-1164.33544921875,-995.92724609375,-958.6014404296875,-788.1243896484375,-872.1875,-678.2318115234375,-690.275390625,-662.2613525390625,-576.852783203125,-724.6077880859375,-567.1754150390625,-496.78173828125,-464.894287109375,-436.8040771484375,-329.29742431640625,-281.7464599609375,-297.78643798828125,-316.48162841796875,-225.92401123046875,-188.58209228515625,-66.48065185546875,-49.77435302734375,4.072296142578125,-27.706787109375,13.899658203125,-51.48480224609375,-83.5211181640625,-159.27642822265625,-38.55291748046875,33.8201904296875,31.43646240234375,68.74740600585938,40.52069091796875,84.26568603515625,37.0009765625,-38.58001708984375,71.22161865234375,77.92657470703125
"S327",103.21505737304688,77.80075073242188,103.3067626953125,168.47958374023438,198.87985229492188,197.73944091796875,149.999267578125,183.82400512695312,189.21945190429688,217.06304931640625,245.92050170898438,194.96939086914062,203.085693359375,191.17764282226562,185.83090209960938,233.21701049804688,257.3157043457031,267.9346160888672,271.14085388183594,284.05995178222656,295.785888671875,285.55198669433594,282.23658752441406,285.645263671875,290.09715270996094,284.27894592285156,295.3489227294922,295.9047088623047,272.52528381347656,292.8225402832031,279.8544006347656,288.64881896972656,306.9632568359375,289.3165283203125,286.6506805419922,92.84808349609375,264.6716613769531,277.23545837402344,272.6194610595703,258.5350799560547,229.02609252929688,188.41665649414062,186.78106689453125,149.68243408203125,163.68630981445312,121.1134033203125,17.369720458984375,21.521514892578125,-39.6951904296875,-212.0087890625,-293.7445068359375,-370.22283935546875,-438.89019775390625,-668.571044921875,-869.66748046875,-956.3984375,-889.905517578125,-892.9093017578125,-1002.124267578125,-916.792236328125,-932.90185546875,-960.634765625,-1017.1461181640625,-1120.859375,-1216.3883056640625,-1177.3443603515625,-1118.6478271484375,-1294.6015625,-1070.7554931640625,-1195.2030029296875,-1196.6639404296875,-1172.0364990234375,-1249.3431396484375,-1212.80810546875,-1138.4735107421875,-1195.3404541015625,-1060.4537353515625,-1204.2354736328125,-1375.2335205078125,-1292.9732666015625,-1308.6834716796875,-1464.2498779296875,-1937.347412109375,-1132.9063720703125,-1207.3975830078125,-1535.4576416015625,-1466.3902587890625,-1337.97412109375,-1412.320556640625,-1330.6595458984375,-1158.438232421875,-1225.258544921875,-1293.6904296875,-1313.5635986328125,-1212.822509765625,-1099.437744140625,-1157.0714111328125,-1092.524169921875,-1111.5428466796875,-1190.861572265625,-1032.2835693359375,-1161.443115234375,-1128.0611572265625,-1157.6026611328125,-1144.2554931640625,-973.83349609375,-878.6617431640625,-878.223388671875,-894.6964111328125,-889.4188232421875,-652.6326904296875,-701.0753173828125,-633.0091552734375,-592.393798828125,-490.74969482421875,-490.32861328125,-503.1307373046875,-446.32843017578125,-288.79730224609375,-347.47857666015625,-330.198974609375,-357.53515625,-183.77349853515625,-291.5992431640625,-243.715087890625,-138.42498779296875,-45.93682861328125,-104.27789306640625,-119.75054931640625,0.794219970703125,-241.19683837890625,-24.18743896484375,48.3865966796875,-46.2757568359375,60.967315673828125,49.69921875,84.26568603515625,70.256103515625,57.469879150390625,69.969970703125,49.364105224609375
"S328",47.963623046875,61.071075439453125,67.82965087890625,123.76324462890625,155.99853515625,159.58737182617188,149.999267578125,183.70046997070312,189.21945190429688,206.53753662109375,213.01644897460938,194.96939086914062,203.085693359375,191.17764282226562,185.83090209960938,210.91250610351562,219.88900756835938,240.04678344726562,236.78765869140625,251.41053771972656,263.5579376220703,254.22720336914062,255.41444396972656,270.944580078125,266.1460266113281,266.38844299316406,277.835693359375,271.4427947998047,270.5130615234375,272.05860900878906,264.40052795410156,265.9930725097656,279.7908477783203,276.0159454345703,278.75927734375,252.2471466064453,254.44189453125,259.36370849609375,250.73892211914062,250.3102264404297,203.36325073242188,169.769287109375,128.72567749023438,99.29443359375,99.61709594726562,68.31732177734375,-5.5380859375,-59.1470947265625,-144.80712890625,-349.05548095703125,-424.6429443359375,-536.697998046875,-584.7100830078125,-801.4853515625,-869.66748046875,-831.098876953125,-903.4866943359375,-892.9093017578125,-958.1844482421875,-916.792236328125,-884.6893310546875,-946.7930908203125,-952.75390625,-1120.859375,-1234.1112060546875,-1185.3658447265625,-1130.3453369140625,-1190.68603515625,-1043.5220947265625,-996.8359375,-1116.3533935546875,-957.1551513671875,-953.8385009765625,-1023.839599609375,-947.0611572265625,-1195.3404541015625,-1015.1983642578125,-1140.4171142578125,-1211.3392333984375,-1182.6619873046875,-1175.6177978515625,-1114.3035888671875,-1035.3431396484375,-1151.6356201171875,-1109.8001708984375,-1124.161865234375,-1099.358642578125,-998.7996826171875,-1067.6064453125,-1021.0341796875,-1039.342041015625,-988.3114013671875,-964.543212890625,-907.464111328125,-893.857666015625,-871.443359375,-950.568603515625,-968.0386962890625,-1083.8778076171875,-939.5780029296875,-878.8878173828125,-918.548583984375,-952.911376953125,-905.13525390625,-882.6171875,-846.843994140625,-832.67529296875,-868.33544921875,-812.9423828125,-761.57177734375,-679.2913818359375,-625.490478515625,-593.9705810546875,-506.28607177734375,-550.459716796875,-518.4536743164062,-470.2030029296875,-394.40911865234375,-348.33148193359375,-313.06121826171875,-317.0045166015625,-260.7161865234375,-232.1683349609375,-140.2381591796875,-113.23291015625,-55.84185791015625,-31.8380126953125,-7.685455322265625,-51.59344482421875,-50.59967041015625,-131.55255126953125,-80.58953857421875,-11.78253173828125,1.278411865234375,41.203033447265625,34.028564453125,58.6680908203125,37.9298095703125,-3.209503173828125,19.630279541015625,41.8153076171875
"S329",44.095306396484375,61.071075439453125,67.82965087890625,109.90548706054688,127.96652221679688,159.58737182617188,149.999267578125,183.70046997070312,189.21945190429688,206.53753662109375,213.01644897460938,194.96939086914062,203.085693359375,191.17764282226562,185.83090209960938,210.91250610351562,219.1474609375,240.04678344726562,236.78765869140625,212.136962890625,233.10430908203125,245.60946655273438,255.41444396972656,270.944580078125,260.58026123046875,266.38844299316406,277.835693359375,254.77793884277344,270.5130615234375,272.05860900878906,234.922119140625,253.75967407226562,259.57627868652344,263.8280487060547,257.08802795410156,241.960205078125,215.564208984375,207.09951782226562,178.6292724609375,158.74642944335938,152.35800170898438,127.960205078125,97.62033081054688,71.25955200195312,-0.830169677734375,-41.6348876953125,-125.65936279296875,-144.67803955078125,-232.05145263671875,-381.01361083984375,-424.6429443359375,-545.1326904296875,-650.1114501953125,-801.4853515625,-869.66748046875,-831.098876953125,-903.4866943359375,-892.9093017578125,-958.1844482421875,-916.792236328125,-884.6893310546875,-946.7930908203125,-952.75390625,-1120.859375,-1234.1112060546875,-1185.3658447265625,-1130.3453369140625,-1190.68603515625,-1043.5220947265625,-996.8359375,-1116.3533935546875,-957.1551513671875,-953.8385009765625,-1023.839599609375,-947.0611572265625,-1195.3404541015625,-1015.1983642578125,-1140.4171142578125,-1211.3392333984375,-1182.6619873046875,-1175.6177978515625,-1114.3035888671875,-1035.3431396484375,-1157.1475830078125,-1109.8001708984375,-1180.928466796875,-1099.358642578125,-998.7996826171875,-1067.6064453125,-1021.0341796875,-1039.342041015625,-988.3114013671875,-964.543212890625,-907.464111328125,-893.857666015625,-871.443359375,-950.568603515625,-968.0386962890625,-1083.8778076171875,-939.5780029296875,-878.8878173828125,-918.548583984375,-952.911376953125,-905.13525390625,-882.6171875,-846.843994140625,-832.67529296875,-868.33544921875,-812.9423828125,-761.57177734375,-679.2913818359375,-625.490478515625,-593.9705810546875,-506.28607177734375,-550.459716796875,-518.4536743164062,-470.2030029296875,-421.01483154296875,-382.01165771484375,-398.4569091796875,-402.94891357421875,-326.609130859375,-336.949462890625,-323.5048828125,-383.2855224609375,-287.0576171875,-198.3094482421875,-162.58258056640625,-215.67120361328125,-205.46917724609375,-164.9678955078125,-167.01959228515625,-116.1395263671875,-131.41082763671875,-100.19439697265625,-81.5789794921875,-40.969482421875,-71.6939697265625,-60.4368896484375,-72.56671142578125,-63.88922119140625
"S330",-109.2230224609375,-167.51220703125,-81.57281494140625,-33.52001953125,-50.0419921875,-9.635284423828125,-17.40338134765625,-0.961029052734375,25.673248291015625,27.955963134765625,3.41400146484375,34.828887939453125,54.17681884765625,97.48025512695312,85.86865234375,83.55517578125,106.64669799804688,86.62158203125,104.3826904296875,131.04885864257812,133.98605346679688,146.21978759765625,161.74600219726562,156.47573852539062,165.883544921875,162.56491088867188,156.62826538085938,154.61700439453125,161.53607177734375,168.23495483398438,157.82232666015625,163.5804443359375,179.58468627929688,175.8621826171875,171.72894287109375,173.78497314453125,137.24337768554688,140.18667602539062,138.25076293945312,126.36376953125,109.45770263671875,67.18011474609375,48.75433349609375,52.4969482421875,16.19085693359375,-26.53021240234375,-111.72344970703125,-222.582763671875,-272.67364501953125,-412.09991455078125,-436.87908935546875,-552.2618408203125,-499.755859375,-602.5023193359375,-685.506591796875,-591.9033203125,-572.67724609375,-567.4788818359375,-619.875244140625,-603.6529541015625,-714.2333984375,-634.7464599609375,-583.117919921875,-630.3056640625,-549.3111572265625,-510.8031005859375,-601.5577392578125,-570.35107421875,-588.73876953125,-577.7728271484375,-568.7490234375,-582.44287109375,-561.84130859375,-705.394775390625,-740.774658203125,-729.7625732421875,-726.2869873046875,-707.2083740234375,-678.331787109375,-567.9398193359375,-576.1497802734375,-515.6644897460938,-505.33978271484375,-482.1937255859375,-444.23907470703125,-415.8125,-360.5914306640625,-400.27337646484375,-384.74835205078125,-464.0489501953125,-451.91937255859375,-422.84375,-376.830322265625,-361.66937255859375,-331.08251953125,-343.64520263671875,-358.18695068359375,-368.73504638671875,-380.61297607421875,-449.031005859375,-402.23309326171875,-396.0660400390625,-393.220703125,-430.51251220703125,-373.64154052734375,-393.59002685546875,-355.39117431640625,-434.890380859375,-517.2278442382812,-700.3857421875,-503.03387451171875,-466.24566650390625,-360.299072265625,-372.19635009765625,-437.18408203125,-438.36419677734375,-400.09820556640625,-396.07806396484375,-671.30810546875,-514.28662109375,-432.48541259765625,-376.18634033203125,-381.0562744140625,-373.42218017578125,-441.728271484375,-473.84283447265625,-467.8472900390625,-424.2994384765625,-345.14630126953125,-307.915283203125,-339.357421875,-343.72869873046875,-301.22552490234375,-332.0941162109375,-400.232177734375,-488.26385498046875,-360.59503173828125,-316.6727294921875,-321.17724609375,-290.5345458984375,-274.2269287109375
"S331",-109.2230224609375,-167.51220703125,-81.57281494140625,-33.52001953125,-50.0419921875,-9.635284423828125,-17.40338134765625,-0.961029052734375,25.673248291015625,27.955963134765625,3.41400146484375,34.828887939453125,54.17681884765625,97.48025512695312,85.86865234375,83.55517578125,106.64669799804688,86.62158203125,104.3826904296875,131.04885864257812,133.98605346679688,146.21978759765625,161.74600219726562,156.47573852539062,165.883544921875,162.56491088867188,156.62826538085938,154.61700439453125,161.53607177734375,168.23495483398438,157.82232666015625,163.5804443359375,179.58468627929688,175.8621826171875,171.72894287109375,173.78497314453125,137.24337768554688,140.18667602539062,138.25076293945312,126.36376953125,109.45770263671875,67.18011474609375,48.75433349609375,52.4969482421875,16.19085693359375,-26.53021240234375,-111.72344970703125,-222.582763671875,-272.67364501953125,-412.09991455078125,-436.87908935546875,-552.2618408203125,-499.755859375,-602.5023193359375,-685.506591796875,-591.9033203125,-572.67724609375,-567.4788818359375,-619.875244140625,-603.6529541015625,-636.6123046875,-634.7464599609375,-583.117919921875,-630.3056640625,-549.3111572265625,-510.8031005859375,-601.5577392578125,-570.35107421875,-588.73876953125,-577.7728271484375,-568.7490234375,-582.44287109375,-561.84130859375,-680.9210205078125,-637.822265625,-630.5274658203125,-569.0908203125,-553.8070068359375,-660.99658203125,-567.9398193359375,-576.1497802734375,-544.587158203125,-551.9156494140625,-482.1937255859375,-517.0274658203125,-415.8125,-360.5914306640625,-400.27337646484375,-449.174560546875,-468.7989501953125,-451.91937255859375,-422.84375,-431.7025146484375,-361.66937255859375,-331.08251953125,-343.64520263671875,-531.3050537109375,-368.73504638671875,-524.9671630859375,-496.48504638671875,-402.23309326171875,-396.0660400390625,-393.220703125,-430.51251220703125,-373.64154052734375,-393.59002685546875,-355.39117431640625,-446.0264892578125,-517.2278442382812,-666.322021484375,-503.03387451171875,-466.24566650390625,-389.68212890625,-378.256103515625,-437.18408203125,-438.36419677734375,-400.09820556640625,-396.07806396484375,-671.30810546875,-514.28662109375,-432.48541259765625,-388.2783203125,-381.0562744140625,-373.42218017578125,-441.728271484375,-473.84283447265625,-467.8472900390625,-424.2994384765625,-345.14630126953125,-307.915283203125,-339.357421875,-343.72869873046875,-301.22552490234375,-332.0941162109375,-400.232177734375,-488.26385498046875,-360.59503173828125,-316.6727294921875,-321.17724609375,-378.71746826171875,-274.2269287109375
"S332",-246.33953857421875,-295.68499755859375,-247.34814453125,-168.57568359375,-201.3929443359375,-63.186279296875,-144.04656982421875,-85.1121826171875,-24.02978515625,-222.93133544921875,-146.71240234375,-89.21368408203125,-22.5115966796875,12.40570068359375,-30.05999755859375,-48.69769287109375,12.28375244140625,-19.27386474609375,25.28460693359375,53.44012451171875,-16.98455810546875,15.453338623046875,51.31341552734375,59.555450439453125,67.20001220703125,72.519775390625,73.20816040039062,75.73974609375,113.426513671875,119.30078125,82.65890502929688,83.56112670898438,109.00140380859375,124.88763427734375,78.98007202148438,81.05136108398438,-80.16741943359375,44.082794189453125,107.48178100585938,59.652435302734375,-50.4190673828125,-45.08135986328125,-68.951904296875,-43.85809326171875,-153.67938232421875,-313.723876953125,-312.9383544921875,-362.9913330078125,-532.4102783203125,-636.763671875,-570.1048583984375,-731.70458984375,-777.274169921875,-735.1571044921875,-944.0706787109375,-1091.938720703125,-913.9888916015625,-945.9268798828125,-829.02001953125,-775.3172607421875,-780.49365234375,-740.1502685546875,-882.731689453125,-1156.097900390625,-906.6278076171875,-726.8873291015625,-932.3814697265625,-922.316162109375,-795.531982421875,-734.805419921875,-852.5164794921875,-803.0111083984375,-796.592041015625,-803.9879150390625,-929.753173828125,-1012.5726318359375,-840.38720703125,-905.9990234375,-1072.4454345703125,-967.046875,-928.6915283203125,-1145.6229248046875,-1210.70361328125,-970.7310791015625,-966.8038330078125,-802.2325439453125,-831.9775390625,-875.1673583984375,-979.0462646484375,-1043.298095703125,-847.37646484375,-743.31298828125,-916.2080078125,-709.8643798828125,-742.467529296875,-662.240966796875,-1114.56640625,-846.098876953125,-1076.99169921875,-1060.2706298828125,-928.944091796875,-855.5374755859375,-847.91357421875,-716.971435546875,-714.405517578125,-850.5709228515625,-733.3748779296875,-839.1695556640625,-967.9774169921875,-966.627685546875,-823.3599853515625,-901.478515625,-866.2308349609375,-919.5777587890625,-908.436767578125,-890.491455078125,-797.3475341796875,-785.070556640625,-1084.82177734375,-836.8927001953125,-717.6192626953125,-954.262939453125,-824.4564208984375,-670.781005859375,-837.1517333984375,-645.76611328125,-720.6239013671875,-897.548095703125,-757.090576171875,-829.236083984375,-735.386474609375,-661.0028076171875,-579.875732421875,-695.544677734375,-748.09033203125,-746.4002685546875,-591.035400390625,-643.4273681640625,-785.955078125,-1002.37841796875,-675.0953369140625
"S333",-66.463134765625,-25.09600830078125,-24.66900634765625,-31.562744140625,22.474609375,37.67864990234375,56.61761474609375,37.787628173828125,40.596282958984375,91.41552734375,62.7559814453125,63.094573974609375,54.705352783203125,62.67608642578125,-9.538818359375,91.28598022460938,126.84124755859375,98.47918701171875,149.62506103515625,134.84027099609375,140.8626708984375,180.53802490234375,114.04437255859375,166.6715087890625,206.34750366210938,179.01718139648438,183.13372802734375,138.73260498046875,158.23065185546875,199.00985717773438,130.87615966796875,139.35372924804688,176.17498779296875,182.24496459960938,207.86129760742188,190.26443481445312,195.48980712890625,163.24606323242188,191.49020385742188,174.14141845703125,96.53524780273438,109.00387573242188,139.43670654296875,55.409027099609375,-139.6414794921875,-25.47991943359375,-210.5400390625,-366.92138671875,-153.91705322265625,-188.46240234375,-201.69903564453125,-174.6019287109375,-232.388671875,-377.79266357421875,-345.68939208984375,-353.60003662109375,-339.55133056640625,-353.80743408203125,-379.56060791015625,-290.115478515625,-300.51397705078125,-415.1856689453125,-341.47576904296875,-554.5509033203125,-913.01806640625,-471.091064453125,-747.4224853515625,-570.36865234375,-471.41400146484375,-398.03057861328125,-346.515380859375,-374.18267822265625,-464.22967529296875,-500.58331298828125,-424.581787109375,-395.78546142578125,-445.73455810546875,-491.081787109375,-545.5870361328125,-507.845947265625,-601.556884765625,-554.8502197265625,-652.4044189453125,-512.3919067382812,-447.21966552734375,-443.55706787109375,-601.416748046875,-436.7080078125,-374.08538818359375,-388.19317626953125,-427.29638671875,-345.51605224609375,-470.21917724609375,-388.66680908203125,-328.5784912109375,-350.2298583984375,-357.69384765625,-516.4059448242188,-369.12640380859375,-377.0037841796875,-426.05517578125,-464.453857421875,-362.521484375,-349.71551513671875,-422.07611083984375,-427.52203369140625,-368.10467529296875,-314.9442138671875,-489.48089599609375,-258.7298583984375,-313.5294189453125,-346.63653564453125,-313.4320068359375,-305.6409912109375,-385.5218505859375,-396.91998291015625,-383.2418212890625,-354.0562744140625,-356.2608642578125,-327.181640625,-309.04840087890625,-349.2833251953125,-427.526123046875,-319.97723388671875,-323.909912109375,-353.81402587890625,-385.5443115234375,-404.451171875,-314.720947265625,-319.81146240234375,-303.289306640625,-316.68389892578125,-252.51068115234375,-240.2989501953125,-283.05731201171875,-283.65997314453125,-181.10052490234375,-166.26220703125,-183.86224365234375,-180.361328125,-165.24688720703125
"S334",163.07174682617188,196.5462646484375,146.25277709960938,175.9693603515625,199.07962036132812,201.94927978515625,234.892578125,228.84747314453125,197.2152099609375,235.23489379882812,172.87628173828125,222.91815185546875,228.45059204101562,254.2459716796875,218.11575317382812,275.6547088623047,282.3444519042969,254.6710968017578,292.22265625,250.8199920654297,254.9635772705078,277.2666320800781,253.97340393066406,245.95079040527344,296.01100158691406,269.59381103515625,275.85035705566406,290.8598937988281,280.9777069091797,267.04454040527344,285.66815185546875,279.2008819580078,282.6014404296875,286.36126708984375,276.81922912597656,240.63723754882812,290.90159606933594,268.04942321777344,265.5713195800781,224.52279663085938,225.41217041015625,194.11419677734375,204.57955932617188,134.27603149414062,86.9241943359375,114.64889526367188,-8.97406005859375,-165.19219970703125,3.941650390625,-43.774658203125,-47.86517333984375,-72.99566650390625,-68.31964111328125,-218.76422119140625,-184.88336181640625,-123.90692138671875,-160.87982177734375,-143.2935791015625,-149.4515380859375,-170.250244140625,-131.60546875,-142.57647705078125,-206.67535400390625,-172.84228515625,-180.67205810546875,-178.332763671875,-370.66876220703125,-274.86553955078125,-231.1866455078125,-242.37823486328125,-244.881103515625,-396.964111328125,-178.32061767578125,-182.33221435546875,-197.7816162109375,-226.275634765625,-98.834716796875,-300.1285400390625,-154.75750732421875,-177.1790771484375,-95.15167236328125,-128.44952392578125,-98.4464111328125,-173.6251220703125,-134.80950927734375,-151.08709716796875,-74.90765380859375,-60.29144287109375,-51.41796875,-58.7120361328125,-116.882568359375,-63.68353271484375,-70.31719970703125,-51.75543212890625,-54.90625,-44.12274169921875,-68.89288330078125,-136.2835693359375,-65.70819091796875,-47.02520751953125,-68.82733154296875,-89.44757080078125,-62.30987548828125,-35.83197021484375,-119.8311767578125,-244.42083740234375,-69.109375,-92.9139404296875,-227.20574951171875,-144.168212890625,-152.45355224609375,-142.48651123046875,-89.16778564453125,-162.4373779296875,-68.75634765625,-77.56732177734375,-150.64630126953125,-89.96710205078125,-47.7186279296875,-154.02142333984375,-17.368896484375,-20.04119873046875,-50.82806396484375,12.8681640625,-62.8797607421875,17.58404541015625,-182.555419921875,-2.06396484375,11.36798095703125,-21.62042236328125,-23.8092041015625,-128.83233642578125,-1.46771240234375,-5.390899658203125,-12.3609619140625,14.34820556640625,55.99322509765625,28.900848388671875,53.39227294921875,35.56658935546875,82.478759765625
"S335",114.18072509765625,111.13775634765625,-1.190277099609375,60.298614501953125,114.92739868164062,192.65823364257812,213.7188720703125,209.07363891601562,218.06777954101562,247.77806091308594,240.72061157226562,250.7942657470703,211.9400634765625,260.7224884033203,227.72909545898438,276.4844665527344,273.39892578125,282.5549774169922,291.79608154296875,280.5460968017578,267.6481170654297,269.64772033691406,275.8184051513672,259.11073303222656,298.19740295410156,287.92942810058594,277.2908020019531,294.47991943359375,299.2987060546875,286.8857116699219,295.8063659667969,286.81590270996094,279.0882263183594,308.7308044433594,277.4354248046875,230.89508056640625,307.12107849121094,272.47154235839844,278.4491271972656,278.6124572753906,226.97784423828125,244.49838256835938,233.61376953125,208.0736083984375,111.7353515625,150.23355102539062,-20.8995361328125,-23.4302978515625,-14.11029052734375,8.82025146484375,-37.5699462890625,-72.99566650390625,-68.31964111328125,-218.76422119140625,-184.88336181640625,-123.90692138671875,-160.87982177734375,-143.2935791015625,-149.4515380859375,-170.250244140625,-131.60546875,-173.9373779296875,-216.0126953125,-172.84228515625,-185.09759521484375,-196.34710693359375,-200.916015625,-179.73992919921875,-167.25494384765625,-228.09637451171875,-218.9923095703125,-313.0306396484375,-157.359130859375,-139.74542236328125,-277.31768798828125,-220.07843017578125,-121.87738037109375,-186.4862060546875,-176.1929931640625,-178.644775390625,-109.03363037109375,-137.59930419921875,-98.4464111328125,-224.6116943359375,-134.80950927734375,-151.08709716796875,-74.90765380859375,-63.6185302734375,-51.41796875,-58.7120361328125,-91.12353515625,-63.68353271484375,-70.31719970703125,-51.75543212890625,-70.2506103515625,-22.57989501953125,-68.89288330078125,-73.47747802734375,-65.70819091796875,-34.841796875,-68.82733154296875,-65.6981201171875,-62.92724609375,-32.193359375,-101.200927734375,-147.157958984375,-80.59747314453125,-46.24566650390625,-95.959716796875,-144.168212890625,-75.445556640625,-131.76593017578125,-81.9151611328125,-96.1048583984375,-60.697998046875,-77.56732177734375,-64.40338134765625,-48.70977783203125,-47.7186279296875,-11.898345947265625,6.653411865234375,15.92401123046875,-2.326080322265625,28.031158447265625,4.5592041015625,16.449432373046875,14.096405029296875,-2.06396484375,11.36798095703125,-21.62042236328125,-23.8092041015625,-24.64752197265625,-1.46771240234375,21.872283935546875,-1.456939697265625,14.34820556640625,55.99322509765625,45.413055419921875,53.39227294921875,35.56658935546875,51.753173828125
"S336",-Infinity,-Infinity,-Infinity,-Infinity,-Infinity,-Infinity,-Infinity,-Infinity,-Infinity,-Infinity,-Infinity,-Infinity,-Infinity,-Infinity,-Infinity,-Infinity,-Infinity,-Infinity,-Infinity,-Infinity,-Infinity,-Infinity,-Infinity,-Infinity,-Infinity,-Infinity,-Infinity,-Infinity,-Infinity,-Infinity,-Infinity,-Infinity,-Infinity,-Infinity,-Infinity,-Infinity,-Infinity,-Infinity,-Infinity,-Infinity,-Infinity,-Infinity,-Infinity,-Infinity,-Infinity,-Infinity,-Infinity,-Infinity,-Infinity,-Infinity,-Infinity,-Infinity,-Infinity,-Infinity,-Infinity,-Infinity,-Infinity,-Infinity,-Infinity,-Infinity,-Infinity,-Infinity,-Infinity,-Infinity,-Infinity,-Infinity,-Infinity,-Infinity,-Infinity,-Infinity,-Infinity,-Infinity,-Infinity,-Infinity,-Infinity,-Infinity,-Infinity,-Infinity,-Infinity,-Infinity,-Infinity,-Infinity,-Infinity,-Infinity,-Infinity,-Infinity,-Infinity,-Infinity,-Infinity,-Infinity,-Infinity,-Infinity,-Infinity,-Infinity,-Infinity,-Infinity,-Infinity,-Infinity,-Infinity,-Infinity,-Infinity,-Infinity,-Infinity,-Infinity,-Infinity,-Infinity,-Infinity,-Infinity,-Infinity,-Infinity,-Infinity,-Infinity,-Infinity,-Infinity,-Infinity,-Infinity,-Infinity,-Infinity,-Infinity,-Infinity,-Infinity,-Infinity,-Infinity,-Infinity,-Infinity,-Infinity,-Infinity,-Infinity,-Infinity,-Infinity,-Infinity,-Infinity,-Infinity,-Infinity,-Infinity,-Infinity,-Infinity,-Infinity,-Infinity,-Infinity,-Infinity
"S337",-Infinity,-Infinity,-Infinity,-Infinity,-Infinity,-Infinity,-Infinity,-Infinity,-Infinity,-Infinity,-Infinity,-Infinity,-Infinity,-Infinity,-Infinity,-Infinity,-Infinity,-Infinity,-Infinity,-Infinity,-Infinity,-Infinity,-Infinity,-Infinity,-Infinity,-Infinity,-Infinity,-Infinity,-Infinity,-Infinity,-Infinity,-Infinity,-Infinity,-Infinity,-Infinity,-Infinity,-Infinity,-Infinity,-Infinity,-Infinity,-Infinity,-Infinity,-Infinity,-Infinity,-Infinity,-Infinity,-Infinity,-Infinity,-Infinity,-Infinity,-Infinity,-Infinity,-Infinity,-Infinity,-Infinity,-Infinity,-Infinity,-Infinity,-Infinity,-Infinity,-Infinity,-Infinity,-Infinity,-Infinity,-Infinity,-Infinity,-Infinity,-Infinity,-Infinity,-Infinity,-Infinity,-Infinity,-Infinity,-Infinity,-Infinity,-Infinity,-Infinity,-Infinity,-Infinity,-Infinity,-Infinity,-Infinity,-Infinity,-Infinity,-Infinity,-Infinity,-Infinity,-Infinity,-Infinity,-Infinity,-Infinity,-Infinity,-Infinity,-Infinity,-Infinity,-Infinity,-Infinity,-Infinity,-Infinity,-Infinity,-Infinity,-Infinity,-Infinity,-Infinity,-Infinity,-Infinity,-Infinity,-Infinity,-Infinity,-Infinity,-Infinity,-Infinity,-Infinity,-Infinity,-Infinity,-Infinity,-Infinity,-Infinity,-Infinity,-Infinity,-Infinity,-Infinity,-Infinity,-Infinity,-Infinity,-Infinity,-Infinity,-Infinity,-Infinity,-Infinity,-Infinity,-Infinity,-Infinity,-Infinity,-Infinity,-Infinity,-Infinity,-Infinity,-Infinity,-Infinity,-Infinity
"S338",-Infinity,-Infinity,-Infinity,-Infinity,-Infinity,-Infinity,-Infinity,-Infinity,-Infinity,-Infinity,-Infinity,-Infinity,-Infinity,-Infinity,-Infinity,-Infinity,-Infinity,-Infinity,-Infinity,-Infinity,-Infinity,-Infinity,-Infinity,-Infinity,-Infinity,-Infinity,-Infinity,-Infinity,-Infinity,-Infinity,-Infinity,-Infinity,-Infinity,-Infinity,-Infinity,-Infinity,-Infinity,-Infinity,-Infinity,-Infinity,-Infinity,-Infinity,-Infinity,-Infinity,-Infinity,-Infinity,-Infinity,-Infinity,-Infinity,-Infinity,-Infinity,-Infinity,-Infinity,-Infinity,-Infinity,-Infinity,-Infinity,-Infinity,-Infinity,-Infinity,-Infinity,-Infinity,-Infinity,-Infinity,-Infinity,-Infinity,-Infinity,-Infinity,-Infinity,-Infinity,-Infinity,-Infinity,-Infinity,-Infinity,-Infinity,-Infinity,-Infinity,-Infinity,-Infinity,-Infinity,-Infinity,-Infinity,-Infinity,-Infinity,-Infinity,-Infinity,-Infinity,-Infinity,-Infinity,-Infinity,-Infinity,-Infinity,-Infinity,-Infinity,-Infinity,-Infinity,-Infinity,-Infinity,-Infinity,-Infinity,-Infinity,-Infinity,-Infinity,-Infinity,-Infinity,-Infinity,-Infinity,-Infinity,-Infinity,-Infinity,-Infinity,-Infinity,-Infinity,-Infinity,-Infinity,-Infinity,-Infinity,-Infinity,-Infinity,-Infinity,-Infinity,-Infinity,-Infinity,-Infinity,-Infinity,-Infinity,-Infinity,-Infinity,-Infinity,-Infinity,-Infinity,-Infinity,-Infinity,-Infinity,-Infinity,-Infinity,-Infinity,-Infinity,-Infinity,-Infinity,-Infinity
"S339",-Infinity,-Infinity,-Infinity,-Infinity,-Infinity,-Infinity,-Infinity,-Infinity,-Infinity,-Infinity,-Infinity,-Infinity,-Infinity,-Infinity,-Infinity,-Infinity,-Infinity,-Infinity,-Infinity,-Infinity,-Infinity,-Infinity,-Infinity,-Infinity,-Infinity,-Infinity,-Infinity,-Infinity,-Infinity,-Infinity,-Infinity,-Infinity,-Infinity,-Infinity,-Infinity,-Infinity,-Infinity,-Infinity,-Infinity,-Infinity,-Infinity,-Infinity,-Infinity,-Infinity,-Infinity,-Infinity,-Infinity,-Infinity,-Infinity,-Infinity,-Infinity,-Infinity,-Infinity,-Infinity,-Infinity,-Infinity,-Infinity,-Infinity,-Infinity,-Infinity,-Infinity,-Infinity,-Infinity,-Infinity,-Infinity,-Infinity,-Infinity,-Infinity,-Infinity,-Infinity,-Infinity,-Infinity,-Infinity,-Infinity,-Infinity,-Infinity,-Infinity,-Infinity,-Infinity,-Infinity,-Infinity,-Infinity,-Infinity,-Infinity,-Infinity,-Infinity,-Infinity,-Infinity,-Infinity,-Infinity,-Infinity,-Infinity,-Infinity,-Infinity,-Infinity,-Infinity,-Infinity,-Infinity,-Infinity,-Infinity,-Infinity,-Infinity,-Infinity,-Infinity,-Infinity,-Infinity,-Infinity,-Infinity,-Infinity,-Infinity,-Infinity,-Infinity,-Infinity,-Infinity,-Infinity,-Infinity,-Infinity,-Infinity,-Infinity,-Infinity,-Infinity,-Infinity,-Infinity,-Infinity,-Infinity,-Infinity,-Infinity,-Infinity,-Infinity,-Infinity,-Infinity,-Infinity,-Infinity,-Infinity,-Infinity,-Infinity,-Infinity,-Infinity,-Infinity,-Infinity,-Infinity
"S340",-Infinity,-Infinity,-Infinity,-Infinity,-Infinity,-Infinity,-Infinity,-Infinity,-Infinity,-Infinity,-Infinity,-Infinity,-Infinity,-Infinity,-Infinity,-Infinity,-Infinity,-Infinity,-Infinity,-Infinity,-Infinity,-Infinity,-Infinity,-Infinity,-Infinity,-Infinity,-Infinity,-Infinity,-Infinity,-Infinity,-Infinity,-Infinity,-Infinity,-Infinity,-Infinity,-Infinity,-Infinity,-Infinity,-Infinity,-Infinity,-Infinity,-Infinity,-Infinity,-Infinity,-Infinity,-Infinity,-Infinity,-Infinity,-Infinity,-Infinity,-Infinity,-Infinity,-Infinity,-Infinity,-Infinity,-Infinity,-Infinity,-Infinity,-Infinity,-Infinity,-Infinity,-Infinity,-Infinity,-Infinity,-Infinity,-Infinity,-Infinity,-Infinity,-Infinity,-Infinity,-Infinity,-Infinity,-Infinity,-Infinity,-Infinity,-Infinity,-Infinity,-Infinity,-Infinity,-Infinity,-Infinity,-Infinity,-Infinity,-Infinity,-Infinity,-Infinity,-Infinity,-Infinity,-Infinity,-Infinity,-Infinity,-Infinity,-Infinity,-Infinity,-Infinity,-Infinity,-Infinity,-Infinity,-Infinity,-Infinity,-Infinity,-Infinity,-Infinity,-Infinity,-Infinity,-Infinity,-Infinity,-Infinity,-Infinity,-Infinity,-Infinity,-Infinity,-Infinity,-Infinity,-Infinity,-Infinity,-Infinity,-Infinity,-Infinity,-Infinity,-Infinity,-Infinity,-Infinity,-Infinity,-Infinity,-Infinity,-Infinity,-Infinity,-Infinity,-Infinity,-Infinity,-Infinity,-Infinity,-Infinity,-Infinity,-Infinity,-Infinity,-Infinity,-Infinity,-Infinity,-Infinity
"S341",-Infinity,-Infinity,-Infinity,-Infinity,-Infinity,-Infinity,-Infinity,-Infinity,-Infinity,-Infinity,-Infinity,-Infinity,-Infinity,-Infinity,-Infinity,-Infinity,-Infinity,-Infinity,-Infinity,-Infinity,-Infinity,-Infinity,-Infinity,-Infinity,-Infinity,-Infinity,-Infinity,-Infinity,-Infinity,-Infinity,-Infinity,-Infinity,-Infinity,-Infinity,-Infinity,-Infinity,-Infinity,-Infinity,-Infinity,-Infinity,-Infinity,-Infinity,-Infinity,-Infinity,-Infinity,-Infinity,-Infinity,-Infinity,-Infinity,-Infinity,-Infinity,-Infinity,-Infinity,-Infinity,-Infinity,-Infinity,-Infinity,-Infinity,-Infinity,-Infinity,-Infinity,-Infinity,-Infinity,-Infinity,-Infinity,-Infinity,-Infinity,-Infinity,-Infinity,-Infinity,-Infinity,-Infinity,-Infinity,-Infinity,-Infinity,-Infinity,-Infinity,-Infinity,-Infinity,-Infinity,-Infinity,-Infinity,-Infinity,-Infinity,-Infinity,-Infinity,-Infinity,-Infinity,-Infinity,-Infinity,-Infinity,-Infinity,-Infinity,-Infinity,-Infinity,-Infinity,-Infinity,-Infinity,-Infinity,-Infinity,-Infinity,-Infinity,-Infinity,-Infinity,-Infinity,-Infinity,-Infinity,-Infinity,-Infinity,-Infinity,-Infinity,-Infinity,-Infinity,-Infinity,-Infinity,-Infinity,-Infinity,-Infinity,-Infinity,-Infinity,-Infinity,-Infinity,-Infinity,-Infinity,-Infinity,-Infinity,-Infinity,-Infinity,-Infinity,-Infinity,-Infinity,-Infinity,-Infinity,-Infinity,-Infinity,-Infinity,-Infinity,-Infinity,-Infinity,-Infinity,-Infinity
"S342",31.2960205078125,123.84591674804688,135.079833984375,120.4302978515625,174.35379028320312,187.55429077148438,195.05242919921875,217.89633178710938,208.44036865234375,214.16415405273438,237.04495239257812,241.73715209960938,240.13088989257812,269.1875305175781,238.22909545898438,256.8816223144531,262.29945373535156,265.9675750732422,270.1426696777344,277.50172424316406,272.07176208496094,268.8064727783203,277.66307067871094,275.9574432373047,283.93333435058594,291.5123748779297,288.2216796875,289.1647186279297,291.6072692871094,281.89756774902344,283.1557312011719,290.1370849609375,289.84889221191406,281.76698303222656,286.26878356933594,270.5863037109375,243.80111694335938,268.79931640625,265.5216979980469,239.358154296875,234.80160522460938,220.3963623046875,205.38143920898438,184.62338256835938,137.7275390625,91.7784423828125,47.145538330078125,1.673858642578125,-49.18231201171875,-120.83270263671875,-154.57269287109375,-195.474609375,-300.68707275390625,-316.71881103515625,-335.56414794921875,-418.0025634765625,-357.00836181640625,-312.13848876953125,-288.8436279296875,-326.61767578125,-367.1851806640625,-381.27740478515625,-386.87249755859375,-420.814453125,-428.477294921875,-379.56414794921875,-447.06195068359375,-450.1788330078125,-468.5745849609375,-470.8238525390625,-471.4295654296875,-439.31756591796875,-494.8504638671875,-467.1885986328125,-506.332275390625,-525.839111328125,-548.3331298828125,-550.531494140625,-605.3455810546875,-635.3812255859375,-606.490234375,-618.818359375,-582.0272216796875,-491.62603759765625,-520.5984497070312,-471.35186767578125,-447.01898193359375,-494.11114501953125,-424.65911865234375,-440.3492431640625,-435.3114013671875,-458.66229248046875,-413.77203369140625,-392.7369384765625,-397.312255859375,-397.505126953125,-420.896484375,-448.60675048828125,-405.40936279296875,-404.74505615234375,-394.94354248046875,-364.59051513671875,-396.24420166015625,-367.060791015625,-378.32293701171875,-418.2840576171875,-398.83624267578125,-444.91094970703125,-438.99346923828125,-380.50616455078125,-412.004638671875,-415.9451904296875,-465.43328857421875,-337.09576416015625,-388.49212646484375,-341.08953857421875,-346.60064697265625,-345.50128173828125,-326.5396728515625,-324.7972412109375,-280.00360107421875,-284.529541015625,-238.16400146484375,-220.2320556640625,-213.0206298828125,-214.6678466796875,-183.74951171875,-175.45928955078125,-158.4630126953125,-183.197021484375,-134.21600341796875,-167.89898681640625,-182.20599365234375,-116.31427001953125,-132.25390625,-106.6151123046875,-113.42938232421875,-133.48565673828125,-176.56500244140625,-167.000732421875,-121.41619873046875
"S343",77.55621337890625,139.75814819335938,135.079833984375,153.77261352539062,197.667724609375,207.83261108398438,203.29095458984375,228.62606811523438,223.1939697265625,228.98373413085938,237.04495239257812,241.73715209960938,240.13088989257812,269.1875305175781,246.09165954589844,256.8816223144531,262.29945373535156,265.9675750732422,270.1426696777344,280.1498718261719,293.5811004638672,281.55181884765625,277.90257263183594,281.0867004394531,285.4990234375,291.5123748779297,295.46876525878906,290.73724365234375,291.6072692871094,283.75286865234375,283.1557312011719,290.1370849609375,300.6927947998047,282.34742736816406,286.26878356933594,276.1772155761719,255.8986358642578,268.79931640625,265.5216979980469,245.0672149658203,234.80160522460938,220.3963623046875,205.38143920898438,184.62338256835938,137.7275390625,91.7784423828125,47.145538330078125,1.673858642578125,-49.18231201171875,-120.83270263671875,-154.57269287109375,-195.474609375,-292.65087890625,-316.71881103515625,-335.56414794921875,-418.0025634765625,-357.00836181640625,-312.13848876953125,-288.8436279296875,-326.61767578125,-367.1851806640625,-381.27740478515625,-386.87249755859375,-420.814453125,-428.477294921875,-379.56414794921875,-447.06195068359375,-450.1788330078125,-468.5745849609375,-470.8238525390625,-471.4295654296875,-439.31756591796875,-494.8504638671875,-467.1885986328125,-506.332275390625,-525.839111328125,-548.3331298828125,-550.531494140625,-605.3455810546875,-635.3812255859375,-606.490234375,-618.818359375,-582.0272216796875,-491.62603759765625,-520.5984497070312,-471.35186767578125,-447.01898193359375,-494.11114501953125,-424.65911865234375,-440.3492431640625,-435.3114013671875,-458.66229248046875,-413.77203369140625,-392.7369384765625,-397.312255859375,-397.505126953125,-420.896484375,-448.60675048828125,-405.40936279296875,-404.74505615234375,-394.94354248046875,-364.59051513671875,-396.24420166015625,-367.060791015625,-378.32293701171875,-418.2840576171875,-398.83624267578125,-444.91094970703125,-438.99346923828125,-368.64697265625,-402.88470458984375,-371.07379150390625,-415.01043701171875,-298.20001220703125,-279.51727294921875,-256.3887939453125,-257.35272216796875,-192.84912109375,-194.45263671875,-126.45318603515625,-96.87548828125,-123.6097412109375,-157.4959716796875,-78.4638671875,-92.22216796875,-106.7265625,-62.3353271484375,-33.75335693359375,-29.63916015625,-0.592498779296875,-92.0146484375,-100.5394287109375,-56.87371826171875,-51.76263427734375,-25.9339599609375,-24.77325439453125,-14.6923828125,-18.39373779296875,-28.4013671875,-65.6727294921875,-51.00775146484375
"S344",-178.1376953125,-12.248779296875,-18.38519287109375,-167.57537841796875,64.39718627929688,52.221923828125,77.88369750976562,79.67172241210938,66.52874755859375,77.3726806640625,141.49688720703125,128.153076171875,128.64266967773438,163.74212646484375,108.27264404296875,155.912109375,151.1453857421875,163.27978515625,169.00747680664062,174.72708129882812,162.9298095703125,172.46713256835938,184.64276123046875,181.48931884765625,195.21270751953125,204.301513671875,198.75021362304688,199.20361328125,205.4736328125,169.89068603515625,203.56698608398438,203.57675170898438,185.31390380859375,199.4930419921875,168.63458251953125,186.95474243164062,120.22531127929688,173.9119873046875,164.78585815429688,148.219482421875,127.17523193359375,107.91635131835938,109.09188842773438,14.8746337890625,18.77813720703125,-61.49395751953125,-112.26043701171875,-348.3807373046875,-262.87811279296875,-395.1663818359375,-306.8974609375,-604.2099609375,-598.0953369140625,-727.00390625,-849.549072265625,-792.59228515625,-737.9517822265625,-734.059814453125,-823.5570068359375,-772.2994384765625,-749.5191650390625,-909.347412109375,-945.177001953125,-944.7056884765625,-1018.223388671875,-765.7989501953125,-958.95947265625,-975.77294921875,-710.61328125,-1103.3419189453125,-1247.3504638671875,-846.4722900390625,-921.68701171875,-937.163818359375,-995.24462890625,-902.66552734375,-915.773681640625,-1100.50830078125,-996.976318359375,-1109.31591796875,-1202.6842041015625,-1181.8743896484375,-1437.321044921875,-1230.7476806640625,-1136.9420166015625,-1263.7659912109375,-1451.9329833984375,-965.16650390625,-1154.3345947265625,-1153.703857421875,-1022.7578125,-968.5577392578125,-979.9443359375,-926.940185546875,-910.5230712890625,-890.0762939453125,-957.0216064453125,-865.7540283203125,-1116.626220703125,-919.98291015625,-837.2828369140625,-859.9830322265625,-944.691162109375,-768.1746826171875,-793.9859619140625,-838.54833984375,-853.0732421875,-925.5023193359375,-844.7900390625,-768.23876953125,-1020.997314453125,-834.2061767578125,-1095.0689697265625,-894.426025390625,-813.9368896484375,-746.1807861328125,-817.60546875,-754.672119140625,-953.93994140625,-918.030029296875,-677.911376953125,-871.6820068359375,-861.354248046875,-752.5718994140625,-839.8509521484375,-601.5860595703125,-640.945556640625,-556.6304931640625,-527.8043212890625,-518.3209228515625,-574.91796875,-594.5186767578125,-614.162109375,-402.3388671875,-425.47271728515625,-378.53717041015625,-487.9078369140625,-479.3492431640625,-541.047607421875,-480.7916259765625,-488.842041015625
"S345",-272.55218505859375,-22.59716796875,-58.49774169921875,-141.29547119140625,95.39453125,51.347991943359375,112.71002197265625,89.99862670898438,73.47943115234375,122.15042114257812,155.05255126953125,132.18679809570312,145.68759155273438,180.88223266601562,155.44052124023438,160.87347412109375,177.98831176757812,145.90963745117188,189.3118896484375,198.16574096679688,160.197998046875,173.01376342773438,187.29428100585938,198.85842895507812,198.67431640625,204.35067749023438,200.31912231445312,207.13919067382812,193.86569213867188,187.73904418945312,185.36398315429688,200.970947265625,202.601318359375,199.86703491210938,192.73931884765625,187.17730712890625,111.54095458984375,170.17926025390625,178.48928833007812,129.37734985351562,120.25173950195312,93.93533325195312,114.48162841796875,38.90826416015625,21.19354248046875,-221.27288818359375,-115.7432861328125,-230.7625732421875,-238.9652099609375,-342.24127197265625,-335.57342529296875,-502.00994873046875,-501.080078125,-635.18603515625,-741.6380615234375,-685.0692138671875,-704.235595703125,-739.6376953125,-866.2843017578125,-799.6451416015625,-813.5797119140625,-945.6876220703125,-811.993408203125,-881.980712890625,-973.5601806640625,-888.00146484375,-1126.98779296875,-1094.272705078125,-958.7354736328125,-951.7806396484375,-1006.73486328125,-815.9281005859375,-993.619384765625,-998.9783935546875,-1078.30224609375,-1053.6649169921875,-1057.650390625,-1043.6414794921875,-1148.8857421875,-1129.2569580078125,-1183.4195556640625,-1438.38037109375,-1354.6365966796875,-1397.8447265625,-1805.2978515625,-1131.739990234375,-1030.8681640625,-1012.41259765625,-1131.793212890625,-1054.6654052734375,-1063.1431884765625,-927.046875,-1004.3153076171875,-898.4295654296875,-961.134521484375,-840.7449951171875,-1019.0938720703125,-919.992919921875,-1042.7894287109375,-884.9517822265625,-929.741943359375,-890.9708251953125,-951.322998046875,-729.4981689453125,-751.40625,-865.6053466796875,-804.3114013671875,-938.390869140625,-737.9976806640625,-641.76806640625,-702.7078857421875,-625.146240234375,-996.9605712890625,-802.2747802734375,-714.7618408203125,-564.4957275390625,-650.14404296875,-594.5062255859375,-750.8804931640625,-537.968994140625,-538.669921875,-672.851806640625,-643.016845703125,-474.07073974609375,-547.421142578125,-477.7164306640625,-375.69903564453125,-402.75335693359375,-364.1656494140625,-385.7550048828125,-552.1649169921875,-496.7947998046875,-442.0152587890625,-361.0159912109375,-349.32965087890625,-307.2196044921875,-303.46221923828125,-291.5465087890625,-231.14996337890625,-422.6922607421875,-267.3179931640625
"S346",93.91433715820312,140.63519287109375,75.5201416015625,75.71493530273438,146.39669799804688,221.89013671875,183.53134155273438,207.11114501953125,248.0941925048828,218.46261596679688,241.70193481445312,256.106201171875,240.90243530273438,254.87628173828125,276.4617156982422,237.76617431640625,237.5738525390625,270.16746520996094,244.55328369140625,232.74520874023438,281.04100036621094,238.01187133789062,240.81365966796875,251.3893280029297,257.8642272949219,246.13978576660156,285.93336486816406,256.7362060546875,252.4436798095703,268.6627502441406,244.287841796875,264.0794372558594,295.04408264160156,240.7164306640625,259.1014709472656,263.940185546875,227.91415405273438,262.2856750488281,257.2747344970703,237.16012573242188,198.70236206054688,119.6259765625,193.92324829101562,151.5806884765625,159.21759033203125,97.92239379882812,-120.40020751953125,49.33331298828125,2.214996337890625,-200.35150146484375,-150.25,-244.86334228515625,-373.11871337890625,-304.980712890625,-287.98419189453125,-462.78240966796875,-409.28253173828125,-452.8590087890625,-428.83154296875,-414.31524658203125,-505.83221435546875,-490.5091552734375,-444.6058349609375,-452.55712890625,-540.5628662109375,-496.37939453125,-476.8336181640625,-570.731201171875,-507.9859619140625,-614.9407958984375,-586.7392578125,-543.29296875,-575.815673828125,-576.33984375,-641.79736328125,-822.8905029296875,-573.58984375,-783.98583984375,-737.458984375,-572.891845703125,-551.767333984375,-723.8607177734375,-565.510986328125,-690.35498046875,-846.32373046875,-752.3380126953125,-707.7276611328125,-630.9779052734375,-740.2020263671875,-760.32958984375,-806.615966796875,-606.6669921875,-480.22149658203125,-526.1427001953125,-417.0975341796875,-489.7197265625,-668.69482421875,-519.3320922851562,-521.4940185546875,-469.58087158203125,-517.471435546875,-524.4210205078125,-549.1270751953125,-379.576416015625,-448.2056884765625,-432.1533203125,-416.2205810546875,-351.67620849609375,-356.792724609375,-428.98992919921875,-448.661376953125,-410.83404541015625,-333.107666015625,-325.7315673828125,-504.70880126953125,-301.93463134765625,-182.63580322265625,-213.796875,-209.375732421875,-225.6939697265625,-162.74090576171875,-108.06158447265625,-303.1717529296875,-125.0552978515625,-84.2545166015625,-9.350555419921875,-66.72808837890625,-20.95257568359375,-92.38665771484375,-61.77545166015625,-93.61456298828125,-16.758544921875,39.633270263671875,-72.12921142578125,-8.3853759765625,-102.1915283203125,24.180755615234375,-21.47882080078125,81.35662841796875,69.95285034179688,-17.7879638671875
"S347",60.6448974609375,88.49176025390625,76.71124267578125,118.04452514648438,137.41644287109375,178.95767211914062,153.38192749023438,196.80026245117188,199.79873657226562,222.44610595703125,218.12051391601562,173.65838623046875,152.611572265625,204.76434326171875,207.12936401367188,222.635986328125,215.17056274414062,231.22552490234375,229.75534057617188,226.80227661132812,233.0313720703125,228.75775146484375,227.30270385742188,245.06149291992188,239.70074462890625,239.86468505859375,265.22239685058594,260.356689453125,244.9622344970703,267.19895935058594,236.06951904296875,252.82156372070312,267.4142303466797,248.42919921875,249.68191528320312,213.20394897460938,217.60498046875,234.2440185546875,219.4639892578125,190.96188354492188,124.68191528320312,125.6490478515625,132.09432983398438,68.24258422851562,75.73004150390625,51.642913818359375,-36.200927734375,-32.10504150390625,-129.7777099609375,-273.7877197265625,-265.510498046875,-406.87506103515625,-517.3323974609375,-638.0379638671875,-760.1690673828125,-858.337890625,-895.828857421875,-877.0147705078125,-881.8035888671875,-905.400390625,-920.9552001953125,-977.099853515625,-967.4420166015625,-1001.82470703125,-1076.7716064453125,-964.6575927734375,-1024.67236328125,-1015.9603271484375,-983.57421875,-983.776123046875,-1046.0347900390625,-993.5531005859375,-1005.293701171875,-1089.1015625,-1055.521484375,-1116.2724609375,-1036.141357421875,-1254.1331787109375,-1192.03857421875,-1229.553466796875,-1162.233154296875,-1208.92626953125,-1244.390869140625,-1181.2896728515625,-1112.5784912109375,-1228.708251953125,-1160.324462890625,-1038.96044921875,-1228.3472900390625,-1117.5848388671875,-1192.0609130859375,-1158.0380859375,-1001.4285888671875,-1015.9549560546875,-953.7940673828125,-930.153564453125,-1074.473876953125,-1018.52685546875,-1012.2178955078125,-960.5421142578125,-957.101318359375,-1069.0028076171875,-1004.212646484375,-973.4393310546875,-993.453125,-877.1607666015625,-842.285400390625,-865.3985595703125,-778.82861328125,-863.544677734375,-770.9241943359375,-671.3609619140625,-652.2294921875,-570.1280517578125,-623.269775390625,-524.4749755859375,-511.096435546875,-466.3509521484375,-420.4224853515625,-416.51971435546875,-424.8809814453125,-319.46539306640625,-375.338623046875,-268.15289306640625,-324.12786865234375,-239.72247314453125,-219.5667724609375,-174.96478271484375,-277.75457763671875,-220.14141845703125,-255.1912841796875,-178.20098876953125,-102.69317626953125,-191.4493408203125,-112.6343994140625,-73.7041015625,-63.10711669921875,-93.353515625,-35.48797607421875,-74.93646240234375,-78.48828125
"S348",103.21505737304688,77.80075073242188,103.3067626953125,168.47958374023438,176.45858764648438,169.01373291015625,149.999267578125,183.82400512695312,189.21945190429688,217.06304931640625,245.92050170898438,194.96939086914062,203.085693359375,191.17764282226562,185.83090209960938,233.21701049804688,236.3778076171875,249.30508422851562,271.14085388183594,247.052001953125,268.1516418457031,281.00616455078125,245.4044952392578,246.15255737304688,270.0816192626953,270.2308807373047,277.6521759033203,289.8699493408203,272.52528381347656,266.5960235595703,279.8544006347656,278.2562713623047,277.1678924560547,270.3658447265625,265.3770751953125,246.3788604736328,218.66217041015625,235.179931640625,236.72488403320312,184.363037109375,229.02609252929688,187.493408203125,186.78106689453125,18.431854248046875,87.97018432617188,121.1134033203125,17.369720458984375,4.709075927734375,-71.31268310546875,-212.0087890625,-293.7445068359375,-370.22283935546875,-516.33447265625,-716.8778076171875,-832.9298095703125,-1061.624267578125,-1133.533447265625,-992.4373779296875,-1097.7305908203125,-926.7249755859375,-999.9830322265625,-1042.8743896484375,-1078.5,-1056.8402099609375,-1140.4093017578125,-1045.3017578125,-1123.4775390625,-1138.2716064453125,-1082.6922607421875,-914.3375244140625,-1161.71044921875,-1067.5361328125,-1081.3564453125,-1392.9881591796875,-1113.5936279296875,-1285.2337646484375,-1169.753662109375,-1472.7845458984375,-1457.0633544921875,-1403.12890625,-1337.5689697265625,-1295.958740234375,-1411.9547119140625,-1509.3468017578125,-1192.60498046875,-1495.493896484375,-1293.1087646484375,-1115.7020263671875,-1395.9364013671875,-1275.0423583984375,-1275.9132080078125,-1135.12548828125,-1213.260009765625,-1140.7991943359375,-1081.941650390625,-1088.3233642578125,-1190.1827392578125,-1249.4932861328125,-1253.9400634765625,-1094.724365234375,-1068.885009765625,-1205.21533203125,-1224.2156982421875,-1104.3701171875,-1110.4017333984375,-980.31103515625,-983.619140625,-1112.2322998046875,-967.958251953125,-952.1124267578125,-725.3499755859375,-712.1917724609375,-638.395263671875,-580.69384765625,-624.8717041015625,-576.96826171875,-612.17529296875,-518.0147094726562,-403.41162109375,-427.121337890625,-476.3360595703125,-313.35333251953125,-465.494140625,-288.40509033203125,-444.02825927734375,-314.83544921875,-381.4119873046875,-175.58636474609375,-214.49627685546875,-274.45220947265625,-179.5396728515625,-219.2237548828125,-53.3634033203125,-61.7320556640625,20.595001220703125,49.69921875,-20.0059814453125,-84.91534423828125,2.27667236328125,-73.22442626953125,-13.03057861328125
"S349",47.963623046875,61.071075439453125,67.82965087890625,123.76324462890625,155.99853515625,159.58737182617188,149.999267578125,183.70046997070312,189.21945190429688,206.53753662109375,213.01644897460938,194.96939086914062,203.085693359375,191.17764282226562,185.83090209960938,210.91250610351562,219.88900756835938,240.04678344726562,236.78765869140625,251.41053771972656,263.5579376220703,254.22720336914062,255.41444396972656,270.944580078125,266.1460266113281,266.38844299316406,277.835693359375,271.4427947998047,270.5130615234375,272.05860900878906,264.40052795410156,265.9930725097656,279.7908477783203,276.0159454345703,278.75927734375,241.960205078125,235.7386474609375,259.36370849609375,250.73892211914062,250.3102264404297,203.36325073242188,169.769287109375,128.72567749023438,99.29443359375,99.61709594726562,68.31732177734375,-5.5380859375,-59.1470947265625,-144.80712890625,-349.05548095703125,-424.6429443359375,-536.697998046875,-584.7100830078125,-801.4853515625,-869.66748046875,-799.594482421875,-819.7996826171875,-802.24951171875,-863.236083984375,-916.792236328125,-876.8914794921875,-946.7930908203125,-952.75390625,-1056.8402099609375,-946.1934814453125,-905.8057861328125,-860.0137939453125,-910.5604248046875,-825.8519287109375,-849.533447265625,-885.73388671875,-802.4530029296875,-851.383544921875,-822.5828857421875,-798.9400634765625,-945.47021484375,-919.294189453125,-1007.4345703125,-1055.1927490234375,-1033.703125,-1131.7354736328125,-1114.3035888671875,-1018.669677734375,-1057.610107421875,-1109.8001708984375,-1180.928466796875,-1099.358642578125,-998.7996826171875,-990.2650146484375,-921.91845703125,-887.627685546875,-898.328857421875,-793.9833984375,-759.274169921875,-832.7393798828125,-811.13037109375,-776.8670654296875,-766.4017333984375,-869.0029296875,-744.9652099609375,-693.6058349609375,-731.3729248046875,-760.8380126953125,-720.154541015625,-702.099365234375,-671.701171875,-659.948974609375,-691.750244140625,-644.3048095703125,-600.802490234375,-545.1820068359375,-523.7178344726562,-514.3731079101562,-435.79547119140625,-493.43890380859375,-518.4536743164062,-470.2030029296875,-421.01483154296875,-382.01165771484375,-363.69354248046875,-358.39007568359375,-326.609130859375,-263.09918212890625,-271.45196533203125,-287.34912109375,-201.40533447265625,-119.81298828125,-105.061767578125,-134.42486572265625,-56.09356689453125,-164.9678955078125,-93.36529541015625,-12.62481689453125,-25.19854736328125,19.855224609375,34.028564453125,58.6680908203125,37.9298095703125,-3.209503173828125,19.630279541015625,41.8153076171875
"S350",44.095306396484375,61.071075439453125,67.82965087890625,109.90548706054688,127.96652221679688,159.58737182617188,149.999267578125,183.70046997070312,189.21945190429688,206.53753662109375,213.01644897460938,194.96939086914062,203.085693359375,191.17764282226562,185.83090209960938,210.91250610351562,219.1474609375,240.04678344726562,236.78765869140625,212.136962890625,233.10430908203125,245.60946655273438,255.41444396972656,270.944580078125,260.58026123046875,266.38844299316406,277.835693359375,254.77793884277344,270.5130615234375,272.05860900878906,234.922119140625,253.75967407226562,259.57627868652344,263.8280487060547,257.08802795410156,241.960205078125,215.564208984375,207.09951782226562,178.6292724609375,158.74642944335938,152.35800170898438,127.960205078125,97.62033081054688,71.25955200195312,-0.830169677734375,-41.6348876953125,-125.65936279296875,-144.67803955078125,-232.05145263671875,-381.01361083984375,-424.6429443359375,-545.1326904296875,-650.1114501953125,-801.4853515625,-869.66748046875,-799.594482421875,-819.7996826171875,-802.24951171875,-863.236083984375,-916.792236328125,-876.8914794921875,-946.7930908203125,-952.75390625,-1120.859375,-1234.1112060546875,-1185.3658447265625,-1097.5650634765625,-1169.56103515625,-1043.5220947265625,-996.8359375,-1093.6341552734375,-948.918212890625,-953.8385009765625,-904.7315673828125,-838.969482421875,-1051.2940673828125,-919.294189453125,-1007.4345703125,-1055.1927490234375,-1033.703125,-1131.7354736328125,-1114.3035888671875,-1018.669677734375,-1057.610107421875,-1109.8001708984375,-1180.928466796875,-1099.358642578125,-998.7996826171875,-990.2650146484375,-971.658203125,-975.60986328125,-988.3114013671875,-964.543212890625,-907.464111328125,-893.857666015625,-871.443359375,-871.764892578125,-934.3673095703125,-977.18212890625,-821.916748046875,-820.9549560546875,-829.72265625,-812.926513671875,-837.828125,-862.58642578125,-846.843994140625,-832.67529296875,-850.1796875,-812.9423828125,-761.57177734375,-679.2913818359375,-625.490478515625,-593.9705810546875,-506.28607177734375,-550.459716796875,-518.4536743164062,-470.2030029296875,-421.01483154296875,-382.01165771484375,-398.4569091796875,-402.94891357421875,-326.609130859375,-336.949462890625,-323.5048828125,-383.2855224609375,-287.0576171875,-198.3094482421875,-162.58258056640625,-215.67120361328125,-205.46917724609375,-164.9678955078125,-167.01959228515625,-116.1395263671875,-131.41082763671875,-100.19439697265625,-81.5789794921875,-40.969482421875,-71.6939697265625,-60.4368896484375,-72.56671142578125,-63.88922119140625
"S351",-Infinity,-Infinity,-Infinity,-Infinity,-Infinity,-Infinity,-Infinity,-Infinity,-Infinity,-Infinity,-Infinity,-Infinity,-Infinity,-Infinity,-Infinity,-Infinity,-Infinity,-Infinity,-Infinity,-Infinity,-Infinity,-Infinity,-Infinity,-Infinity,-Infinity,-Infinity,-Infinity,-Infinity,-Infinity,-Infinity,-Infinity,-Infinity,-Infinity,-Infinity,-Infinity,-Infinity,-Infinity,-Infinity,-Infinity,-Infinity,-Infinity,-Infinity,-Infinity,-Infinity,-Infinity,-Infinity,-Infinity,-Infinity,-Infinity,-Infinity,-Infinity,-Infinity,-Infinity,-Infinity,-Infinity,-Infinity,-Infinity,-Infinity,-Infinity,-Infinity,-Infinity,-Infinity,-Infinity,-Infinity,-Infinity,-Infinity,-Infinity,-Infinity,-Infinity,-Infinity,-Infinity,-Infinity,-Infinity,-Infinity,-Infinity,-Infinity,-Infinity,-Infinity,-Infinity,-Infinity,-Infinity,-Infinity,-Infinity,-Infinity,-Infinity,-Infinity,-Infinity,-Infinity,-Infinity,-Infinity,-Infinity,-Infinity,-Infinity,-Infinity,-Infinity,-Infinity,-Infinity,-Infinity,-Infinity,-Infinity,-Infinity,-Infinity,-Infinity,-Infinity,-Infinity,-Infinity,-Infinity,-Infinity,-Infinity,-Infinity,-Infinity,-Infinity,-Infinity,-Infinity,-Infinity,-Infinity,-Infinity,-Infinity,-Infinity,-Infinity,-Infinity,-Infinity,-Infinity,-Infinity,-Infinity,-Infinity,-Infinity,-Infinity,-Infinity,-Infinity,-Infinity,-Infinity,-Infinity,-Infinity,-Infinity,-Infinity,-Infinity,-Infinity,-Infinity,-Infinity,-Infinity
"S352",-Infinity,-Infinity,-Infinity,-Infinity,-Infinity,-Infinity,-Infinity,-Infinity,-Infinity,-Infinity,-Infinity,-Infinity,-Infinity,-Infinity,-Infinity,-Infinity,-Infinity,-Infinity,-Infinity,-Infinity,-Infinity,-Infinity,-Infinity,-Infinity,-Infinity,-Infinity,-Infinity,-Infinity,-Infinity,-Infinity,-Infinity,-Infinity,-Infinity,-Infinity,-Infinity,-Infinity,-Infinity,-Infinity,-Infinity,-Infinity,-Infinity,-Infinity,-Infinity,-Infinity,-Infinity,-Infinity,-Infinity,-Infinity,-Infinity,-Infinity,-Infinity,-Infinity,-Infinity,-Infinity,-Infinity,-Infinity,-Infinity,-Infinity,-Infinity,-Infinity,-Infinity,-Infinity,-Infinity,-Infinity,-Infinity,-Infinity,-Infinity,-Infinity,-Infinity,-Infinity,-Infinity,-Infinity,-Infinity,-Infinity,-Infinity,-Infinity,-Infinity,-Infinity,-Infinity,-Infinity,-Infinity,-Infinity,-Infinity,-Infinity,-Infinity,-Infinity,-Infinity,-Infinity,-Infinity,-Infinity,-Infinity,-Infinity,-Infinity,-Infinity,-Infinity,-Infinity,-Infinity,-Infinity,-Infinity,-Infinity,-Infinity,-Infinity,-Infinity,-Infinity,-Infinity,-Infinity,-Infinity,-Infinity,-Infinity,-Infinity,-Infinity,-Infinity,-Infinity,-Infinity,-Infinity,-Infinity,-Infinity,-Infinity,-Infinity,-Infinity,-Infinity,-Infinity,-Infinity,-Infinity,-Infinity,-Infinity,-Infinity,-Infinity,-Infinity,-Infinity,-Infinity,-Infinity,-Infinity,-Infinity,-Infinity,-Infinity,-Infinity,-Infinity,-Infinity,-Infinity,-Infinity
"S353",-Infinity,-Infinity,-Infinity,-Infinity,-Infinity,-Infinity,-Infinity,-Infinity,-Infinity,-Infinity,-Infinity,-Infinity,-Infinity,-Infinity,-Infinity,-Infinity,-Infinity,-Infinity,-Infinity,-Infinity,-Infinity,-Infinity,-Infinity,-Infinity,-Infinity,-Infinity,-Infinity,-Infinity,-Infinity,-Infinity,-Infinity,-Infinity,-Infinity,-Infinity,-Infinity,-Infinity,-Infinity,-Infinity,-Infinity,-Infinity,-Infinity,-Infinity,-Infinity,-Infinity,-Infinity,-Infinity,-Infinity,-Infinity,-Infinity,-Infinity,-Infinity,-Infinity,-Infinity,-Infinity,-Infinity,-Infinity,-Infinity,-Infinity,-Infinity,-Infinity,-Infinity,-Infinity,-Infinity,-Infinity,-Infinity,-Infinity,-Infinity,-Infinity,-Infinity,-Infinity,-Infinity,-Infinity,-Infinity,-Infinity,-Infinity,-Infinity,-Infinity,-Infinity,-Infinity,-Infinity,-Infinity,-Infinity,-Infinity,-Infinity,-Infinity,-Infinity,-Infinity,-Infinity,-Infinity,-Infinity,-Infinity,-Infinity,-Infinity,-Infinity,-Infinity,-Infinity,-Infinity,-Infinity,-Infinity,-Infinity,-Infinity,-Infinity,-Infinity,-Infinity,-Infinity,-Infinity,-Infinity,-Infinity,-Infinity,-Infinity,-Infinity,-Infinity,-Infinity,-Infinity,-Infinity,-Infinity,-Infinity,-Infinity,-Infinity,-Infinity,-Infinity,-Infinity,-Infinity,-Infinity,-Infinity,-Infinity,-Infinity,-Infinity,-Infinity,-Infinity,-Infinity,-Infinity,-Infinity,-Infinity,-Infinity,-Infinity,-Infinity,-Infinity,-Infinity,-Infinity,-Infinity
"S354",-Infinity,-Infinity,-Infinity,-Infinity,-Infinity,-Infinity,-Infinity,-Infinity,-Infinity,-Infinity,-Infinity,-Infinity,-Infinity,-Infinity,-Infinity,-Infinity,-Infinity,-Infinity,-Infinity,-Infinity,-Infinity,-Infinity,-Infinity,-Infinity,-Infinity,-Infinity,-Infinity,-Infinity,-Infinity,-Infinity,-Infinity,-Infinity,-Infinity,-Infinity,-Infinity,-Infinity,-Infinity,-Infinity,-Infinity,-Infinity,-Infinity,-Infinity,-Infinity,-Infinity,-Infinity,-Infinity,-Infinity,-Infinity,-Infinity,-Infinity,-Infinity,-Infinity,-Infinity,-Infinity,-Infinity,-Infinity,-Infinity,-Infinity,-Infinity,-Infinity,-Infinity,-Infinity,-Infinity,-Infinity,-Infinity,-Infinity,-Infinity,-Infinity,-Infinity,-Infinity,-Infinity,-Infinity,-Infinity,-Infinity,-Infinity,-Infinity,-Infinity,-Infinity,-Infinity,-Infinity,-Infinity,-Infinity,-Infinity,-Infinity,-Infinity,-Infinity,-Infinity,-Infinity,-Infinity,-Infinity,-Infinity,-Infinity,-Infinity,-Infinity,-Infinity,-Infinity,-Infinity,-Infinity,-Infinity,-Infinity,-Infinity,-Infinity,-Infinity,-Infinity,-Infinity,-Infinity,-Infinity,-Infinity,-Infinity,-Infinity,-Infinity,-Infinity,-Infinity,-Infinity,-Infinity,-Infinity,-Infinity,-Infinity,-Infinity,-Infinity,-Infinity,-Infinity,-Infinity,-Infinity,-Infinity,-Infinity,-Infinity,-Infinity,-Infinity,-Infinity,-Infinity,-Infinity,-Infinity,-Infinity,-Infinity,-Infinity,-Infinity,-Infinity,-Infinity,-Infinity,-Infinity
"S355",-Infinity,-Infinity,-Infinity,-Infinity,-Infinity,-Infinity,-Infinity,-Infinity,-Infinity,-Infinity,-Infinity,-Infinity,-Infinity,-Infinity,-Infinity,-Infinity,-Infinity,-Infinity,-Infinity,-Infinity,-Infinity,-Infinity,-Infinity,-Infinity,-Infinity,-Infinity,-Infinity,-Infinity,-Infinity,-Infinity,-Infinity,-Infinity,-Infinity,-Infinity,-Infinity,-Infinity,-Infinity,-Infinity,-Infinity,-Infinity,-Infinity,-Infinity,-Infinity,-Infinity,-Infinity,-Infinity,-Infinity,-Infinity,-Infinity,-Infinity,-Infinity,-Infinity,-Infinity,-Infinity,-Infinity,-Infinity,-Infinity,-Infinity,-Infinity,-Infinity,-Infinity,-Infinity,-Infinity,-Infinity,-Infinity,-Infinity,-Infinity,-Infinity,-Infinity,-Infinity,-Infinity,-Infinity,-Infinity,-Infinity,-Infinity,-Infinity,-Infinity,-Infinity,-Infinity,-Infinity,-Infinity,-Infinity,-Infinity,-Infinity,-Infinity,-Infinity,-Infinity,-Infinity,-Infinity,-Infinity,-Infinity,-Infinity,-Infinity,-Infinity,-Infinity,-Infinity,-Infinity,-Infinity,-Infinity,-Infinity,-Infinity,-Infinity,-Infinity,-Infinity,-Infinity,-Infinity,-Infinity,-Infinity,-Infinity,-Infinity,-Infinity,-Infinity,-Infinity,-Infinity,-Infinity,-Infinity,-Infinity,-Infinity,-Infinity,-Infinity,-Infinity,-Infinity,-Infinity,-Infinity,-Infinity,-Infinity,-Infinity,-Infinity,-Infinity,-Infinity,-Infinity,-Infinity,-Infinity,-Infinity,-Infinity,-Infinity,-Infinity,-Infinity,-Infinity,-Infinity,-Infinity
"S356",-Infinity,-Infinity,-Infinity,-Infinity,-Infinity,-Infinity,-Infinity,-Infinity,-Infinity,-Infinity,-Infinity,-Infinity,-Infinity,-Infinity,-Infinity,-Infinity,-Infinity,-Infinity,-Infinity,-Infinity,-Infinity,-Infinity,-Infinity,-Infinity,-Infinity,-Infinity,-Infinity,-Infinity,-Infinity,-Infinity,-Infinity,-Infinity,-Infinity,-Infinity,-Infinity,-Infinity,-Infinity,-Infinity,-Infinity,-Infinity,-Infinity,-Infinity,-Infinity,-Infinity,-Infinity,-Infinity,-Infinity,-Infinity,-Infinity,-Infinity,-Infinity,-Infinity,-Infinity,-Infinity,-Infinity,-Infinity,-Infinity,-Infinity,-Infinity,-Infinity,-Infinity,-Infinity,-Infinity,-Infinity,-Infinity,-Infinity,-Infinity,-Infinity,-Infinity,-Infinity,-Infinity,-Infinity,-Infinity,-Infinity,-Infinity,-Infinity,-Infinity,-Infinity,-Infinity,-Infinity,-Infinity,-Infinity,-Infinity,-Infinity,-Infinity,-Infinity,-Infinity,-Infinity,-Infinity,-Infinity,-Infinity,-Infinity,-Infinity,-Infinity,-Infinity,-Infinity,-Infinity,-Infinity,-Infinity,-Infinity,-Infinity,-Infinity,-Infinity,-Infinity,-Infinity,-Infinity,-Infinity,-Infinity,-Infinity,-Infinity,-Infinity,-Infinity,-Infinity,-Infinity,-Infinity,-Infinity,-Infinity,-Infinity,-Infinity,-Infinity,-Infinity,-Infinity,-Infinity,-Infinity,-Infinity,-Infinity,-Infinity,-Infinity,-Infinity,-Infinity,-Infinity,-Infinity,-Infinity,-Infinity,-Infinity,-Infinity,-Infinity,-Infinity,-Infinity,-Infinity,-Infinity
"S357",-Infinity,-Infinity,-Infinity,-Infinity,-Infinity,-Infinity,-Infinity,-Infinity,-Infinity,-Infinity,-Infinity,-Infinity,-Infinity,-Infinity,-Infinity,-Infinity,-Infinity,-Infinity,-Infinity,-Infinity,-Infinity,-Infinity,-Infinity,-Infinity,-Infinity,-Infinity,-Infinity,-Infinity,-Infinity,-Infinity,-Infinity,-Infinity,-Infinity,-Infinity,-Infinity,-Infinity,-Infinity,-Infinity,-Infinity,-Infinity,-Infinity,-Infinity,-Infinity,-Infinity,-Infinity,-Infinity,-Infinity,-Infinity,-Infinity,-Infinity,-Infinity,-Infinity,-Infinity,-Infinity,-Infinity,-Infinity,-Infinity,-Infinity,-Infinity,-Infinity,-Infinity,-Infinity,-Infinity,-Infinity,-Infinity,-Infinity,-Infinity,-Infinity,-Infinity,-Infinity,-Infinity,-Infinity,-Infinity,-Infinity,-Infinity,-Infinity,-Infinity,-Infinity,-Infinity,-Infinity,-Infinity,-Infinity,-Infinity,-Infinity,-Infinity,-Infinity,-Infinity,-Infinity,-Infinity,-Infinity,-Infinity,-Infinity,-Infinity,-Infinity,-Infinity,-Infinity,-Infinity,-Infinity,-Infinity,-Infinity,-Infinity,-Infinity,-Infinity,-Infinity,-Infinity,-Infinity,-Infinity,-Infinity,-Infinity,-Infinity,-Infinity,-Infinity,-Infinity,-Infinity,-Infinity,-Infinity,-Infinity,-Infinity,-Infinity,-Infinity,-Infinity,-Infinity,-Infinity,-Infinity,-Infinity,-Infinity,-Infinity,-Infinity,-Infinity,-Infinity,-Infinity,-Infinity,-Infinity,-Infinity,-Infinity,-Infinity,-Infinity,-Infinity,-Infinity,-Infinity,-Infinity
"S358",-Infinity,-Infinity,-Infinity,-Infinity,-Infinity,-Infinity,-Infinity,-Infinity,-Infinity,-Infinity,-Infinity,-Infinity,-Infinity,-Infinity,-Infinity,-Infinity,-Infinity,-Infinity,-Infinity,-Infinity,-Infinity,-Infinity,-Infinity,-Infinity,-Infinity,-Infinity,-Infinity,-Infinity,-Infinity,-Infinity,-Infinity,-Infinity,-Infinity,-Infinity,-Infinity,-Infinity,-Infinity,-Infinity,-Infinity,-Infinity,-Infinity,-Infinity,-Infinity,-Infinity,-Infinity,-Infinity,-Infinity,-Infinity,-Infinity,-Infinity,-Infinity,-Infinity,-Infinity,-Infinity,-Infinity,-Infinity,-Infinity,-Infinity,-Infinity,-Infinity,-Infinity,-Infinity,-Infinity,-Infinity,-Infinity,-Infinity,-Infinity,-Infinity,-Infinity,-Infinity,-Infinity,-Infinity,-Infinity,-Infinity,-Infinity,-Infinity,-Infinity,-Infinity,-Infinity,-Infinity,-Infinity,-Infinity,-Infinity,-Infinity,-Infinity,-Infinity,-Infinity,-Infinity,-Infinity,-Infinity,-Infinity,-Infinity,-Infinity,-Infinity,-Infinity,-Infinity,-Infinity,-Infinity,-Infinity,-Infinity,-Infinity,-Infinity,-Infinity,-Infinity,-Infinity,-Infinity,-Infinity,-Infinity,-Infinity,-Infinity,-Infinity,-Infinity,-Infinity,-Infinity,-Infinity,-Infinity,-Infinity,-Infinity,-Infinity,-Infinity,-Infinity,-Infinity,-Infinity,-Infinity,-Infinity,-Infinity,-Infinity,-Infinity,-Infinity,-Infinity,-Infinity,-Infinity,-Infinity,-Infinity,-Infinity,-Infinity,-Infinity,-Infinity,-Infinity,-Infinity,-Infinity
"S359",-Infinity,-Infinity,-Infinity,-Infinity,-Infinity,-Infinity,-Infinity,-Infinity,-Infinity,-Infinity,-Infinity,-Infinity,-Infinity,-Infinity,-Infinity,-Infinity,-Infinity,-Infinity,-Infinity,-Infinity,-Infinity,-Infinity,-Infinity,-Infinity,-Infinity,-Infinity,-Infinity,-Infinity,-Infinity,-Infinity,-Infinity,-Infinity,-Infinity,-Infinity,-Infinity,-Infinity,-Infinity,-Infinity,-Infinity,-Infinity,-Infinity,-Infinity,-Infinity,-Infinity,-Infinity,-Infinity,-Infinity,-Infinity,-Infinity,-Infinity,-Infinity,-Infinity,-Infinity,-Infinity,-Infinity,-Infinity,-Infinity,-Infinity,-Infinity,-Infinity,-Infinity,-Infinity,-Infinity,-Infinity,-Infinity,-Infinity,-Infinity,-Infinity,-Infinity,-Infinity,-Infinity,-Infinity,-Infinity,-Infinity,-Infinity,-Infinity,-Infinity,-Infinity,-Infinity,-Infinity,-Infinity,-Infinity,-Infinity,-Infinity,-Infinity,-Infinity,-Infinity,-Infinity,-Infinity,-Infinity,-Infinity,-Infinity,-Infinity,-Infinity,-Infinity,-Infinity,-Infinity,-Infinity,-Infinity,-Infinity,-Infinity,-Infinity,-Infinity,-Infinity,-Infinity,-Infinity,-Infinity,-Infinity,-Infinity,-Infinity,-Infinity,-Infinity,-Infinity,-Infinity,-Infinity,-Infinity,-Infinity,-Infinity,-Infinity,-Infinity,-Infinity,-Infinity,-Infinity,-Infinity,-Infinity,-Infinity,-Infinity,-Infinity,-Infinity,-Infinity,-Infinity,-Infinity,-Infinity,-Infinity,-Infinity,-Infinity,-Infinity,-Infinity,-Infinity,-Infinity,-Infinity
"S360",-Infinity,-Infinity,-Infinity,-Infinity,-Infinity,-Infinity,-Infinity,-Infinity,-Infinity,-Infinity,-Infinity,-Infinity,-Infinity,-Infinity,-Infinity,-Infinity,-Infinity,-Infinity,-Infinity,-Infinity,-Infinity,-Infinity,-Infinity,-Infinity,-Infinity,-Infinity,-Infinity,-Infinity,-Infinity,-Infinity,-Infinity,-Infinity,-Infinity,-Infinity,-Infinity,-Infinity,-Infinity,-Infinity,-Infinity,-Infinity,-Infinity,-Infinity,-Infinity,-Infinity,-Infinity,-Infinity,-Infinity,-Infinity,-Infinity,-Infinity,-Infinity,-Infinity,-Infinity,-Infinity,-Infinity,-Infinity,-Infinity,-Infinity,-Infinity,-Infinity,-Infinity,-Infinity,-Infinity,-Infinity,-Infinity,-Infinity,-Infinity,-Infinity,-Infinity,-Infinity,-Infinity,-Infinity,-Infinity,-Infinity,-Infinity,-Infinity,-Infinity,-Infinity,-Infinity,-Infinity,-Infinity,-Infinity,-Infinity,-Infinity,-Infinity,-Infinity,-Infinity,-Infinity,-Infinity,-Infinity,-Infinity,-Infinity,-Infinity,-Infinity,-Infinity,-Infinity,-Infinity,-Infinity,-Infinity,-Infinity,-Infinity,-Infinity,-Infinity,-Infinity,-Infinity,-Infinity,-Infinity,-Infinity,-Infinity,-Infinity,-Infinity,-Infinity,-Infinity,-Infinity,-Infinity,-Infinity,-Infinity,-Infinity,-Infinity,-Infinity,-Infinity,-Infinity,-Infinity,-Infinity,-Infinity,-Infinity,-Infinity,-Infinity,-Infinity,-Infinity,-Infinity,-Infinity,-Infinity,-Infinity,-Infinity,-Infinity,-Infinity,-Infinity,-Infinity,-Infinity,-Infinity
"S361",-Infinity,-Infinity,-Infinity,-Infinity,-Infinity,-Infinity,-Infinity,-Infinity,-Infinity,-Infinity,-Infinity,-Infinity,-Infinity,-Infinity,-Infinity,-Infinity,-Infinity,-Infinity,-Infinity,-Infinity,-Infinity,-Infinity,-Infinity,-Infinity,-Infinity,-Infinity,-Infinity,-Infinity,-Infinity,-Infinity,-Infinity,-Infinity,-Infinity,-Infinity,-Infinity,-Infinity,-Infinity,-Infinity,-Infinity,-Infinity,-Infinity,-Infinity,-Infinity,-Infinity,-Infinity,-Infinity,-Infinity,-Infinity,-Infinity,-Infinity,-Infinity,-Infinity,-Infinity,-Infinity,-Infinity,-Infinity,-Infinity,-Infinity,-Infinity,-Infinity,-Infinity,-Infinity,-Infinity,-Infinity,-Infinity,-Infinity,-Infinity,-Infinity,-Infinity,-Infinity,-Infinity,-Infinity,-Infinity,-Infinity,-Infinity,-Infinity,-Infinity,-Infinity,-Infinity,-Infinity,-Infinity,-Infinity,-Infinity,-Infinity,-Infinity,-Infinity,-Infinity,-Infinity,-Infinity,-Infinity,-Infinity,-Infinity,-Infinity,-Infinity,-Infinity,-Infinity,-Infinity,-Infinity,-Infinity,-Infinity,-Infinity,-Infinity,-Infinity,-Infinity,-Infinity,-Infinity,-Infinity,-Infinity,-Infinity,-Infinity,-Infinity,-Infinity,-Infinity,-Infinity,-Infinity,-Infinity,-Infinity,-Infinity,-Infinity,-Infinity,-Infinity,-Infinity,-Infinity,-Infinity,-Infinity,-Infinity,-Infinity,-Infinity,-Infinity,-Infinity,-Infinity,-Infinity,-Infinity,-Infinity,-Infinity,-Infinity,-Infinity,-Infinity,-Infinity,-Infinity,-Infinity
"S362",-Infinity,-Infinity,-Infinity,-Infinity,-Infinity,-Infinity,-Infinity,-Infinity,-Infinity,-Infinity,-Infinity,-Infinity,-Infinity,-Infinity,-Infinity,-Infinity,-Infinity,-Infinity,-Infinity,-Infinity,-Infinity,-Infinity,-Infinity,-Infinity,-Infinity,-Infinity,-Infinity,-Infinity,-Infinity,-Infinity,-Infinity,-Infinity,-Infinity,-Infinity,-Infinity,-Infinity,-Infinity,-Infinity,-Infinity,-Infinity,-Infinity,-Infinity,-Infinity,-Infinity,-Infinity,-Infinity,-Infinity,-Infinity,-Infinity,-Infinity,-Infinity,-Infinity,-Infinity,-Infinity,-Infinity,-Infinity,-Infinity,-Infinity,-Infinity,-Infinity,-Infinity,-Infinity,-Infinity,-Infinity,-Infinity,-Infinity,-Infinity,-Infinity,-Infinity,-Infinity,-Infinity,-Infinity,-Infinity,-Infinity,-Infinity,-Infinity,-Infinity,-Infinity,-Infinity,-Infinity,-Infinity,-Infinity,-Infinity,-Infinity,-Infinity,-Infinity,-Infinity,-Infinity,-Infinity,-Infinity,-Infinity,-Infinity,-Infinity,-Infinity,-Infinity,-Infinity,-Infinity,-Infinity,-Infinity,-Infinity,-Infinity,-Infinity,-Infinity,-Infinity,-Infinity,-Infinity,-Infinity,-Infinity,-Infinity,-Infinity,-Infinity,-Infinity,-Infinity,-Infinity,-Infinity,-Infinity,-Infinity,-Infinity,-Infinity,-Infinity,-Infinity,-Infinity,-Infinity,-Infinity,-Infinity,-Infinity,-Infinity,-Infinity,-Infinity,-Infinity,-Infinity,-Infinity,-Infinity,-Infinity,-Infinity,-Infinity,-Infinity,-Infinity,-Infinity,-Infinity,-Infinity
"S363",31.2960205078125,123.84591674804688,135.079833984375,120.4302978515625,174.35379028320312,187.55429077148438,195.05242919921875,217.89633178710938,208.44036865234375,214.16415405273438,237.04495239257812,241.73715209960938,240.13088989257812,269.1875305175781,238.22909545898438,256.8816223144531,262.29945373535156,265.9675750732422,270.1426696777344,277.50172424316406,272.07176208496094,268.8064727783203,277.66307067871094,275.9574432373047,283.93333435058594,291.5123748779297,288.2216796875,289.1647186279297,291.6072692871094,281.89756774902344,283.1557312011719,290.1370849609375,289.84889221191406,281.76698303222656,286.26878356933594,270.5863037109375,243.80111694335938,268.79931640625,265.5216979980469,239.358154296875,234.80160522460938,220.3963623046875,205.38143920898438,184.62338256835938,137.7275390625,91.7784423828125,47.145538330078125,1.673858642578125,-49.18231201171875,-120.83270263671875,-154.57269287109375,-195.474609375,-300.68707275390625,-316.71881103515625,-335.56414794921875,-418.0025634765625,-357.00836181640625,-312.13848876953125,-288.8436279296875,-326.61767578125,-367.1851806640625,-381.27740478515625,-386.87249755859375,-420.814453125,-428.477294921875,-379.56414794921875,-447.06195068359375,-450.1788330078125,-468.5745849609375,-470.8238525390625,-471.4295654296875,-439.31756591796875,-494.8504638671875,-467.1885986328125,-506.332275390625,-525.839111328125,-548.3331298828125,-550.531494140625,-605.3455810546875,-635.3812255859375,-606.490234375,-618.818359375,-582.0272216796875,-491.62603759765625,-520.5984497070312,-471.35186767578125,-447.01898193359375,-494.11114501953125,-424.65911865234375,-440.3492431640625,-435.3114013671875,-458.66229248046875,-413.77203369140625,-392.7369384765625,-397.312255859375,-397.505126953125,-420.896484375,-448.60675048828125,-405.40936279296875,-404.74505615234375,-394.94354248046875,-364.59051513671875,-396.24420166015625,-367.060791015625,-378.32293701171875,-418.2840576171875,-398.83624267578125,-444.91094970703125,-438.99346923828125,-380.50616455078125,-412.004638671875,-415.9451904296875,-465.43328857421875,-337.09576416015625,-388.49212646484375,-341.08953857421875,-346.60064697265625,-345.50128173828125,-326.5396728515625,-324.7972412109375,-280.00360107421875,-284.529541015625,-238.16400146484375,-220.2320556640625,-213.0206298828125,-214.6678466796875,-183.74951171875,-175.45928955078125,-158.4630126953125,-183.197021484375,-134.21600341796875,-167.89898681640625,-182.20599365234375,-116.31427001953125,-132.25390625,-106.6151123046875,-113.42938232421875,-133.48565673828125,-176.56500244140625,-167.000732421875,-121.41619873046875
"S364",-48.6527099609375,29.750885009765625,-1.966583251953125,71.37466430664062,99.34710693359375,98.80215454101562,92.59088134765625,167.1580810546875,147.46188354492188,137.97848510742188,110.00479125976562,159.9515380859375,137.25186157226562,219.74118041992188,193.69204711914062,222.84835815429688,226.14266967773438,206.62335205078125,244.12733459472656,236.12612915039062,234.57449340820312,248.71331787109375,244.02139282226562,228.524658203125,246.50245666503906,267.7100372314453,247.54205322265625,270.6523742675781,262.8459167480469,249.60546875,262.6430206298828,264.4106140136719,263.38018798828125,241.88333129882812,269.9708251953125,219.11849975585938,196.64596557617188,243.8876953125,228.55169677734375,187.38162231445312,216.45858764648438,173.65750122070312,186.96505737304688,140.78231811523438,113.34368896484375,79.57269287109375,7.36041259765625,-50.076171875,-117.68438720703125,-142.74932861328125,-239.46044921875,-260.438720703125,-301.49859619140625,-316.71881103515625,-335.56414794921875,-418.0025634765625,-471.04534912109375,-352.76446533203125,-372.0469970703125,-472.97320556640625,-514.2861938476562,-381.27740478515625,-482.77801513671875,-420.814453125,-493.38482666015625,-461.3616943359375,-468.79443359375,-450.1788330078125,-660.4970703125,-605.759033203125,-528.67529296875,-530.4365234375,-494.8504638671875,-467.1885986328125,-594.3936767578125,-534.3408203125,-692.18115234375,-550.531494140625,-605.3455810546875,-635.3812255859375,-606.490234375,-618.818359375,-582.0272216796875,-491.62603759765625,-564.7110595703125,-471.35186767578125,-515.1058349609375,-494.11114501953125,-424.65911865234375,-557.9091796875,-545.7999267578125,-611.6761474609375,-446.80963134765625,-447.03887939453125,-481.4515380859375,-479.15740966796875,-544.915771484375,-578.5811767578125,-484.9876708984375,-471.1998291015625,-442.48577880859375,-443.7276611328125,-551.65576171875,-465.70306396484375,-470.48150634765625,-561.719970703125,-536.175537109375,-552.3399658203125,-655.4586181640625,-443.0084228515625,-429.19854736328125,-576.7587890625,-552.987060546875,-423.52728271484375,-575.951416015625,-406.9703369140625,-448.198974609375,-469.2742919921875,-412.27606201171875,-453.3790283203125,-401.8922119140625,-360.34796142578125,-329.07171630859375,-382.79132080078125,-337.4482421875,-392.55126953125,-294.439453125,-303.41253662109375,-305.292236328125,-353.0750732421875,-165.8525390625,-321.83258056640625,-334.0882568359375,-228.341552734375,-291.593017578125,-326.16064453125,-218.85406494140625,-307.98577880859375,-391.057861328125,-278.9219970703125,-202.85418701171875
"S365",-327.2069091796875,-170.61431884765625,-239.66204833984375,-250.9970703125,-109.899169921875,-94.74468994140625,-58.5506591796875,-17.60577392578125,-56.31097412109375,-41.28009033203125,-41.37860107421875,11.30303955078125,-13.219970703125,69.70477294921875,56.394195556640625,83.09646606445312,104.04000854492188,81.31582641601562,99.7181396484375,92.89532470703125,89.7445068359375,113.5382080078125,118.12155151367188,109.89443969726562,131.32150268554688,143.16668701171875,137.589111328125,133.76181030273438,97.18121337890625,120.48910522460938,134.1153564453125,136.82833862304688,132.2078857421875,114.09881591796875,132.65509033203125,90.90875244140625,5.576080322265625,115.32281494140625,72.93679809570312,17.516693115234375,23.39495849609375,1.060882568359375,3.64007568359375,-65.09326171875,-101.26031494140625,-183.20025634765625,-324.3636474609375,-580.959716796875,-515.9391479492188,-620.0224609375,-680.466796875,-929.496337890625,-981.2855224609375,-979.4334716796875,-1147.6597900390625,-1284.696044921875,-1157.56884765625,-1028.3758544921875,-1158.890625,-1215.6123046875,-1297.4486083984375,-1235.04541015625,-1415.5323486328125,-1327.7327880859375,-1456.0576171875,-1192.35546875,-1340.4378662109375,-1492.6865234375,-1255.215087890625,-1566.775390625,-1697.991943359375,-1260.888671875,-1313.8349609375,-1296.2254638671875,-1525.6077880859375,-1305.3958740234375,-1518.3153076171875,-1550.887939453125,-1409.3858642578125,-1421.950439453125,-1557.61474609375,-1473.3912353515625,-1803.25,-1551.781982421875,-1474.3382568359375,-1676.076416015625,-1985.535888671875,-1457.4295654296875,-1471.978759765625,-1621.332275390625,-1410.1854248046875,-1496.026611328125,-1358.2999267578125,-1306.5853271484375,-1278.4898681640625,-1236.3939208984375,-1347.7362060546875,-1335.54833984375,-1321.165771484375,-1281.985595703125,-1205.4600830078125,-1275.0123291015625,-1527.274169921875,-1204.86181640625,-1255.6558837890625,-1395.1212158203125,-1398.8572998046875,-1424.26708984375,-1430.10791015625,-1113.8780517578125,-1330.296875,-1417.974365234375,-1531.4375,-1250.6541748046875,-1377.157958984375,-1149.279296875,-1419.638916015625,-1303.070556640625,-1290.711181640625,-1392.8660888671875,-1133.455810546875,-1222.3369140625,-1228.7178955078125,-1106.7646484375,-1231.6826171875,-1048.3721923828125,-949.4580078125,-1042.09130859375,-841.170166015625,-935.793212890625,-774.151611328125,-909.60302734375,-914.30078125,-697.14111328125,-728.722412109375,-650.856689453125,-784.3128662109375,-843.4866943359375,-999.4796142578125,-841.415771484375,-729.4833984375
"S366",124.43463134765625,272.4873962402344,249.1221466064453,243.14730834960938,310.8743438720703,295.2048034667969,316.76824951171875,325.9166717529297,293.8297119140625,325.01318359375,353.6350555419922,336.9868927001953,343.6398620605469,362.62408447265625,347.5300598144531,356.60218811035156,370.7421875,341.2128601074219,359.9433135986328,365.54930114746094,343.3196258544922,353.5149688720703,356.18601989746094,355.3932189941406,361.59149169921875,367.72291564941406,351.22166442871094,358.9484100341797,358.59942626953125,350.63209533691406,347.27783203125,365.4556427001953,355.35435485839844,357.1129150390625,363.87353515625,345.0233917236328,331.8087615966797,348.35044860839844,345.96192932128906,320.99473571777344,323.0078430175781,274.7530517578125,297.0480194091797,305.165283203125,269.9471740722656,230.96505737304688,234.19192504882812,43.387176513671875,150.09494018554688,96.19244384765625,108.19815063476562,83.41561889648438,65.530517578125,14.16070556640625,-30.32696533203125,-86.435302734375,-59.3878173828125,-35.78887939453125,-119.92510986328125,-130.49609375,-96.404541015625,-174.307373046875,-135.638916015625,-119.68743896484375,-177.37896728515625,-113.26470947265625,-179.51007080078125,-199.75762939453125,-134.77667236328125,-138.58758544921875,-141.0238037109375,-101.63275146484375,-155.931640625,-191.895263671875,-218.3541259765625,-195.68408203125,-163.9315185546875,-221.85577392578125,-248.9556884765625,-250.0311279296875,-272.90972900390625,-255.01171875,-273.65460205078125,-225.81158447265625,-272.797119140625,-300.81304931640625,-224.9263916015625,-241.70245361328125,-231.38946533203125,-198.33489990234375,-212.29815673828125,-238.57232666015625,-278.7144775390625,-251.8812255859375,-134.57952880859375,-181.05450439453125,-174.57525634765625,-173.0081787109375,-250.04449462890625,-187.75103759765625,-136.279052734375,-162.07611083984375,-195.35406494140625,-106.18280029296875,-124.53961181640625,-197.74456787109375,-92.15948486328125,-164.115478515625,-250.6973876953125,-142.14715576171875,-97.6253662109375,-92.35693359375,-221.9832763671875,-176.51763916015625,-151.19427490234375,-45.368408203125,-103.47552490234375,-88.19256591796875,-96.51416015625,-93.07867431640625,-49.81549072265625,-91.477783203125,-2.34442138671875,-33.57794189453125,-34.82611083984375,-15.04541015625,-5.9764404296875,29.4844970703125,46.11737060546875,23.263092041015625,15.360687255859375,-22.61065673828125,32.497283935546875,98.80859375,37.068572998046875,104.4163818359375,111.73870849609375,107.21182250976562,138.12045288085938,87.61114501953125,128.37423706054688
"S367",Infinity,Infinity,Infinity,Infinity,Infinity,Infinity,Infinity,Infinity,Infinity,Infinity,Infinity,Infinity,Infinity,Infinity,Infinity,Infinity,Infinity,Infinity,Infinity,Infinity,Infinity,Infinity,Infinity,Infinity,Infinity,Infinity,Infinity,Infinity,Infinity,Infinity,Infinity,Infinity,Infinity,Infinity,Infinity,Infinity,Infinity,Infinity,Infinity,Infinity,Infinity,Infinity,Infinity,Infinity,Infinity,Infinity,Infinity,Infinity,Infinity,Infinity,Infinity,Infinity,Infinity,Infinity,Infinity,Infinity,Infinity,Infinity,Infinity,Infinity,Infinity,Infinity,Infinity,Infinity,Infinity,Infinity,Infinity,Infinity,Infinity,Infinity,Infinity,Infinity,Infinity,Infinity,Infinity,Infinity,Infinity,Infinity,Infinity,Infinity,Infinity,Infinity,Infinity,Infinity,Infinity,Infinity,Infinity,Infinity,Infinity,Infinity,Infinity,Infinity,Infinity,Infinity,Infinity,Infinity,Infinity,Infinity,Infinity,Infinity,Infinity,Infinity,Infinity,Infinity,Infinity,Infinity,Infinity,Infinity,Infinity,Infinity,Infinity,Infinity,Infinity,Infinity,Infinity,Infinity,Infinity,Infinity,Infinity,Infinity,Infinity,Infinity,Infinity,Infinity,Infinity,Infinity,Infinity,Infinity,Infinity,Infinity,Infinity,Infinity,Infinity,Infinity,Infinity,Infinity,Infinity,Infinity,Infinity,Infinity,Infinity
"S368",-137.6768798828125,-49.71588134765625,-14.4345703125,-15.728759765625,-1.1158447265625,-3.73883056640625,3.106414794921875,98.6737060546875,93.96295166015625,101.0068359375,96.55511474609375,119.77145385742188,99.45330810546875,103.68222045898438,104.37908935546875,122.95730590820312,94.82730102539062,130.81002807617188,124.822021484375,118.43295288085938,116.1217041015625,123.017333984375,132.8546142578125,173.30712890625,157.82095336914062,148.93914794921875,195.63223266601562,181.411376953125,178.86874389648438,209.58877563476562,149.41854858398438,169.58584594726562,194.37872314453125,178.253173828125,180.32672119140625,204.47372436523438,151.55343627929688,140.11520385742188,122.28826904296875,124.66134643554688,-111.88677978515625,30.241668701171875,16.56573486328125,-18.21746826171875,-71.37298583984375,-152.10943603515625,-182.9012451171875,-153.70361328125,-333.8118896484375,-446.095458984375,-397.8223876953125,-566.48876953125,-541.4407958984375,-709.712158203125,-824.60302734375,-758.4599609375,-959.60693359375,-924.2352294921875,-903.7811279296875,-1056.611083984375,-945.6551513671875,-1053.1051025390625,-1113.8323974609375,-1222.025390625,-1176.69384765625,-1027.5751953125,-1111.428955078125,-962.135009765625,-1033.2449951171875,-1002.8687744140625,-1075.92431640625,-1003.2623291015625,-1040.0367431640625,-1059.007080078125,-1096.0653076171875,-1098.712646484375,-1178.12548828125,-1362.971923828125,-1195.2950439453125,-1264.59765625,-1234.1109619140625,-1333.8448486328125,-1192.6539306640625,-1294.351806640625,-1205.0428466796875,-1277.75341796875,-1181.790771484375,-975.0758056640625,-1193.245361328125,-1027.30126953125,-1195.072021484375,-1221.7391357421875,-980.530029296875,-958.22021484375,-943.398193359375,-930.2130126953125,-986.113037109375,-962.5369873046875,-947.489501953125,-891.054931640625,-982.1605224609375,-1047.5848388671875,-990.9217529296875,-955.4971923828125,-1027.3104248046875,-911.6104736328125,-873.2696533203125,-935.1783447265625,-859.8013916015625,-978.406494140625,-929.294189453125,-741.04052734375,-687.189697265625,-632.47314453125,-684.1563720703125,-609.3709716796875,-578.800537109375,-552.858642578125,-575.040771484375,-550.4034423828125,-571.2860107421875,-418.94256591796875,-425.233642578125,-426.7308349609375,-478.2694091796875,-450.3590087890625,-369.46783447265625,-326.3876953125,-573.60693359375,-409.51141357421875,-396.6448974609375,-380.47686767578125,-357.62921142578125,-433.31658935546875,-423.740234375,-268.94427490234375,-227.6826171875,-254.1953125,-187.36767578125,-281.62567138671875,-196.2266845703125
"S369",47.963623046875,-131.22625732421875,34.37725830078125,123.76324462890625,155.99853515625,159.58737182617188,149.999267578125,183.70046997070312,189.21945190429688,206.53753662109375,213.01644897460938,194.96939086914062,203.085693359375,191.17764282226562,185.83090209960938,210.91250610351562,219.88900756835938,240.04678344726562,236.78765869140625,251.41053771972656,259.29656982421875,254.22720336914062,255.41444396972656,270.944580078125,266.1253356933594,266.38844299316406,277.835693359375,271.4427947998047,270.5130615234375,272.05860900878906,264.40052795410156,271.9943542480469,278.90003967285156,278.2747497558594,274.87632751464844,264.31517028808594,249.94178771972656,250.55348205566406,218.32394409179688,208.32254028320312,203.36325073242188,190.0543212890625,164.531005859375,141.29110717773438,92.49603271484375,68.31732177734375,-5.5380859375,-59.1470947265625,-144.80712890625,-260.36566162109375,-293.404052734375,-395.78668212890625,-345.0782470703125,-519.0209350585938,-565.9862060546875,-582.44970703125,-616.5611572265625,-545.4375,-613.5323486328125,-605.7056884765625,-569.8890380859375,-732.453125,-682.969482421875,-854.6666259765625,-897.3555908203125,-810.2967529296875,-750.6734619140625,-819.2713623046875,-772.3453369140625,-761.4710693359375,-794.8302001953125,-666.593017578125,-755.6107177734375,-775.4285888671875,-580.671630859375,-780.03369140625,-653.9664306640625,-870.873779296875,-848.03662109375,-811.438720703125,-829.056396484375,-720.6326904296875,-736.601806640625,-934.302490234375,-842.93310546875,-837.7734375,-744.1732177734375,-732.216552734375,-778.0758056640625,-709.4100341796875,-772.4619140625,-787.18115234375,-769.9813232421875,-667.2823486328125,-758.8507080078125,-636.6494140625,-716.638671875,-724.6090087890625,-959.638916015625,-600.606201171875,-600.4251708984375,-652.6522216796875,-731.9735107421875,-626.7486572265625,-669.685546875,-628.37158203125,-598.1385498046875,-691.0924072265625,-579.3419189453125,-597.00439453125,-545.1820068359375,-523.7178344726562,-514.3731079101562,-435.79547119140625,-493.43890380859375,-518.4536743164062,-470.2030029296875,-421.01483154296875,-382.01165771484375,-398.4569091796875,-402.94891357421875,-326.609130859375,-336.949462890625,-316.80841064453125,-371.70404052734375,-287.0576171875,-198.3094482421875,-162.58258056640625,-215.67120361328125,-205.46917724609375,-164.9678955078125,-167.01959228515625,-89.38458251953125,-67.72064208984375,-27.10479736328125,29.78948974609375,29.53216552734375,-14.130126953125,-6.71295166015625,-28.2066650390625,-5.980194091796875
"S370",47.963623046875,61.071075439453125,67.82965087890625,123.76324462890625,155.99853515625,159.58737182617188,149.999267578125,183.70046997070312,189.21945190429688,206.53753662109375,213.01644897460938,194.96939086914062,203.085693359375,191.17764282226562,185.83090209960938,210.91250610351562,219.88900756835938,240.04678344726562,236.78765869140625,251.41053771972656,259.29656982421875,254.22720336914062,255.41444396972656,270.944580078125,266.1253356933594,266.38844299316406,277.835693359375,271.4427947998047,270.5130615234375,272.05860900878906,264.40052795410156,271.9943542480469,278.90003967285156,278.2747497558594,274.87632751464844,264.31517028808594,249.94178771972656,250.55348205566406,218.32394409179688,208.32254028320312,203.36325073242188,190.0543212890625,164.531005859375,141.29110717773438,92.49603271484375,68.31732177734375,-5.5380859375,-59.1470947265625,-144.80712890625,-260.36566162109375,-293.404052734375,-395.78668212890625,-345.0782470703125,-519.0209350585938,-565.9862060546875,-582.44970703125,-512.5877075195312,-545.4375,-574.21240234375,-605.7056884765625,-569.8890380859375,-732.453125,-682.969482421875,-854.6666259765625,-901.941162109375,-863.4259033203125,-782.8594970703125,-840.8162841796875,-772.3453369140625,-761.4710693359375,-794.8302001953125,-666.593017578125,-755.6107177734375,-633.7586669921875,-580.671630859375,-755.9486083984375,-634.09814453125,-663.8720703125,-763.501953125,-735.748291015625,-829.056396484375,-720.085205078125,-711.8336181640625,-771.78955078125,-842.93310546875,-837.7734375,-744.1732177734375,-732.216552734375,-722.7027587890625,-709.4100341796875,-713.9144287109375,-787.18115234375,-769.9813232421875,-667.2823486328125,-758.8507080078125,-636.6494140625,-636.842041015625,-690.9588623046875,-728.4232177734375,-599.735107421875,-600.4251708984375,-608.0716552734375,-595.8609619140625,-617.8485107421875,-640.3275146484375,-628.37158203125,-635.84814453125,-631.77734375,-644.3048095703125,-600.802490234375,-545.1820068359375,-523.7178344726562,-514.3731079101562,-435.79547119140625,-493.43890380859375,-518.4536743164062,-470.2030029296875,-421.01483154296875,-382.01165771484375,-398.4569091796875,-402.94891357421875,-326.609130859375,-336.949462890625,-316.80841064453125,-383.2855224609375,-287.0576171875,-198.3094482421875,-162.58258056640625,-215.67120361328125,-205.46917724609375,-164.9678955078125,-167.01959228515625,-89.38458251953125,-67.72064208984375,-27.10479736328125,29.78948974609375,29.53216552734375,-14.130126953125,-6.71295166015625,-28.2066650390625,-5.980194091796875
"S371",44.095306396484375,61.071075439453125,67.82965087890625,109.90548706054688,127.96652221679688,159.58737182617188,149.999267578125,183.70046997070312,189.21945190429688,206.53753662109375,213.01644897460938,194.96939086914062,203.085693359375,191.17764282226562,185.83090209960938,210.91250610351562,219.1474609375,240.04678344726562,236.78765869140625,212.136962890625,233.10430908203125,245.60946655273438,255.41444396972656,270.944580078125,260.58026123046875,266.38844299316406,277.835693359375,254.77793884277344,270.5130615234375,272.05860900878906,234.922119140625,253.75967407226562,259.57627868652344,263.8280487060547,257.08802795410156,241.960205078125,215.564208984375,207.09951782226562,178.6292724609375,158.74642944335938,152.35800170898438,127.960205078125,97.62033081054688,71.25955200195312,-0.830169677734375,-41.6348876953125,-125.65936279296875,-144.67803955078125,-232.05145263671875,-381.01361083984375,-424.6429443359375,-545.1326904296875,-650.1114501953125,-801.4853515625,-869.66748046875,-799.594482421875,-819.7996826171875,-802.24951171875,-863.236083984375,-916.792236328125,-876.8914794921875,-946.7930908203125,-952.75390625,-1120.859375,-1234.1112060546875,-1140.3204345703125,-1097.5650634765625,-1169.56103515625,-1043.5220947265625,-996.8359375,-1093.6341552734375,-948.918212890625,-953.8385009765625,-904.7315673828125,-838.969482421875,-1051.2940673828125,-919.294189453125,-1007.4345703125,-1055.1927490234375,-1033.703125,-1131.7354736328125,-1114.3035888671875,-1018.669677734375,-1057.610107421875,-1109.8001708984375,-1180.928466796875,-1099.358642578125,-998.7996826171875,-990.2650146484375,-971.658203125,-975.60986328125,-988.3114013671875,-964.543212890625,-907.464111328125,-893.857666015625,-871.443359375,-871.764892578125,-934.3673095703125,-977.18212890625,-821.916748046875,-820.9549560546875,-829.72265625,-812.926513671875,-837.828125,-862.58642578125,-846.843994140625,-832.67529296875,-850.1796875,-812.9423828125,-761.57177734375,-679.2913818359375,-625.490478515625,-593.9705810546875,-506.28607177734375,-550.459716796875,-518.4536743164062,-470.2030029296875,-421.01483154296875,-382.01165771484375,-398.4569091796875,-402.94891357421875,-326.609130859375,-336.949462890625,-323.5048828125,-383.2855224609375,-287.0576171875,-198.3094482421875,-162.58258056640625,-215.67120361328125,-205.46917724609375,-164.9678955078125,-167.01959228515625,-116.1395263671875,-131.41082763671875,-100.19439697265625,-81.5789794921875,-40.969482421875,-71.6939697265625,-60.4368896484375,-72.56671142578125,-63.88922119140625
"S372",-Infinity,-Infinity,-Infinity,-Infinity,-Infinity,-Infinity,-Infinity,-Infinity,-Infinity,-Infinity,-Infinity,-Infinity,-Infinity,-Infinity,-Infinity,-Infinity,-Infinity,-Infinity,-Infinity,-Infinity,-Infinity,-Infinity,-Infinity,-Infinity,-Infinity,-Infinity,-Infinity,-Infinity,-Infinity,-Infinity,-Infinity,-Infinity,-Infinity,-Infinity,-Infinity,-Infinity,-Infinity,-Infinity,-Infinity,-Infinity,-Infinity,-Infinity,-Infinity,-Infinity,-Infinity,-Infinity,-Infinity,-Infinity,-Infinity,-Infinity,-Infinity,-Infinity,-Infinity,-Infinity,-Infinity,-Infinity,-Infinity,-Infinity,-Infinity,-Infinity,-Infinity,-Infinity,-Infinity,-Infinity,-Infinity,-Infinity,-Infinity,-Infinity,-Infinity,-Infinity,-Infinity,-Infinity,-Infinity,-Infinity,-Infinity,-Infinity,-Infinity,-Infinity,-Infinity,-Infinity,-Infinity,-Infinity,-Infinity,-Infinity,-Infinity,-Infinity,-Infinity,-Infinity,-Infinity,-Infinity,-Infinity,-Infinity,-Infinity,-Infinity,-Infinity,-Infinity,-Infinity,-Infinity,-Infinity,-Infinity,-Infinity,-Infinity,-Infinity,-Infinity,-Infinity,-Infinity,-Infinity,-Infinity,-Infinity,-Infinity,-Infinity,-Infinity,-Infinity,-Infinity,-Infinity,-Infinity,-Infinity,-Infinity,-Infinity,-Infinity,-Infinity,-Infinity,-Infinity,-Infinity,-Infinity,-Infinity,-Infinity,-Infinity,-Infinity,-Infinity,-Infinity,-Infinity,-Infinity,-Infinity,-Infinity,-Infinity,-Infinity,-Infinity,-Infinity,-Infinity,-Infinity
"S373",-Infinity,-Infinity,-Infinity,-Infinity,-Infinity,-Infinity,-Infinity,-Infinity,-Infinity,-Infinity,-Infinity,-Infinity,-Infinity,-Infinity,-Infinity,-Infinity,-Infinity,-Infinity,-Infinity,-Infinity,-Infinity,-Infinity,-Infinity,-Infinity,-Infinity,-Infinity,-Infinity,-Infinity,-Infinity,-Infinity,-Infinity,-Infinity,-Infinity,-Infinity,-Infinity,-Infinity,-Infinity,-Infinity,-Infinity,-Infinity,-Infinity,-Infinity,-Infinity,-Infinity,-Infinity,-Infinity,-Infinity,-Infinity,-Infinity,-Infinity,-Infinity,-Infinity,-Infinity,-Infinity,-Infinity,-Infinity,-Infinity,-Infinity,-Infinity,-Infinity,-Infinity,-Infinity,-Infinity,-Infinity,-Infinity,-Infinity,-Infinity,-Infinity,-Infinity,-Infinity,-Infinity,-Infinity,-Infinity,-Infinity,-Infinity,-Infinity,-Infinity,-Infinity,-Infinity,-Infinity,-Infinity,-Infinity,-Infinity,-Infinity,-Infinity,-Infinity,-Infinity,-Infinity,-Infinity,-Infinity,-Infinity,-Infinity,-Infinity,-Infinity,-Infinity,-Infinity,-Infinity,-Infinity,-Infinity,-Infinity,-Infinity,-Infinity,-Infinity,-Infinity,-Infinity,-Infinity,-Infinity,-Infinity,-Infinity,-Infinity,-Infinity,-Infinity,-Infinity,-Infinity,-Infinity,-Infinity,-Infinity,-Infinity,-Infinity,-Infinity,-Infinity,-Infinity,-Infinity,-Infinity,-Infinity,-Infinity,-Infinity,-Infinity,-Infinity,-Infinity,-Infinity,-Infinity,-Infinity,-Infinity,-Infinity,-Infinity,-Infinity,-Infinity,-Infinity,-Infinity,-Infinity
"S374",-Infinity,-Infinity,-Infinity,-Infinity,-Infinity,-Infinity,-Infinity,-Infinity,-Infinity,-Infinity,-Infinity,-Infinity,-Infinity,-Infinity,-Infinity,-Infinity,-Infinity,-Infinity,-Infinity,-Infinity,-Infinity,-Infinity,-Infinity,-Infinity,-Infinity,-Infinity,-Infinity,-Infinity,-Infinity,-Infinity,-Infinity,-Infinity,-Infinity,-Infinity,-Infinity,-Infinity,-Infinity,-Infinity,-Infinity,-Infinity,-Infinity,-Infinity,-Infinity,-Infinity,-Infinity,-Infinity,-Infinity,-Infinity,-Infinity,-Infinity,-Infinity,-Infinity,-Infinity,-Infinity,-Infinity,-Infinity,-Infinity,-Infinity,-Infinity,-Infinity,-Infinity,-Infinity,-Infinity,-Infinity,-Infinity,-Infinity,-Infinity,-Infinity,-Infinity,-Infinity,-Infinity,-Infinity,-Infinity,-Infinity,-Infinity,-Infinity,-Infinity,-Infinity,-Infinity,-Infinity,-Infinity,-Infinity,-Infinity,-Infinity,-Infinity,-Infinity,-Infinity,-Infinity,-Infinity,-Infinity,-Infinity,-Infinity,-Infinity,-Infinity,-Infinity,-Infinity,-Infinity,-Infinity,-Infinity,-Infinity,-Infinity,-Infinity,-Infinity,-Infinity,-Infinity,-Infinity,-Infinity,-Infinity,-Infinity,-Infinity,-Infinity,-Infinity,-Infinity,-Infinity,-Infinity,-Infinity,-Infinity,-Infinity,-Infinity,-Infinity,-Infinity,-Infinity,-Infinity,-Infinity,-Infinity,-Infinity,-Infinity,-Infinity,-Infinity,-Infinity,-Infinity,-Infinity,-Infinity,-Infinity,-Infinity,-Infinity,-Infinity,-Infinity,-Infinity,-Infinity,-Infinity
"S375",-Infinity,-Infinity,-Infinity,-Infinity,-Infinity,-Infinity,-Infinity,-Infinity,-Infinity,-Infinity,-Infinity,-Infinity,-Infinity,-Infinity,-Infinity,-Infinity,-Infinity,-Infinity,-Infinity,-Infinity,-Infinity,-Infinity,-Infinity,-Infinity,-Infinity,-Infinity,-Infinity,-Infinity,-Infinity,-Infinity,-Infinity,-Infinity,-Infinity,-Infinity,-Infinity,-Infinity,-Infinity,-Infinity,-Infinity,-Infinity,-Infinity,-Infinity,-Infinity,-Infinity,-Infinity,-Infinity,-Infinity,-Infinity,-Infinity,-Infinity,-Infinity,-Infinity,-Infinity,-Infinity,-Infinity,-Infinity,-Infinity,-Infinity,-Infinity,-Infinity,-Infinity,-Infinity,-Infinity,-Infinity,-Infinity,-Infinity,-Infinity,-Infinity,-Infinity,-Infinity,-Infinity,-Infinity,-Infinity,-Infinity,-Infinity,-Infinity,-Infinity,-Infinity,-Infinity,-Infinity,-Infinity,-Infinity,-Infinity,-Infinity,-Infinity,-Infinity,-Infinity,-Infinity,-Infinity,-Infinity,-Infinity,-Infinity,-Infinity,-Infinity,-Infinity,-Infinity,-Infinity,-Infinity,-Infinity,-Infinity,-Infinity,-Infinity,-Infinity,-Infinity,-Infinity,-Infinity,-Infinity,-Infinity,-Infinity,-Infinity,-Infinity,-Infinity,-Infinity,-Infinity,-Infinity,-Infinity,-Infinity,-Infinity,-Infinity,-Infinity,-Infinity,-Infinity,-Infinity,-Infinity,-Infinity,-Infinity,-Infinity,-Infinity,-Infinity,-Infinity,-Infinity,-Infinity,-Infinity,-Infinity,-Infinity,-Infinity,-Infinity,-Infinity,-Infinity,-Infinity,-Infinity
"S376",-Infinity,-Infinity,-Infinity,-Infinity,-Infinity,-Infinity,-Infinity,-Infinity,-Infinity,-Infinity,-Infinity,-Infinity,-Infinity,-Infinity,-Infinity,-Infinity,-Infinity,-Infinity,-Infinity,-Infinity,-Infinity,-Infinity,-Infinity,-Infinity,-Infinity,-Infinity,-Infinity,-Infinity,-Infinity,-Infinity,-Infinity,-Infinity,-Infinity,-Infinity,-Infinity,-Infinity,-Infinity,-Infinity,-Infinity,-Infinity,-Infinity,-Infinity,-Infinity,-Infinity,-Infinity,-Infinity,-Infinity,-Infinity,-Infinity,-Infinity,-Infinity,-Infinity,-Infinity,-Infinity,-Infinity,-Infinity,-Infinity,-Infinity,-Infinity,-Infinity,-Infinity,-Infinity,-Infinity,-Infinity,-Infinity,-Infinity,-Infinity,-Infinity,-Infinity,-Infinity,-Infinity,-Infinity,-Infinity,-Infinity,-Infinity,-Infinity,-Infinity,-Infinity,-Infinity,-Infinity,-Infinity,-Infinity,-Infinity,-Infinity,-Infinity,-Infinity,-Infinity,-Infinity,-Infinity,-Infinity,-Infinity,-Infinity,-Infinity,-Infinity,-Infinity,-Infinity,-Infinity,-Infinity,-Infinity,-Infinity,-Infinity,-Infinity,-Infinity,-Infinity,-Infinity,-Infinity,-Infinity,-Infinity,-Infinity,-Infinity,-Infinity,-Infinity,-Infinity,-Infinity,-Infinity,-Infinity,-Infinity,-Infinity,-Infinity,-Infinity,-Infinity,-Infinity,-Infinity,-Infinity,-Infinity,-Infinity,-Infinity,-Infinity,-Infinity,-Infinity,-Infinity,-Infinity,-Infinity,-Infinity,-Infinity,-Infinity,-Infinity,-Infinity,-Infinity,-Infinity,-Infinity
"S377",-Infinity,-Infinity,-Infinity,-Infinity,-Infinity,-Infinity,-Infinity,-Infinity,-Infinity,-Infinity,-Infinity,-Infinity,-Infinity,-Infinity,-Infinity,-Infinity,-Infinity,-Infinity,-Infinity,-Infinity,-Infinity,-Infinity,-Infinity,-Infinity,-Infinity,-Infinity,-Infinity,-Infinity,-Infinity,-Infinity,-Infinity,-Infinity,-Infinity,-Infinity,-Infinity,-Infinity,-Infinity,-Infinity,-Infinity,-Infinity,-Infinity,-Infinity,-Infinity,-Infinity,-Infinity,-Infinity,-Infinity,-Infinity,-Infinity,-Infinity,-Infinity,-Infinity,-Infinity,-Infinity,-Infinity,-Infinity,-Infinity,-Infinity,-Infinity,-Infinity,-Infinity,-Infinity,-Infinity,-Infinity,-Infinity,-Infinity,-Infinity,-Infinity,-Infinity,-Infinity,-Infinity,-Infinity,-Infinity,-Infinity,-Infinity,-Infinity,-Infinity,-Infinity,-Infinity,-Infinity,-Infinity,-Infinity,-Infinity,-Infinity,-Infinity,-Infinity,-Infinity,-Infinity,-Infinity,-Infinity,-Infinity,-Infinity,-Infinity,-Infinity,-Infinity,-Infinity,-Infinity,-Infinity,-Infinity,-Infinity,-Infinity,-Infinity,-Infinity,-Infinity,-Infinity,-Infinity,-Infinity,-Infinity,-Infinity,-Infinity,-Infinity,-Infinity,-Infinity,-Infinity,-Infinity,-Infinity,-Infinity,-Infinity,-Infinity,-Infinity,-Infinity,-Infinity,-Infinity,-Infinity,-Infinity,-Infinity,-Infinity,-Infinity,-Infinity,-Infinity,-Infinity,-Infinity,-Infinity,-Infinity,-Infinity,-Infinity,-Infinity,-Infinity,-Infinity,-Infinity,-Infinity
"S378",-Infinity,-Infinity,-Infinity,-Infinity,-Infinity,-Infinity,-Infinity,-Infinity,-Infinity,-Infinity,-Infinity,-Infinity,-Infinity,-Infinity,-Infinity,-Infinity,-Infinity,-Infinity,-Infinity,-Infinity,-Infinity,-Infinity,-Infinity,-Infinity,-Infinity,-Infinity,-Infinity,-Infinity,-Infinity,-Infinity,-Infinity,-Infinity,-Infinity,-Infinity,-Infinity,-Infinity,-Infinity,-Infinity,-Infinity,-Infinity,-Infinity,-Infinity,-Infinity,-Infinity,-Infinity,-Infinity,-Infinity,-Infinity,-Infinity,-Infinity,-Infinity,-Infinity,-Infinity,-Infinity,-Infinity,-Infinity,-Infinity,-Infinity,-Infinity,-Infinity,-Infinity,-Infinity,-Infinity,-Infinity,-Infinity,-Infinity,-Infinity,-Infinity,-Infinity,-Infinity,-Infinity,-Infinity,-Infinity,-Infinity,-Infinity,-Infinity,-Infinity,-Infinity,-Infinity,-Infinity,-Infinity,-Infinity,-Infinity,-Infinity,-Infinity,-Infinity,-Infinity,-Infinity,-Infinity,-Infinity,-Infinity,-Infinity,-Infinity,-Infinity,-Infinity,-Infinity,-Infinity,-Infinity,-Infinity,-Infinity,-Infinity,-Infinity,-Infinity,-Infinity,-Infinity,-Infinity,-Infinity,-Infinity,-Infinity,-Infinity,-Infinity,-Infinity,-Infinity,-Infinity,-Infinity,-Infinity,-Infinity,-Infinity,-Infinity,-Infinity,-Infinity,-Infinity,-Infinity,-Infinity,-Infinity,-Infinity,-Infinity,-Infinity,-Infinity,-Infinity,-Infinity,-Infinity,-Infinity,-Infinity,-Infinity,-Infinity,-Infinity,-Infinity,-Infinity,-Infinity,-Infinity
"S379",-Infinity,-Infinity,-Infinity,-Infinity,-Infinity,-Infinity,-Infinity,-Infinity,-Infinity,-Infinity,-Infinity,-Infinity,-Infinity,-Infinity,-Infinity,-Infinity,-Infinity,-Infinity,-Infinity,-Infinity,-Infinity,-Infinity,-Infinity,-Infinity,-Infinity,-Infinity,-Infinity,-Infinity,-Infinity,-Infinity,-Infinity,-Infinity,-Infinity,-Infinity,-Infinity,-Infinity,-Infinity,-Infinity,-Infinity,-Infinity,-Infinity,-Infinity,-Infinity,-Infinity,-Infinity,-Infinity,-Infinity,-Infinity,-Infinity,-Infinity,-Infinity,-Infinity,-Infinity,-Infinity,-Infinity,-Infinity,-Infinity,-Infinity,-Infinity,-Infinity,-Infinity,-Infinity,-Infinity,-Infinity,-Infinity,-Infinity,-Infinity,-Infinity,-Infinity,-Infinity,-Infinity,-Infinity,-Infinity,-Infinity,-Infinity,-Infinity,-Infinity,-Infinity,-Infinity,-Infinity,-Infinity,-Infinity,-Infinity,-Infinity,-Infinity,-Infinity,-Infinity,-Infinity,-Infinity,-Infinity,-Infinity,-Infinity,-Infinity,-Infinity,-Infinity,-Infinity,-Infinity,-Infinity,-Infinity,-Infinity,-Infinity,-Infinity,-Infinity,-Infinity,-Infinity,-Infinity,-Infinity,-Infinity,-Infinity,-Infinity,-Infinity,-Infinity,-Infinity,-Infinity,-Infinity,-Infinity,-Infinity,-Infinity,-Infinity,-Infinity,-Infinity,-Infinity,-Infinity,-Infinity,-Infinity,-Infinity,-Infinity,-Infinity,-Infinity,-Infinity,-Infinity,-Infinity,-Infinity,-Infinity,-Infinity,-Infinity,-Infinity,-Infinity,-Infinity,-Infinity,-Infinity
"S380",-Infinity,-Infinity,-Infinity,-Infinity,-Infinity,-Infinity,-Infinity,-Infinity,-Infinity,-Infinity,-Infinity,-Infinity,-Infinity,-Infinity,-Infinity,-Infinity,-Infinity,-Infinity,-Infinity,-Infinity,-Infinity,-Infinity,-Infinity,-Infinity,-Infinity,-Infinity,-Infinity,-Infinity,-Infinity,-Infinity,-Infinity,-Infinity,-Infinity,-Infinity,-Infinity,-Infinity,-Infinity,-Infinity,-Infinity,-Infinity,-Infinity,-Infinity,-Infinity,-Infinity,-Infinity,-Infinity,-Infinity,-Infinity,-Infinity,-Infinity,-Infinity,-Infinity,-Infinity,-Infinity,-Infinity,-Infinity,-Infinity,-Infinity,-Infinity,-Infinity,-Infinity,-Infinity,-Infinity,-Infinity,-Infinity,-Infinity,-Infinity,-Infinity,-Infinity,-Infinity,-Infinity,-Infinity,-Infinity,-Infinity,-Infinity,-Infinity,-Infinity,-Infinity,-Infinity,-Infinity,-Infinity,-Infinity,-Infinity,-Infinity,-Infinity,-Infinity,-Infinity,-Infinity,-Infinity,-Infinity,-Infinity,-Infinity,-Infinity,-Infinity,-Infinity,-Infinity,-Infinity,-Infinity,-Infinity,-Infinity,-Infinity,-Infinity,-Infinity,-Infinity,-Infinity,-Infinity,-Infinity,-Infinity,-Infinity,-Infinity,-Infinity,-Infinity,-Infinity,-Infinity,-Infinity,-Infinity,-Infinity,-Infinity,-Infinity,-Infinity,-Infinity,-Infinity,-Infinity,-Infinity,-Infinity,-Infinity,-Infinity,-Infinity,-Infinity,-Infinity,-Infinity,-Infinity,-Infinity,-Infinity,-Infinity,-Infinity,-Infinity,-Infinity,-Infinity,-Infinity,-Infinity
"S381",-Infinity,-Infinity,-Infinity,-Infinity,-Infinity,-Infinity,-Infinity,-Infinity,-Infinity,-Infinity,-Infinity,-Infinity,-Infinity,-Infinity,-Infinity,-Infinity,-Infinity,-Infinity,-Infinity,-Infinity,-Infinity,-Infinity,-Infinity,-Infinity,-Infinity,-Infinity,-Infinity,-Infinity,-Infinity,-Infinity,-Infinity,-Infinity,-Infinity,-Infinity,-Infinity,-Infinity,-Infinity,-Infinity,-Infinity,-Infinity,-Infinity,-Infinity,-Infinity,-Infinity,-Infinity,-Infinity,-Infinity,-Infinity,-Infinity,-Infinity,-Infinity,-Infinity,-Infinity,-Infinity,-Infinity,-Infinity,-Infinity,-Infinity,-Infinity,-Infinity,-Infinity,-Infinity,-Infinity,-Infinity,-Infinity,-Infinity,-Infinity,-Infinity,-Infinity,-Infinity,-Infinity,-Infinity,-Infinity,-Infinity,-Infinity,-Infinity,-Infinity,-Infinity,-Infinity,-Infinity,-Infinity,-Infinity,-Infinity,-Infinity,-Infinity,-Infinity,-Infinity,-Infinity,-Infinity,-Infinity,-Infinity,-Infinity,-Infinity,-Infinity,-Infinity,-Infinity,-Infinity,-Infinity,-Infinity,-Infinity,-Infinity,-Infinity,-Infinity,-Infinity,-Infinity,-Infinity,-Infinity,-Infinity,-Infinity,-Infinity,-Infinity,-Infinity,-Infinity,-Infinity,-Infinity,-Infinity,-Infinity,-Infinity,-Infinity,-Infinity,-Infinity,-Infinity,-Infinity,-Infinity,-Infinity,-Infinity,-Infinity,-Infinity,-Infinity,-Infinity,-Infinity,-Infinity,-Infinity,-Infinity,-Infinity,-Infinity,-Infinity,-Infinity,-Infinity,-Infinity,-Infinity
"S382",-Infinity,-Infinity,-Infinity,-Infinity,-Infinity,-Infinity,-Infinity,-Infinity,-Infinity,-Infinity,-Infinity,-Infinity,-Infinity,-Infinity,-Infinity,-Infinity,-Infinity,-Infinity,-Infinity,-Infinity,-Infinity,-Infinity,-Infinity,-Infinity,-Infinity,-Infinity,-Infinity,-Infinity,-Infinity,-Infinity,-Infinity,-Infinity,-Infinity,-Infinity,-Infinity,-Infinity,-Infinity,-Infinity,-Infinity,-Infinity,-Infinity,-Infinity,-Infinity,-Infinity,-Infinity,-Infinity,-Infinity,-Infinity,-Infinity,-Infinity,-Infinity,-Infinity,-Infinity,-Infinity,-Infinity,-Infinity,-Infinity,-Infinity,-Infinity,-Infinity,-Infinity,-Infinity,-Infinity,-Infinity,-Infinity,-Infinity,-Infinity,-Infinity,-Infinity,-Infinity,-Infinity,-Infinity,-Infinity,-Infinity,-Infinity,-Infinity,-Infinity,-Infinity,-Infinity,-Infinity,-Infinity,-Infinity,-Infinity,-Infinity,-Infinity,-Infinity,-Infinity,-Infinity,-Infinity,-Infinity,-Infinity,-Infinity,-Infinity,-Infinity,-Infinity,-Infinity,-Infinity,-Infinity,-Infinity,-Infinity,-Infinity,-Infinity,-Infinity,-Infinity,-Infinity,-Infinity,-Infinity,-Infinity,-Infinity,-Infinity,-Infinity,-Infinity,-Infinity,-Infinity,-Infinity,-Infinity,-Infinity,-Infinity,-Infinity,-Infinity,-Infinity,-Infinity,-Infinity,-Infinity,-Infinity,-Infinity,-Infinity,-Infinity,-Infinity,-Infinity,-Infinity,-Infinity,-Infinity,-Infinity,-Infinity,-Infinity,-Infinity,-Infinity,-Infinity,-Infinity,-Infinity
"S383",-Infinity,-Infinity,-Infinity,-Infinity,-Infinity,-Infinity,-Infinity,-Infinity,-Infinity,-Infinity,-Infinity,-Infinity,-Infinity,-Infinity,-Infinity,-Infinity,-Infinity,-Infinity,-Infinity,-Infinity,-Infinity,-Infinity,-Infinity,-Infinity,-Infinity,-Infinity,-Infinity,-Infinity,-Infinity,-Infinity,-Infinity,-Infinity,-Infinity,-Infinity,-Infinity,-Infinity,-Infinity,-Infinity,-Infinity,-Infinity,-Infinity,-Infinity,-Infinity,-Infinity,-Infinity,-Infinity,-Infinity,-Infinity,-Infinity,-Infinity,-Infinity,-Infinity,-Infinity,-Infinity,-Infinity,-Infinity,-Infinity,-Infinity,-Infinity,-Infinity,-Infinity,-Infinity,-Infinity,-Infinity,-Infinity,-Infinity,-Infinity,-Infinity,-Infinity,-Infinity,-Infinity,-Infinity,-Infinity,-Infinity,-Infinity,-Infinity,-Infinity,-Infinity,-Infinity,-Infinity,-Infinity,-Infinity,-Infinity,-Infinity,-Infinity,-Infinity,-Infinity,-Infinity,-Infinity,-Infinity,-Infinity,-Infinity,-Infinity,-Infinity,-Infinity,-Infinity,-Infinity,-Infinity,-Infinity,-Infinity,-Infinity,-Infinity,-Infinity,-Infinity,-Infinity,-Infinity,-Infinity,-Infinity,-Infinity,-Infinity,-Infinity,-Infinity,-Infinity,-Infinity,-Infinity,-Infinity,-Infinity,-Infinity,-Infinity,-Infinity,-Infinity,-Infinity,-Infinity,-Infinity,-Infinity,-Infinity,-Infinity,-Infinity,-Infinity,-Infinity,-Infinity,-Infinity,-Infinity,-Infinity,-Infinity,-Infinity,-Infinity,-Infinity,-Infinity,-Infinity,-Infinity
"S384",-288.43994140625,-176.7484130859375,-161.88653564453125,-53.69830322265625,47.71893310546875,-165.7379150390625,-210.56317138671875,-287.08050537109375,-218.031494140625,-50.2564697265625,100.792724609375,73.713623046875,87.26910400390625,29.77825927734375,-20.7501220703125,-7.560150146484375,-94.2169189453125,94.42764282226562,103.37612915039062,169.4161376953125,184.58206176757812,169.5885009765625,192.39065551757812,192.70672607421875,186.91543579101562,215.75384521484375,199.51046752929688,218.51785278320312,232.83792114257812,205.62738037109375,201.4210205078125,202.81597900390625,215.58377075195312,184.71759033203125,224.1600341796875,205.91949462890625,185.12945556640625,199.90350341796875,200.52294921875,158.14224243164062,183.20501708984375,130.09988403320312,130.24197387695312,127.01663208007812,48.1361083984375,34.6788330078125,-21.3980712890625,-42.36993408203125,-104.47186279296875,-120.83270263671875,-174.67010498046875,-249.763671875,-300.68707275390625,-316.71881103515625,-335.56414794921875,-418.0025634765625,-357.00836181640625,-494.11444091796875,-533.3154296875,-494.76171875,-454.96112060546875,-416.24737548828125,-509.59320068359375,-599.4180908203125,-778.590087890625,-569.1318359375,-568.43798828125,-630.5189208984375,-560.8739013671875,-647.253173828125,-588.37353515625,-654.0146484375,-557.829345703125,-540.954345703125,-573.662109375,-525.839111328125,-576.3033447265625,-550.531494140625,-605.3455810546875,-635.3812255859375,-643.814208984375,-618.818359375,-675.7120361328125,-776.3177490234375,-669.2642822265625,-622.954345703125,-776.2911376953125,-652.592041015625,-740.201416015625,-823.7501220703125,-755.32763671875,-701.8896484375,-676.7437744140625,-754.9798583984375,-789.8370361328125,-857.2509765625,-835.0560302734375,-765.009521484375,-927.0731201171875,-772.6796875,-744.4957275390625,-695.451416015625,-825.9521484375,-812.4158935546875,-765.9283447265625,-855.6954345703125,-783.83154296875,-706.2799072265625,-811.2523193359375,-817.05615234375,-637.6500244140625,-691.05517578125,-716.50830078125,-742.0206298828125,-703.397705078125,-643.4337158203125,-617.6591796875,-570.3970947265625,-479.0205078125,-462.311279296875,-365.18414306640625,-326.0526123046875,-330.40814208984375,-342.35406494140625,-271.12310791015625,-277.4473876953125,-427.10137939453125,-478.91473388671875,-368.27764892578125,-340.95916748046875,-232.65509033203125,-240.46282958984375,-317.779052734375,-222.55291748046875,-282.28826904296875,-340.42547607421875,-269.8148193359375,-173.10595703125,-196.652099609375,-167.000732421875,-227.7313232421875
"S385",-482.434814453125,-400.670166015625,-462.51751708984375,-258.55126953125,-177.5709228515625,-339.41546630859375,-320.38189697265625,-173.619384765625,-138.86279296875,-92.05419921875,-150.25982666015625,-113.783935546875,-186.14483642578125,-13.0601806640625,-61.54498291015625,-108.8677978515625,-32.80224609375,-12.941162109375,4.305206298828125,26.358642578125,37.6937255859375,31.9794921875,42.2364501953125,48.811309814453125,73.82379150390625,83.39883422851562,56.3568115234375,101.72476196289062,89.29473876953125,68.02151489257812,81.56777954101562,80.7222900390625,68.54165649414062,43.898468017578125,92.66854858398438,29.532135009765625,-8.86627197265625,80.63327026367188,43.225189208984375,-28.756103515625,19.558929443359375,-22.146240234375,-28.517333984375,-97.67938232421875,-237.3468017578125,-276.48046875,-369.171142578125,-420.74639892578125,-481.7493896484375,-479.9676513671875,-622.9794921875,-726.8040771484375,-747.737060546875,-696.227294921875,-729.3046875,-880.3646240234375,-814.6724853515625,-805.664794921875,-846.115234375,-956.2657470703125,-1038.65087890625,-931.7061767578125,-1055.0123291015625,-1020.603759765625,-1211.486083984375,-1023.4993896484375,-1034.9222412109375,-1084.6114501953125,-1239.142822265625,-1132.08251953125,-1093.2557373046875,-1035.322998046875,-1011.934814453125,-969.2362060546875,-1139.394775390625,-992.4207763671875,-1341.64599609375,-1051.1640625,-1097.0963134765625,-1056.403076171875,-1200.7230224609375,-1087.4600830078125,-1169.1790771484375,-1122.149658203125,-1191.0728759765625,-1091.3223876953125,-1241.576171875,-1100.8382568359375,-1069.20703125,-1278.2100830078125,-1304.3470458984375,-1273.515869140625,-1026.23779296875,-1004.75341796875,-1097.422119140625,-1073.8924560546875,-1147.8787841796875,-1208.7818603515625,-1109.3763427734375,-1142.2166748046875,-1111.966552734375,-1103.894775390625,-1265.8504638671875,-1161.2291259765625,-1212.9947509765625,-1324.9713134765625,-1241.894287109375,-1205.24755859375,-1383.98388671875,-1195.6806640625,-1101.1470947265625,-1244.2340087890625,-1264.0836181640625,-1139.5189208984375,-1331.8489990234375,-1127.337158203125,-1229.8599853515625,-1318.66748046875,-1150.748291015625,-1077.8798828125,-984.5528564453125,-907.84619140625,-898.106201171875,-904.54248046875,-871.325439453125,-972.322021484375,-888.6820068359375,-959.9351806640625,-866.8614501953125,-1013.8194580078125,-721.935302734375,-828.1510009765625,-926.678466796875,-756.8963623046875,-807.7320556640625,-875.0543212890625,-799.7628173828125,-897.988525390625,-949.236083984375,-837.5086669921875,-686.5875244140625
"S386",61.52996826171875,101.669677734375,114.88177490234375,123.47613525390625,164.01498413085938,182.11715698242188,138.25164794921875,207.90423583984375,177.55038452148438,189.19732666015625,188.26229858398438,210.37228393554688,187.9827880859375,233.79556274414062,219.77435302734375,238.44049072265625,258.35523986816406,247.77252197265625,247.59548950195312,261.4366912841797,270.5162353515625,270.9698944091797,284.4452667236328,274.72027587890625,276.9729461669922,282.6920166015625,290.9696960449219,282.9878845214844,296.65357971191406,294.76123046875,285.36175537109375,297.1518859863281,297.852294921875,266.20233154296875,304.98309326171875,271.3979034423828,247.3785858154297,296.866455078125,287.7493438720703,242.47262573242188,262.1820526123047,247.85894775390625,190.58380126953125,224.51974487304688,157.032470703125,133.635986328125,29.008270263671875,74.00503540039062,8.94195556640625,-110.85052490234375,-135.06512451171875,-105.02288818359375,-299.44219970703125,-207.6048583984375,-235.68768310546875,-386.01043701171875,-244.79412841796875,-190.47637939453125,-192.2781982421875,-249.8641357421875,-343.30682373046875,-266.63824462890625,-315.52056884765625,-313.3189697265625,-333.23248291015625,-312.90936279296875,-387.19512939453125,-354.12420654296875,-427.15643310546875,-362.0872802734375,-379.677734375,-358.2974853515625,-443.61669921875,-366.775146484375,-461.57470703125,-445.1597900390625,-583.072998046875,-428.27838134765625,-612.5306396484375,-575.0201416015625,-478.71942138671875,-571.1854248046875,-450.34588623046875,-371.0760498046875,-453.84063720703125,-390.978515625,-369.46258544921875,-540.3818359375,-337.7791748046875,-424.623291015625,-380.98248291015625,-451.26971435546875,-379.7391357421875,-363.3251953125,-366.33868408203125,-375.9449462890625,-411.738525390625,-470.86077880859375,-307.62615966796875,-408.61968994140625,-361.4207763671875,-358.23651123046875,-399.12457275390625,-359.20526123046875,-390.20672607421875,-435.576416015625,-469.9700927734375,-534.40234375,-664.77587890625,-385.85467529296875,-389.3070068359375,-576.494384765625,-422.0185546875,-284.93377685546875,-429.140380859375,-360.13555908203125,-362.13134765625,-363.00457763671875,-351.89410400390625,-361.57843017578125,-285.38330078125,-316.91162109375,-236.9078369140625,-214.03472900390625,-235.2674560546875,-280.24090576171875,-153.32958984375,-188.7689208984375,-148.35888671875,-239.73638916015625,-122.9464111328125,-218.8829345703125,-203.4725341796875,-106.701171875,-129.56268310546875,-167.17620849609375,-74.76690673828125,-115.77362060546875,-228.518310546875,-123.94110107421875,-88.566650390625
"S387",95.80062866210938,89.35794067382812,172.14871215820312,119.01742553710938,122.42721557617188,180.85891723632812,86.22872924804688,154.973388671875,132.028076171875,180.67807006835938,195.32974243164062,227.75833129882812,234.1376953125,222.10653686523438,252.12156677246094,250.34486389160156,259.2514953613281,209.76571655273438,266.11830139160156,248.92503356933594,273.0989227294922,284.3569030761719,266.2342071533203,237.6512451171875,301.7961730957031,316.5296936035156,298.82664489746094,304.2574157714844,319.4765930175781,330.47474670410156,324.3744201660156,330.5376739501953,344.0961456298828,339.34657287597656,341.0608673095703,342.70960998535156,335.42811584472656,336.5818328857422,327.79689025878906,318.4456024169922,307.6229705810547,307.5271301269531,286.4720764160156,264.28192138671875,261.4154357910156,236.63558959960938,206.87457275390625,183.8153076171875,101.8443603515625,109.8597412109375,94.70510864257812,41.2054443359375,95.44970703125,-10.55450439453125,-41.7164306640625,33.50146484375,42.046905517578125,-13.54254150390625,52.565216064453125,35.51617431640625,75.51904296875,17.132293701171875,16.136566162109375,-68.09906005859375,-48.9986572265625,-3.80718994140625,-126.33502197265625,-21.66015625,2.052886962890625,4.80914306640625,8.706756591796875,-40.53363037109375,-51.03131103515625,-93.15924072265625,-14.7869873046875,-75.82073974609375,-48.96246337890625,-127.6629638671875,-103.181640625,-153.58538818359375,-197.90234375,-133.978271484375,-240.9339599609375,-185.4788818359375,-310.58642578125,-251.438232421875,-181.679443359375,-162.42816162109375,-127.5401611328125,-94.08843994140625,-101.552978515625,-110.832275390625,-86.45751953125,-86.1357421875,-83.791259765625,-68.07366943359375,-77.9320068359375,-114.51507568359375,-137.4166259765625,-97.08245849609375,-185.58245849609375,-110.10723876953125,-92.87176513671875,-142.99725341796875,-80.27325439453125,-41.63238525390625,-126.9927978515625,-108.455810546875,-117.02398681640625,-112.51043701171875,-59.41455078125,-29.5272216796875,-120.688720703125,-12.1453857421875,-60.26611328125,16.974853515625,41.832305908203125,-33.6824951171875,30.86480712890625,17.22906494140625,-30.0697021484375,17.410308837890625,-62.3790283203125,-70.56719970703125,8.06878662109375,1.060882568359375,24.08575439453125,17.86309814453125,-6.895477294921875,-102.40338134765625,-74.2623291015625,43.8565673828125,45.855926513671875,18.267730712890625,21.72271728515625,68.40585327148438,115.18353271484375,44.68218994140625,68.96865844726562,104.62261962890625,119.80258178710938
"S388",88.32916259765625,111.43252563476562,149.78900146484375,130.08731079101562,126.281005859375,199.3070068359375,138.8382568359375,176.8704833984375,190.98226928710938,208.11715698242188,231.56484985351562,239.27178955078125,250.4797821044922,236.05072021484375,238.14492797851562,274.6077117919922,281.4932861328125,260.9302673339844,282.6580810546875,260.9290771484375,291.4751434326172,298.5774230957031,299.3187561035156,281.63719177246094,305.1131591796875,329.12139892578125,317.53533935546875,304.5110626220703,327.0662384033203,334.24073791503906,315.68592834472656,338.5933532714844,341.71775817871094,335.04612731933594,333.26910400390625,323.9662170410156,324.46612548828125,318.3117218017578,286.2690887451172,305.13316345214844,299.69496154785156,287.55455017089844,267.75927734375,245.2195587158203,204.7000732421875,126.99298095703125,105.66177368164062,124.70901489257812,-2.458343505859375,-22.2911376953125,-39.594482421875,-121.493896484375,-15.8529052734375,-149.8984375,-192.2357177734375,-87.89703369140625,-164.30206298828125,-158.7816162109375,-162.7777099609375,-167.8834228515625,-115.58514404296875,-166.23480224609375,-148.22027587890625,-231.364990234375,-153.62567138671875,-146.68853759765625,-209.01983642578125,-172.5888671875,-176.27117919921875,-165.36346435546875,-155.61688232421875,-189.98284912109375,-181.5623779296875,-227.51983642578125,-147.890380859375,-246.94573974609375,-246.95843505859375,-316.68145751953125,-288.73846435546875,-356.49176025390625,-397.93560791015625,-398.83154296875,-364.509033203125,-379.2484130859375,-462.31878662109375,-525.751953125,-360.1773681640625,-329.3818359375,-328.84332275390625,-230.52630615234375,-258.34136962890625,-267.8863525390625,-183.91253662109375,-230.292236328125,-260.78497314453125,-206.6544189453125,-198.20758056640625,-188.59625244140625,-205.5638427734375,-182.181640625,-274.63848876953125,-245.9849853515625,-185.95733642578125,-191.918212890625,-156.37030029296875,-152.7908935546875,-196.72186279296875,-174.24578857421875,-157.043212890625,-199.5489501953125,-118.3548583984375,-112.110595703125,-178.4344482421875,-83.0228271484375,-112.257080078125,-198.53375244140625,-38.349365234375,-85.0911865234375,-25.0369873046875,-189.03680419921875,-311.009033203125,-124.015380859375,-151.1810302734375,-201.68377685546875,-67.972900390625,-52.77325439453125,-10.552490234375,14.27703857421875,-60.0693359375,-106.81121826171875,-44.4345703125,24.8038330078125,40.4073486328125,-1.02392578125,40.27301025390625,65.93002319335938,121.49832153320312,44.22283935546875,25.225982666015625,15.3702392578125,120.36276245117188
"S389",-60.63421630859375,63.075958251953125,38.788726806640625,45.203399658203125,57.3184814453125,48.79962158203125,40.655364990234375,140.59906005859375,185.94100952148438,180.5654296875,216.82162475585938,188.84689331054688,217.77008056640625,180.73318481445312,161.79251098632812,259.0841064453125,226.62445068359375,275.8152313232422,241.63369750976562,209.41439819335938,262.82594299316406,263.1206359863281,275.6637725830078,301.0080871582031,255.86949157714844,284.1606903076172,296.51475524902344,244.92547607421875,293.6243591308594,291.55780029296875,243.7987060546875,295.2002410888672,287.3618469238281,266.0157775878906,268.0350646972656,248.06201171875,235.88198852539062,216.22799682617188,178.44577026367188,203.7498779296875,216.34677124023438,156.78976440429688,159.07037353515625,122.03994750976562,20.7965087890625,-187.06304931640625,-195.21502685546875,-104.65692138671875,-296.01495361328125,-376.0263671875,-415.8798828125,-586.385009765625,-377.673828125,-577.0506591796875,-649.706787109375,-475.6553955078125,-700.3118896484375,-580.6363525390625,-737.8607177734375,-756.6070556640625,-635.2730712890625,-708.0804443359375,-778.0689697265625,-775.7452392578125,-607.3487548828125,-652.9447021484375,-537.946533203125,-631.7119140625,-690.7255859375,-651.597900390625,-611.858154296875,-622.72802734375,-654.8089599609375,-657.6434326171875,-644.8037109375,-769.0096435546875,-838.2701416015625,-859.031494140625,-882.416748046875,-916.936279296875,-1006.3858642578125,-1023.7880859375,-799.7606201171875,-916.0198974609375,-974.3743896484375,-1192.8074951171875,-930.350830078125,-827.5360107421875,-858.2606201171875,-701.1220703125,-731.693603515625,-723.5078125,-616.2218017578125,-663.801513671875,-769.7874755859375,-718.7708740234375,-586.88671875,-550.0626220703125,-544.8505859375,-499.20831298828125,-656.676513671875,-669.6353759765625,-610.5804443359375,-524.8857421875,-548.242431640625,-558.7025146484375,-461.10894775390625,-537.599609375,-486.3477783203125,-584.783203125,-441.95587158203125,-430.0985107421875,-432.304443359375,-409.88043212890625,-450.97637939453125,-747.8677978515625,-429.97344970703125,-378.502685546875,-335.836669921875,-668.132080078125,-859.8458251953125,-514.693115234375,-410.95233154296875,-577.8680419921875,-340.8226318359375,-282.58514404296875,-231.231201171875,-172.54815673828125,-261.04827880859375,-263.14068603515625,-155.1632080078125,-205.51617431640625,-150.2833251953125,-136.135986328125,-87.48992919921875,-99.500732421875,-21.03662109375,-101.21453857421875,-188.6275634765625,-277.20745849609375,-45.9554443359375
"S390",112.36386108398438,-62.281005859375,83.8792724609375,159.77316284179688,155.34805297851562,39.335662841796875,174.27139282226562,195.7789306640625,197.5928955078125,218.48760986328125,237.97634887695312,246.58251953125,251.5880584716797,254.16493225097656,247.6831512451172,267.71482849121094,282.1248779296875,272.81101989746094,282.144775390625,272.42449951171875,234.44973754882812,297.3388977050781,300.9357452392578,293.7327423095703,304.83807373046875,320.46507263183594,322.910888671875,314.7098846435547,324.94427490234375,328.60797119140625,297.08958435058594,265.99830627441406,268.785888671875,334.0179443359375,333.6582336425781,324.68370056152344,296.1453552246094,318.8368225097656,284.55413818359375,200.02447509765625,251.4792938232422,227.29537963867188,165.32986450195312,209.77865600585938,187.926025390625,-40.16131591796875,5.623565673828125,35.075347900390625,-46.38623046875,-49.36822509765625,-257.55865478515625,-295.1488037109375,-339.84716796875,-539.3697509765625,-525.475830078125,-557.5087890625,-462.8046875,-557.5245361328125,-554.7882080078125,-638.7054443359375,-498.2237548828125,-711.927734375,-713.568359375,-905.1859130859375,-938.1063232421875,-888.966796875,-709.8011474609375,-870.5848388671875,-769.193115234375,-705.23876953125,-768.8779296875,-633.110595703125,-832.622802734375,-553.5343017578125,-567.852783203125,-733.6103515625,-583.2462158203125,-674.873779296875,-834.199462890625,-751.7525634765625,-944.6295166015625,-634.6502685546875,-690.6240234375,-894.200439453125,-923.864501953125,-664.6436767578125,-693.5426025390625,-872.200927734375,-710.1141357421875,-773.629150390625,-784.096435546875,-875.063720703125,-839.2003173828125,-625.5177001953125,-888.7244873046875,-556.9713134765625,-634.0634765625,-811.67919921875,-842.2530517578125,-540.709228515625,-643.3067626953125,-614.491455078125,-625.044189453125,-700.9013671875,-784.943603515625,-657.98193359375,-676.1033935546875,-693.1802978515625,-760.587890625,-654.0244140625,-699.3807373046875,-852.7938232421875,-982.0394287109375,-1011.5252685546875,-1186.3245849609375,-996.144775390625,-1023.113525390625,-842.9384765625,-879.6661376953125,-825.498046875,-822.3541259765625,-763.7420654296875,-853.0443115234375,-902.2513427734375,-861.233154296875,-636.6561279296875,-234.703125,-291.708251953125,-235.83099365234375,-390.78741455078125,-111.382568359375,-221.25958251953125,-238.95758056640625,-209.4827880859375,-114.08447265625,-68.2086181640625,-121.0809326171875,-273.9412841796875,-34.6837158203125,-23.54638671875,27.58331298828125
"S391",44.095306396484375,61.071075439453125,67.82965087890625,109.90548706054688,127.96652221679688,159.58737182617188,149.999267578125,183.70046997070312,189.21945190429688,206.53753662109375,213.01644897460938,194.96939086914062,203.085693359375,191.17764282226562,185.83090209960938,210.91250610351562,219.1474609375,240.04678344726562,236.78765869140625,212.136962890625,233.10430908203125,245.60946655273438,255.41444396972656,270.944580078125,260.58026123046875,266.38844299316406,277.835693359375,254.77793884277344,270.5130615234375,272.05860900878906,250.69586181640625,271.9943542480469,278.90003967285156,278.2747497558594,274.87632751464844,264.31517028808594,249.94178771972656,250.55348205566406,218.22796630859375,208.32254028320312,199.46292114257812,190.0543212890625,164.531005859375,141.29110717773438,92.49603271484375,-3.57257080078125,-64.57403564453125,-73.257568359375,-199.383544921875,-260.36566162109375,-293.404052734375,-395.78668212890625,-340.77239990234375,-454.31085205078125,-522.8082275390625,-582.44970703125,-511.47283935546875,-545.4375,-574.21240234375,-605.7056884765625,-569.8890380859375,-732.453125,-682.969482421875,-854.6666259765625,-823.346923828125,-742.6531982421875,-754.704833984375,-829.0760498046875,-772.3453369140625,-761.4710693359375,-794.8302001953125,-666.593017578125,-755.6107177734375,-633.7586669921875,-580.671630859375,-755.9486083984375,-634.09814453125,-663.8720703125,-763.501953125,-735.748291015625,-829.056396484375,-720.085205078125,-711.8336181640625,-771.78955078125,-842.93310546875,-837.7734375,-744.1732177734375,-732.216552734375,-722.7027587890625,-709.4100341796875,-713.9144287109375,-787.18115234375,-769.9813232421875,-667.2823486328125,-758.8507080078125,-636.6494140625,-636.842041015625,-690.9588623046875,-728.4232177734375,-599.735107421875,-600.4251708984375,-608.0716552734375,-595.8609619140625,-617.8485107421875,-640.3275146484375,-628.37158203125,-635.84814453125,-631.77734375,-644.3048095703125,-600.802490234375,-520.9990844726562,-515.7548217773438,-514.3731079101562,-401.98553466796875,-421.58154296875,-366.12774658203125,-275.8524169921875,-275.2193603515625,-241.68621826171875,-236.69976806640625,-351.10638427734375,-286.6243896484375,-278.60797119140625,-312.900634765625,-249.29876708984375,-180.90594482421875,-132.84417724609375,-111.1539306640625,-156.72308349609375,-205.46917724609375,-164.9678955078125,-119.88311767578125,-87.36712646484375,-95.37677001953125,-76.88812255859375,-44.6329345703125,0.883331298828125,-37.40887451171875,-59.94757080078125,-72.56671142578125,-9.109100341796875
"S392",44.095306396484375,61.071075439453125,67.82965087890625,109.90548706054688,127.96652221679688,159.58737182617188,149.999267578125,183.70046997070312,189.21945190429688,206.53753662109375,213.01644897460938,194.96939086914062,203.085693359375,191.17764282226562,185.83090209960938,210.91250610351562,219.1474609375,240.04678344726562,236.78765869140625,212.136962890625,233.10430908203125,245.60946655273438,255.41444396972656,270.944580078125,260.58026123046875,266.38844299316406,277.835693359375,254.77793884277344,270.5130615234375,272.05860900878906,234.922119140625,253.75967407226562,259.57627868652344,263.8280487060547,257.08802795410156,241.960205078125,215.564208984375,207.09951782226562,178.6292724609375,158.74642944335938,152.35800170898438,127.960205078125,97.62033081054688,71.25955200195312,-0.830169677734375,-41.6348876953125,-125.65936279296875,-144.67803955078125,-232.05145263671875,-381.01361083984375,-424.6429443359375,-545.1326904296875,-650.1114501953125,-801.4853515625,-869.66748046875,-799.594482421875,-819.7996826171875,-802.24951171875,-863.236083984375,-916.792236328125,-876.8914794921875,-946.7930908203125,-952.75390625,-1120.859375,-1234.1112060546875,-1140.3204345703125,-1097.5650634765625,-1169.56103515625,-1043.5220947265625,-996.8359375,-1093.6341552734375,-948.918212890625,-953.8385009765625,-904.7315673828125,-838.969482421875,-1051.2940673828125,-919.294189453125,-1007.4345703125,-1055.1927490234375,-1033.703125,-1131.7354736328125,-1114.3035888671875,-1018.669677734375,-1057.610107421875,-1109.8001708984375,-1180.928466796875,-1099.358642578125,-998.7996826171875,-990.2650146484375,-971.658203125,-975.60986328125,-988.3114013671875,-964.543212890625,-907.464111328125,-893.857666015625,-871.443359375,-871.764892578125,-934.3673095703125,-977.18212890625,-821.916748046875,-820.9549560546875,-829.72265625,-812.926513671875,-837.828125,-862.58642578125,-846.843994140625,-832.67529296875,-850.1796875,-812.9423828125,-761.57177734375,-679.2913818359375,-625.490478515625,-593.9705810546875,-506.28607177734375,-550.459716796875,-518.4536743164062,-470.2030029296875,-421.01483154296875,-382.01165771484375,-398.4569091796875,-402.94891357421875,-326.609130859375,-336.949462890625,-323.5048828125,-394.08843994140625,-287.109130859375,-214.06756591796875,-162.58258056640625,-215.67120361328125,-205.46917724609375,-164.9678955078125,-167.01959228515625,-116.1395263671875,-131.41082763671875,-100.19439697265625,-81.5789794921875,-40.969482421875,-71.6939697265625,-60.4368896484375,-72.56671142578125,-63.88922119140625
"S393",-Infinity,-Infinity,-Infinity,-Infinity,-Infinity,-Infinity,-Infinity,-Infinity,-Infinity,-Infinity,-Infinity,-Infinity,-Infinity,-Infinity,-Infinity,-Infinity,-Infinity,-Infinity,-Infinity,-Infinity,-Infinity,-Infinity,-Infinity,-Infinity,-Infinity,-Infinity,-Infinity,-Infinity,-Infinity,-Infinity,-Infinity,-Infinity,-Infinity,-Infinity,-Infinity,-Infinity,-Infinity,-Infinity,-Infinity,-Infinity,-Infinity,-Infinity,-Infinity,-Infinity,-Infinity,-Infinity,-Infinity,-Infinity,-Infinity,-Infinity,-Infinity,-Infinity,-Infinity,-Infinity,-Infinity,-Infinity,-Infinity,-Infinity,-Infinity,-Infinity,-Infinity,-Infinity,-Infinity,-Infinity,-Infinity,-Infinity,-Infinity,-Infinity,-Infinity,-Infinity,-Infinity,-Infinity,-Infinity,-Infinity,-Infinity,-Infinity,-Infinity,-Infinity,-Infinity,-Infinity,-Infinity,-Infinity,-Infinity,-Infinity,-Infinity,-Infinity,-Infinity,-Infinity,-Infinity,-Infinity,-Infinity,-Infinity,-Infinity,-Infinity,-Infinity,-Infinity,-Infinity,-Infinity,-Infinity,-Infinity,-Infinity,-Infinity,-Infinity,-Infinity,-Infinity,-Infinity,-Infinity,-Infinity,-Infinity,-Infinity,-Infinity,-Infinity,-Infinity,-Infinity,-Infinity,-Infinity,-Infinity,-Infinity,-Infinity,-Infinity,-Infinity,-Infinity,-Infinity,-Infinity,-Infinity,-Infinity,-Infinity,-Infinity,-Infinity,-Infinity,-Infinity,-Infinity,-Infinity,-Infinity,-Infinity,-Infinity,-Infinity,-Infinity,-Infinity,-Infinity,-Infinity
"S394",-Infinity,-Infinity,-Infinity,-Infinity,-Infinity,-Infinity,-Infinity,-Infinity,-Infinity,-Infinity,-Infinity,-Infinity,-Infinity,-Infinity,-Infinity,-Infinity,-Infinity,-Infinity,-Infinity,-Infinity,-Infinity,-Infinity,-Infinity,-Infinity,-Infinity,-Infinity,-Infinity,-Infinity,-Infinity,-Infinity,-Infinity,-Infinity,-Infinity,-Infinity,-Infinity,-Infinity,-Infinity,-Infinity,-Infinity,-Infinity,-Infinity,-Infinity,-Infinity,-Infinity,-Infinity,-Infinity,-Infinity,-Infinity,-Infinity,-Infinity,-Infinity,-Infinity,-Infinity,-Infinity,-Infinity,-Infinity,-Infinity,-Infinity,-Infinity,-Infinity,-Infinity,-Infinity,-Infinity,-Infinity,-Infinity,-Infinity,-Infinity,-Infinity,-Infinity,-Infinity,-Infinity,-Infinity,-Infinity,-Infinity,-Infinity,-Infinity,-Infinity,-Infinity,-Infinity,-Infinity,-Infinity,-Infinity,-Infinity,-Infinity,-Infinity,-Infinity,-Infinity,-Infinity,-Infinity,-Infinity,-Infinity,-Infinity,-Infinity,-Infinity,-Infinity,-Infinity,-Infinity,-Infinity,-Infinity,-Infinity,-Infinity,-Infinity,-Infinity,-Infinity,-Infinity,-Infinity,-Infinity,-Infinity,-Infinity,-Infinity,-Infinity,-Infinity,-Infinity,-Infinity,-Infinity,-Infinity,-Infinity,-Infinity,-Infinity,-Infinity,-Infinity,-Infinity,-Infinity,-Infinity,-Infinity,-Infinity,-Infinity,-Infinity,-Infinity,-Infinity,-Infinity,-Infinity,-Infinity,-Infinity,-Infinity,-Infinity,-Infinity,-Infinity,-Infinity,-Infinity,-Infinity
"S395",-Infinity,-Infinity,-Infinity,-Infinity,-Infinity,-Infinity,-Infinity,-Infinity,-Infinity,-Infinity,-Infinity,-Infinity,-Infinity,-Infinity,-Infinity,-Infinity,-Infinity,-Infinity,-Infinity,-Infinity,-Infinity,-Infinity,-Infinity,-Infinity,-Infinity,-Infinity,-Infinity,-Infinity,-Infinity,-Infinity,-Infinity,-Infinity,-Infinity,-Infinity,-Infinity,-Infinity,-Infinity,-Infinity,-Infinity,-Infinity,-Infinity,-Infinity,-Infinity,-Infinity,-Infinity,-Infinity,-Infinity,-Infinity,-Infinity,-Infinity,-Infinity,-Infinity,-Infinity,-Infinity,-Infinity,-Infinity,-Infinity,-Infinity,-Infinity,-Infinity,-Infinity,-Infinity,-Infinity,-Infinity,-Infinity,-Infinity,-Infinity,-Infinity,-Infinity,-Infinity,-Infinity,-Infinity,-Infinity,-Infinity,-Infinity,-Infinity,-Infinity,-Infinity,-Infinity,-Infinity,-Infinity,-Infinity,-Infinity,-Infinity,-Infinity,-Infinity,-Infinity,-Infinity,-Infinity,-Infinity,-Infinity,-Infinity,-Infinity,-Infinity,-Infinity,-Infinity,-Infinity,-Infinity,-Infinity,-Infinity,-Infinity,-Infinity,-Infinity,-Infinity,-Infinity,-Infinity,-Infinity,-Infinity,-Infinity,-Infinity,-Infinity,-Infinity,-Infinity,-Infinity,-Infinity,-Infinity,-Infinity,-Infinity,-Infinity,-Infinity,-Infinity,-Infinity,-Infinity,-Infinity,-Infinity,-Infinity,-Infinity,-Infinity,-Infinity,-Infinity,-Infinity,-Infinity,-Infinity,-Infinity,-Infinity,-Infinity,-Infinity,-Infinity,-Infinity,-Infinity,-Infinity
"S396",-Infinity,-Infinity,-Infinity,-Infinity,-Infinity,-Infinity,-Infinity,-Infinity,-Infinity,-Infinity,-Infinity,-Infinity,-Infinity,-Infinity,-Infinity,-Infinity,-Infinity,-Infinity,-Infinity,-Infinity,-Infinity,-Infinity,-Infinity,-Infinity,-Infinity,-Infinity,-Infinity,-Infinity,-Infinity,-Infinity,-Infinity,-Infinity,-Infinity,-Infinity,-Infinity,-Infinity,-Infinity,-Infinity,-Infinity,-Infinity,-Infinity,-Infinity,-Infinity,-Infinity,-Infinity,-Infinity,-Infinity,-Infinity,-Infinity,-Infinity,-Infinity,-Infinity,-Infinity,-Infinity,-Infinity,-Infinity,-Infinity,-Infinity,-Infinity,-Infinity,-Infinity,-Infinity,-Infinity,-Infinity,-Infinity,-Infinity,-Infinity,-Infinity,-Infinity,-Infinity,-Infinity,-Infinity,-Infinity,-Infinity,-Infinity,-Infinity,-Infinity,-Infinity,-Infinity,-Infinity,-Infinity,-Infinity,-Infinity,-Infinity,-Infinity,-Infinity,-Infinity,-Infinity,-Infinity,-Infinity,-Infinity,-Infinity,-Infinity,-Infinity,-Infinity,-Infinity,-Infinity,-Infinity,-Infinity,-Infinity,-Infinity,-Infinity,-Infinity,-Infinity,-Infinity,-Infinity,-Infinity,-Infinity,-Infinity,-Infinity,-Infinity,-Infinity,-Infinity,-Infinity,-Infinity,-Infinity,-Infinity,-Infinity,-Infinity,-Infinity,-Infinity,-Infinity,-Infinity,-Infinity,-Infinity,-Infinity,-Infinity,-Infinity,-Infinity,-Infinity,-Infinity,-Infinity,-Infinity,-Infinity,-Infinity,-Infinity,-Infinity,-Infinity,-Infinity,-Infinity,-Infinity
"S397",-Infinity,-Infinity,-Infinity,-Infinity,-Infinity,-Infinity,-Infinity,-Infinity,-Infinity,-Infinity,-Infinity,-Infinity,-Infinity,-Infinity,-Infinity,-Infinity,-Infinity,-Infinity,-Infinity,-Infinity,-Infinity,-Infinity,-Infinity,-Infinity,-Infinity,-Infinity,-Infinity,-Infinity,-Infinity,-Infinity,-Infinity,-Infinity,-Infinity,-Infinity,-Infinity,-Infinity,-Infinity,-Infinity,-Infinity,-Infinity,-Infinity,-Infinity,-Infinity,-Infinity,-Infinity,-Infinity,-Infinity,-Infinity,-Infinity,-Infinity,-Infinity,-Infinity,-Infinity,-Infinity,-Infinity,-Infinity,-Infinity,-Infinity,-Infinity,-Infinity,-Infinity,-Infinity,-Infinity,-Infinity,-Infinity,-Infinity,-Infinity,-Infinity,-Infinity,-Infinity,-Infinity,-Infinity,-Infinity,-Infinity,-Infinity,-Infinity,-Infinity,-Infinity,-Infinity,-Infinity,-Infinity,-Infinity,-Infinity,-Infinity,-Infinity,-Infinity,-Infinity,-Infinity,-Infinity,-Infinity,-Infinity,-Infinity,-Infinity,-Infinity,-Infinity,-Infinity,-Infinity,-Infinity,-Infinity,-Infinity,-Infinity,-Infinity,-Infinity,-Infinity,-Infinity,-Infinity,-Infinity,-Infinity,-Infinity,-Infinity,-Infinity,-Infinity,-Infinity,-Infinity,-Infinity,-Infinity,-Infinity,-Infinity,-Infinity,-Infinity,-Infinity,-Infinity,-Infinity,-Infinity,-Infinity,-Infinity,-Infinity,-Infinity,-Infinity,-Infinity,-Infinity,-Infinity,-Infinity,-Infinity,-Infinity,-Infinity,-Infinity,-Infinity,-Infinity,-Infinity,-Infinity
"S398",-Infinity,-Infinity,-Infinity,-Infinity,-Infinity,-Infinity,-Infinity,-Infinity,-Infinity,-Infinity,-Infinity,-Infinity,-Infinity,-Infinity,-Infinity,-Infinity,-Infinity,-Infinity,-Infinity,-Infinity,-Infinity,-Infinity,-Infinity,-Infinity,-Infinity,-Infinity,-Infinity,-Infinity,-Infinity,-Infinity,-Infinity,-Infinity,-Infinity,-Infinity,-Infinity,-Infinity,-Infinity,-Infinity,-Infinity,-Infinity,-Infinity,-Infinity,-Infinity,-Infinity,-Infinity,-Infinity,-Infinity,-Infinity,-Infinity,-Infinity,-Infinity,-Infinity,-Infinity,-Infinity,-Infinity,-Infinity,-Infinity,-Infinity,-Infinity,-Infinity,-Infinity,-Infinity,-Infinity,-Infinity,-Infinity,-Infinity,-Infinity,-Infinity,-Infinity,-Infinity,-Infinity,-Infinity,-Infinity,-Infinity,-Infinity,-Infinity,-Infinity,-Infinity,-Infinity,-Infinity,-Infinity,-Infinity,-Infinity,-Infinity,-Infinity,-Infinity,-Infinity,-Infinity,-Infinity,-Infinity,-Infinity,-Infinity,-Infinity,-Infinity,-Infinity,-Infinity,-Infinity,-Infinity,-Infinity,-Infinity,-Infinity,-Infinity,-Infinity,-Infinity,-Infinity,-Infinity,-Infinity,-Infinity,-Infinity,-Infinity,-Infinity,-Infinity,-Infinity,-Infinity,-Infinity,-Infinity,-Infinity,-Infinity,-Infinity,-Infinity,-Infinity,-Infinity,-Infinity,-Infinity,-Infinity,-Infinity,-Infinity,-Infinity,-Infinity,-Infinity,-Infinity,-Infinity,-Infinity,-Infinity,-Infinity,-Infinity,-Infinity,-Infinity,-Infinity,-Infinity,-Infinity
"S399",-Infinity,-Infinity,-Infinity,-Infinity,-Infinity,-Infinity,-Infinity,-Infinity,-Infinity,-Infinity,-Infinity,-Infinity,-Infinity,-Infinity,-Infinity,-Infinity,-Infinity,-Infinity,-Infinity,-Infinity,-Infinity,-Infinity,-Infinity,-Infinity,-Infinity,-Infinity,-Infinity,-Infinity,-Infinity,-Infinity,-Infinity,-Infinity,-Infinity,-Infinity,-Infinity,-Infinity,-Infinity,-Infinity,-Infinity,-Infinity,-Infinity,-Infinity,-Infinity,-Infinity,-Infinity,-Infinity,-Infinity,-Infinity,-Infinity,-Infinity,-Infinity,-Infinity,-Infinity,-Infinity,-Infinity,-Infinity,-Infinity,-Infinity,-Infinity,-Infinity,-Infinity,-Infinity,-Infinity,-Infinity,-Infinity,-Infinity,-Infinity,-Infinity,-Infinity,-Infinity,-Infinity,-Infinity,-Infinity,-Infinity,-Infinity,-Infinity,-Infinity,-Infinity,-Infinity,-Infinity,-Infinity,-Infinity,-Infinity,-Infinity,-Infinity,-Infinity,-Infinity,-Infinity,-Infinity,-Infinity,-Infinity,-Infinity,-Infinity,-Infinity,-Infinity,-Infinity,-Infinity,-Infinity,-Infinity,-Infinity,-Infinity,-Infinity,-Infinity,-Infinity,-Infinity,-Infinity,-Infinity,-Infinity,-Infinity,-Infinity,-Infinity,-Infinity,-Infinity,-Infinity,-Infinity,-Infinity,-Infinity,-Infinity,-Infinity,-Infinity,-Infinity,-Infinity,-Infinity,-Infinity,-Infinity,-Infinity,-Infinity,-Infinity,-Infinity,-Infinity,-Infinity,-Infinity,-Infinity,-Infinity,-Infinity,-Infinity,-Infinity,-Infinity,-Infinity,-Infinity,-Infinity
"S400",-Infinity,-Infinity,-Infinity,-Infinity,-Infinity,-Infinity,-Infinity,-Infinity,-Infinity,-Infinity,-Infinity,-Infinity,-Infinity,-Infinity,-Infinity,-Infinity,-Infinity,-Infinity,-Infinity,-Infinity,-Infinity,-Infinity,-Infinity,-Infinity,-Infinity,-Infinity,-Infinity,-Infinity,-Infinity,-Infinity,-Infinity,-Infinity,-Infinity,-Infinity,-Infinity,-Infinity,-Infinity,-Infinity,-Infinity,-Infinity,-Infinity,-Infinity,-Infinity,-Infinity,-Infinity,-Infinity,-Infinity,-Infinity,-Infinity,-Infinity,-Infinity,-Infinity,-Infinity,-Infinity,-Infinity,-Infinity,-Infinity,-Infinity,-Infinity,-Infinity,-Infinity,-Infinity,-Infinity,-Infinity,-Infinity,-Infinity,-Infinity,-Infinity,-Infinity,-Infinity,-Infinity,-Infinity,-Infinity,-Infinity,-Infinity,-Infinity,-Infinity,-Infinity,-Infinity,-Infinity,-Infinity,-Infinity,-Infinity,-Infinity,-Infinity,-Infinity,-Infinity,-Infinity,-Infinity,-Infinity,-Infinity,-Infinity,-Infinity,-Infinity,-Infinity,-Infinity,-Infinity,-Infinity,-Infinity,-Infinity,-Infinity,-Infinity,-Infinity,-Infinity,-Infinity,-Infinity,-Infinity,-Infinity,-Infinity,-Infinity,-Infinity,-Infinity,-Infinity,-Infinity,-Infinity,-Infinity,-Infinity,-Infinity,-Infinity,-Infinity,-Infinity,-Infinity,-Infinity,-Infinity,-Infinity,-Infinity,-Infinity,-Infinity,-Infinity,-Infinity,-Infinity,-Infinity,-Infinity,-Infinity,-Infinity,-Infinity,-Infinity,-Infinity,-Infinity,-Infinity,-Infinity
"S401",-Infinity,-Infinity,-Infinity,-Infinity,-Infinity,-Infinity,-Infinity,-Infinity,-Infinity,-Infinity,-Infinity,-Infinity,-Infinity,-Infinity,-Infinity,-Infinity,-Infinity,-Infinity,-Infinity,-Infinity,-Infinity,-Infinity,-Infinity,-Infinity,-Infinity,-Infinity,-Infinity,-Infinity,-Infinity,-Infinity,-Infinity,-Infinity,-Infinity,-Infinity,-Infinity,-Infinity,-Infinity,-Infinity,-Infinity,-Infinity,-Infinity,-Infinity,-Infinity,-Infinity,-Infinity,-Infinity,-Infinity,-Infinity,-Infinity,-Infinity,-Infinity,-Infinity,-Infinity,-Infinity,-Infinity,-Infinity,-Infinity,-Infinity,-Infinity,-Infinity,-Infinity,-Infinity,-Infinity,-Infinity,-Infinity,-Infinity,-Infinity,-Infinity,-Infinity,-Infinity,-Infinity,-Infinity,-Infinity,-Infinity,-Infinity,-Infinity,-Infinity,-Infinity,-Infinity,-Infinity,-Infinity,-Infinity,-Infinity,-Infinity,-Infinity,-Infinity,-Infinity,-Infinity,-Infinity,-Infinity,-Infinity,-Infinity,-Infinity,-Infinity,-Infinity,-Infinity,-Infinity,-Infinity,-Infinity,-Infinity,-Infinity,-Infinity,-Infinity,-Infinity,-Infinity,-Infinity,-Infinity,-Infinity,-Infinity,-Infinity,-Infinity,-Infinity,-Infinity,-Infinity,-Infinity,-Infinity,-Infinity,-Infinity,-Infinity,-Infinity,-Infinity,-Infinity,-Infinity,-Infinity,-Infinity,-Infinity,-Infinity,-Infinity,-Infinity,-Infinity,-Infinity,-Infinity,-Infinity,-Infinity,-Infinity,-Infinity,-Infinity,-Infinity,-Infinity,-Infinity,-Infinity
"S402",-Infinity,-Infinity,-Infinity,-Infinity,-Infinity,-Infinity,-Infinity,-Infinity,-Infinity,-Infinity,-Infinity,-Infinity,-Infinity,-Infinity,-Infinity,-Infinity,-Infinity,-Infinity,-Infinity,-Infinity,-Infinity,-Infinity,-Infinity,-Infinity,-Infinity,-Infinity,-Infinity,-Infinity,-Infinity,-Infinity,-Infinity,-Infinity,-Infinity,-Infinity,-Infinity,-Infinity,-Infinity,-Infinity,-Infinity,-Infinity,-Infinity,-Infinity,-Infinity,-Infinity,-Infinity,-Infinity,-Infinity,-Infinity,-Infinity,-Infinity,-Infinity,-Infinity,-Infinity,-Infinity,-Infinity,-Infinity,-Infinity,-Infinity,-Infinity,-Infinity,-Infinity,-Infinity,-Infinity,-Infinity,-Infinity,-Infinity,-Infinity,-Infinity,-Infinity,-Infinity,-Infinity,-Infinity,-Infinity,-Infinity,-Infinity,-Infinity,-Infinity,-Infinity,-Infinity,-Infinity,-Infinity,-Infinity,-Infinity,-Infinity,-Infinity,-Infinity,-Infinity,-Infinity,-Infinity,-Infinity,-Infinity,-Infinity,-Infinity,-Infinity,-Infinity,-Infinity,-Infinity,-Infinity,-Infinity,-Infinity,-Infinity,-Infinity,-Infinity,-Infinity,-Infinity,-Infinity,-Infinity,-Infinity,-Infinity,-Infinity,-Infinity,-Infinity,-Infinity,-Infinity,-Infinity,-Infinity,-Infinity,-Infinity,-Infinity,-Infinity,-Infinity,-Infinity,-Infinity,-Infinity,-Infinity,-Infinity,-Infinity,-Infinity,-Infinity,-Infinity,-Infinity,-Infinity,-Infinity,-Infinity,-Infinity,-Infinity,-Infinity,-Infinity,-Infinity,-Infinity,-Infinity
"S403",-Infinity,-Infinity,-Infinity,-Infinity,-Infinity,-Infinity,-Infinity,-Infinity,-Infinity,-Infinity,-Infinity,-Infinity,-Infinity,-Infinity,-Infinity,-Infinity,-Infinity,-Infinity,-Infinity,-Infinity,-Infinity,-Infinity,-Infinity,-Infinity,-Infinity,-Infinity,-Infinity,-Infinity,-Infinity,-Infinity,-Infinity,-Infinity,-Infinity,-Infinity,-Infinity,-Infinity,-Infinity,-Infinity,-Infinity,-Infinity,-Infinity,-Infinity,-Infinity,-Infinity,-Infinity,-Infinity,-Infinity,-Infinity,-Infinity,-Infinity,-Infinity,-Infinity,-Infinity,-Infinity,-Infinity,-Infinity,-Infinity,-Infinity,-Infinity,-Infinity,-Infinity,-Infinity,-Infinity,-Infinity,-Infinity,-Infinity,-Infinity,-Infinity,-Infinity,-Infinity,-Infinity,-Infinity,-Infinity,-Infinity,-Infinity,-Infinity,-Infinity,-Infinity,-Infinity,-Infinity,-Infinity,-Infinity,-Infinity,-Infinity,-Infinity,-Infinity,-Infinity,-Infinity,-Infinity,-Infinity,-Infinity,-Infinity,-Infinity,-Infinity,-Infinity,-Infinity,-Infinity,-Infinity,-Infinity,-Infinity,-Infinity,-Infinity,-Infinity,-Infinity,-Infinity,-Infinity,-Infinity,-Infinity,-Infinity,-Infinity,-Infinity,-Infinity,-Infinity,-Infinity,-Infinity,-Infinity,-Infinity,-Infinity,-Infinity,-Infinity,-Infinity,-Infinity,-Infinity,-Infinity,-Infinity,-Infinity,-Infinity,-Infinity,-Infinity,-Infinity,-Infinity,-Infinity,-Infinity,-Infinity,-Infinity,-Infinity,-Infinity,-Infinity,-Infinity,-Infinity,-Infinity
"S404",-Infinity,-Infinity,-Infinity,-Infinity,-Infinity,-Infinity,-Infinity,-Infinity,-Infinity,-Infinity,-Infinity,-Infinity,-Infinity,-Infinity,-Infinity,-Infinity,-Infinity,-Infinity,-Infinity,-Infinity,-Infinity,-Infinity,-Infinity,-Infinity,-Infinity,-Infinity,-Infinity,-Infinity,-Infinity,-Infinity,-Infinity,-Infinity,-Infinity,-Infinity,-Infinity,-Infinity,-Infinity,-Infinity,-Infinity,-Infinity,-Infinity,-Infinity,-Infinity,-Infinity,-Infinity,-Infinity,-Infinity,-Infinity,-Infinity,-Infinity,-Infinity,-Infinity,-Infinity,-Infinity,-Infinity,-Infinity,-Infinity,-Infinity,-Infinity,-Infinity,-Infinity,-Infinity,-Infinity,-Infinity,-Infinity,-Infinity,-Infinity,-Infinity,-Infinity,-Infinity,-Infinity,-Infinity,-Infinity,-Infinity,-Infinity,-Infinity,-Infinity,-Infinity,-Infinity,-Infinity,-Infinity,-Infinity,-Infinity,-Infinity,-Infinity,-Infinity,-Infinity,-Infinity,-Infinity,-Infinity,-Infinity,-Infinity,-Infinity,-Infinity,-Infinity,-Infinity,-Infinity,-Infinity,-Infinity,-Infinity,-Infinity,-Infinity,-Infinity,-Infinity,-Infinity,-Infinity,-Infinity,-Infinity,-Infinity,-Infinity,-Infinity,-Infinity,-Infinity,-Infinity,-Infinity,-Infinity,-Infinity,-Infinity,-Infinity,-Infinity,-Infinity,-Infinity,-Infinity,-Infinity,-Infinity,-Infinity,-Infinity,-Infinity,-Infinity,-Infinity,-Infinity,-Infinity,-Infinity,-Infinity,-Infinity,-Infinity,-Infinity,-Infinity,-Infinity,-Infinity,-Infinity
"S405",-36.12200927734375,21.566192626953125,37.336822509765625,39.399444580078125,89.14617919921875,88.31317138671875,99.70770263671875,49.70684814453125,18.222198486328125,54.713470458984375,108.658935546875,130.14779663085938,22.708740234375,136.2105712890625,122.43997192382812,78.32168579101562,149.7801513671875,153.07937622070312,155.28970336914062,166.96539306640625,197.89071655273438,186.51324462890625,185.81326293945312,196.06024169921875,211.14584350585938,219.87753295898438,220.63986206054688,195.74069213867188,243.70382690429688,224.04086303710938,215.91751098632812,221.79769897460938,216.15487670898438,189.49807739257812,232.14385986328125,217.062255859375,199.16885375976562,229.51699829101562,249.5072021484375,224.03091430664062,189.23318481445312,188.32479858398438,124.02410888671875,145.887939453125,88.73269653320312,30.7691650390625,-62.80145263671875,-54.995849609375,-131.1016845703125,-239.1134033203125,-257.61419677734375,-290.94329833984375,-401.6912841796875,-390.81011962890625,-371.06488037109375,-500.596435546875,-406.30523681640625,-982.9237060546875,-468.4766845703125,-467.400390625,-488.59356689453125,-572.7950439453125,-563.4913330078125,-611.205078125,-605.186767578125,-516.5555419921875,-563.484619140625,-669.15185546875,-628.6134033203125,-674.2867431640625,-691.3426513671875,-691.30322265625,-830.18212890625,-814.0074462890625,-798.6068115234375,-874.7371826171875,-867.3760986328125,-814.68896484375,-838.656005859375,-898.7445068359375,-1015.6097412109375,-1039.8206787109375,-997.6552734375,-920.841064453125,-925.3172607421875,-868.7994384765625,-796.3240966796875,-908.182861328125,-827.778076171875,-1015.5499267578125,-1004.283935546875,-798.5308837890625,-871.698486328125,-1060.4825439453125,-932.2806396484375,-1251.1795654296875,-1089.689208984375,-852.125244140625,-889.2135009765625,-877.5078125,-899.2376708984375,-775.508544921875,-810.656005859375,-933.005126953125,-820.8333740234375,-898.156005859375,-911.3931884765625,-837.6199951171875,-937.0472412109375,-797.5750732421875,-753.107666015625,-850.935546875,-911.01708984375,-819.126220703125,-744.555419921875,-806.621826171875,-816.625244140625,-827.8555908203125,-754.802001953125,-628.9141845703125,-440.02862548828125,-542.6832275390625,-387.02032470703125,-353.09356689453125,-340.35015869140625,-294.2755126953125,-243.4755859375,-534.66943359375,-479.65087890625,-266.65087890625,-220.42193603515625,-261.51934814453125,-305.9700927734375,-211.79461669921875,-425.65631103515625,-227.0023193359375,-170.66748046875,-127.51953125,-150.646728515625,-124.81475830078125,-112.0579833984375
"S406",-212.367431640625,-104.7615966796875,-312.43280029296875,-76.47808837890625,-33.697509765625,-105.38525390625,19.922607421875,-8.315093994140625,-49.50927734375,48.148223876953125,11.6402587890625,34.340179443359375,-213.0340576171875,97.66510009765625,2.0955810546875,-244.2239990234375,76.04302978515625,29.680206298828125,54.56939697265625,109.4659423828125,153.8653564453125,97.29888916015625,83.56796264648438,134.061279296875,194.84951782226562,166.96588134765625,156.159423828125,196.49652099609375,169.22491455078125,174.19375610351562,175.35391235351562,176.3931884765625,129.384521484375,159.64663696289062,175.06130981445312,139.85885620117188,139.29901123046875,188.40853881835938,167.29345703125,111.35501098632812,146.07208251953125,95.29739379882812,103.77713012695312,56.682891845703125,-164.56890869140625,-223.68408203125,-203.16351318359375,-157.43133544921875,-58.721923828125,-73.58990478515625,-136.59564208984375,-209.0240478515625,-299.6240234375,-298.12530517578125,-322.10174560546875,-441.65313720703125,-340.02081298828125,-377.12274169921875,-367.48858642578125,-323.48785400390625,-347.65728759765625,-614.927001953125,-348.50738525390625,-422.43756103515625,-431.0631103515625,-355.03338623046875,-432.45794677734375,-616.4959716796875,-502.46966552734375,-525.3134765625,-606.5126953125,-623.5694580078125,-657.4947509765625,-727.13916015625,-650.160888671875,-656.550537109375,-704.827880859375,-579.5252685546875,-691.7684326171875,-761.36865234375,-1009.302490234375,-834.77197265625,-745.6026611328125,-896.667236328125,-931.863525390625,-825.1192626953125,-944.931640625,-885.6429443359375,-846.52294921875,-783.9278564453125,-1278.946533203125,-898.197509765625,-833.5997314453125,-754.058349609375,-825.8194580078125,-778.096435546875,-694.78955078125,-777.4501953125,-760.656494140625,-1007.712158203125,-905.4918212890625,-828.205078125,-731.6053466796875,-689.5343017578125,-892.1842041015625,-924.135009765625,-728.7452392578125,-767.24658203125,-889.466796875,-839.3934326171875,-827.91943359375,-869.07958984375,-976.2957763671875,-1070.557861328125,-885.4862060546875,-1070.086181640625,-1369.8670654296875,-1598.4814453125,-1327.99072265625,-876.3646240234375,-770.521484375,-841.512939453125,-729.5037841796875,-707.1483154296875,-828.0823974609375,-712.631103515625,-570.18896484375,-748.87158203125,-755.8377685546875,-837.4420166015625,-717.1656494140625,-717.7530517578125,-643.371826171875,-616.6790771484375,-549.7034912109375,-498.9354248046875,-780.1895751953125,-935.9140625,-567.9293212890625,-683.575439453125,-361.9583740234375
"S407",19.531707763671875,77.46286010742188,109.1109619140625,56.040008544921875,162.95828247070312,147.5828857421875,102.86248779296875,169.25994873046875,149.90249633789062,148.65203857421875,204.593017578125,183.47842407226562,147.09768676757812,190.47454833984375,140.76470947265625,150.64459228515625,204.67843627929688,182.25942993164062,176.65921020507812,225.83389282226562,236.88385009765625,225.40216064453125,249.1476287841797,223.818115234375,235.18295288085938,245.3829803466797,271.6672668457031,257.7817077636719,290.9674530029297,235.94662475585938,236.33111572265625,292.1629638671875,293.45384216308594,269.2538604736328,305.05145263671875,292.32029724121094,280.1856994628906,291.45823669433594,305.59521484375,249.437744140625,264.1919708251953,233.265625,153.811767578125,238.67404174804688,135.92501831054688,111.22222900390625,-29.9674072265625,83.50604248046875,-4.27911376953125,-204.290771484375,-201.20330810546875,-120.1365966796875,-476.82440185546875,-321.15032958984375,-377.9697265625,-599.941650390625,-345.7396240234375,-284.003662109375,-278.83984375,-299.27191162109375,-340.11126708984375,-440.29461669921875,-377.960693359375,-530.89990234375,-489.25616455078125,-411.3701171875,-517.8978271484375,-481.0079345703125,-421.235595703125,-502.3917236328125,-515.0512084960938,-548.1986083984375,-694.013427734375,-617.932861328125,-607.8446044921875,-715.076171875,-691.3402099609375,-632.28369140625,-949.3817138671875,-922.3360595703125,-749.8568115234375,-910.4080810546875,-702.0863037109375,-699.12890625,-703.6881103515625,-658.670654296875,-566.87744140625,-894.2745361328125,-580.5555419921875,-603.1680908203125,-573.3447265625,-654.45458984375,-606.9893798828125,-608.020751953125,-621.659912109375,-596.59375,-647.3104248046875,-681.219970703125,-709.2689208984375,-717.4742431640625,-746.6639404296875,-561.474853515625,-594.0155029296875,-604.0167236328125,-629.273681640625,-650.5992431640625,-723.87255859375,-793.459228515625,-921.7734375,-634.0792236328125,-617.6304931640625,-852.3773193359375,-611.230224609375,-498.0789794921875,-534.1109619140625,-566.9666748046875,-621.8953857421875,-481.52069091796875,-463.927734375,-460.3138427734375,-368.4224853515625,-433.0345458984375,-334.91949462890625,-264.680908203125,-303.60723876953125,-275.83306884765625,-197.84344482421875,-258.41387939453125,-196.64312744140625,-223.33538818359375,-198.7366943359375,-258.1287841796875,-275.94384765625,-123.55718994140625,-91.216552734375,-101.1378173828125,-69.7191162109375,-61.56671142578125,-131.13446044921875,-59.7694091796875,-98.46539306640625
"S408",-321.714111328125,-308.63238525390625,-162.359619140625,-316.92620849609375,-269.167236328125,-168.36883544921875,-369.529052734375,-217.947998046875,-272.08917236328125,-145.33978271484375,-154.0855712890625,-101.07281494140625,-77.06317138671875,-109.2396240234375,-74.21893310546875,-49.167724609375,-36.89349365234375,-162.98455810546875,-17.7886962890625,-54.5810546875,8.547332763671875,41.980194091796875,-19.46826171875,-77.14410400390625,67.72006225585938,109.32492065429688,79.0762939453125,108.32879638671875,145.1116943359375,82.62771606445312,107.25030517578125,172.25009155273438,197.73956298828125,190.45089721679688,192.09005737304688,205.94967651367188,189.57931518554688,185.85552978515625,176.674072265625,153.65802001953125,122.44265747070312,120.26388549804688,86.0865478515625,35.182586669921875,49.063232421875,-11.660552978515625,-85.95062255859375,-88.3426513671875,-281.89727783203125,-276.58795166015625,-345.17047119140625,-494.41290283203125,-414.5535888671875,-603.1361083984375,-769.262939453125,-674.3072509765625,-624.5401611328125,-668.3504638671875,-569.5352783203125,-583.826171875,-509.018310546875,-654.4674072265625,-663.4228515625,-973.95947265625,-856.1600341796875,-712.526123046875,-982.41162109375,-716.216796875,-664.7061767578125,-820.734130859375,-686.415771484375,-794.4295654296875,-878.78955078125,-906.9251708984375,-811.1973876953125,-937.142578125,-885.828125,-941.8358154296875,-940.0758056640625,-981.1673583984375,-1041.33837890625,-918.462890625,-1196.5474853515625,-1062.2774658203125,-1375.103759765625,-1237.428466796875,-1053.3189697265625,-1100.077392578125,-948.5645751953125,-935.0098876953125,-921.001708984375,-993.5718994140625,-870.6217041015625,-853.158447265625,-859.416748046875,-860.574951171875,-896.4459228515625,-987.2032470703125,-1180.837890625,-925.2791748046875,-1249.4962158203125,-903.6553955078125,-953.6446533203125,-1010.022216796875,-885.8968505859375,-831.8577880859375,-964.456298828125,-972.3958740234375,-955.30810546875,-888.9866943359375,-808.98583984375,-785.430419921875,-891.6099853515625,-684.8839111328125,-767.1776123046875,-662.432861328125,-642.0030517578125,-630.913330078125,-511.94970703125,-557.106689453125,-664.4405517578125,-599.1744384765625,-684.3443603515625,-732.138427734375,-517.8289184570312,-501.09954833984375,-481.095703125,-543.1334228515625,-496.0386962890625,-695.289794921875,-643.415771484375,-410.319580078125,-494.69805908203125,-424.03985595703125,-444.0887451171875,-358.48797607421875,-262.0684814453125,-454.04864501953125,-415.18206787109375,-306.00152587890625,-296.85906982421875
"S409",112.7587890625,104.06634521484375,180.78363037109375,134.14239501953125,106.9569091796875,182.86740112304688,98.19088745117188,160.55862426757812,130.176025390625,191.1326904296875,191.33584594726562,236.59408569335938,236.9805908203125,221.24765014648438,263.74705505371094,247.6727294921875,257.77777099609375,217.55450439453125,259.17640686035156,246.86277770996094,277.5028076171875,284.9760284423828,265.9678649902344,242.1611328125,302.33824157714844,313.0779571533203,301.5050506591797,302.3694305419922,323.0039978027344,327.4958801269531,321.9959411621094,331.8866271972656,337.241943359375,333.86138916015625,335.02952575683594,339.84474182128906,325.54530334472656,327.3188171386719,313.2261962890625,304.99415588378906,286.7158660888672,293.6006622314453,251.66111755371094,218.65130615234375,204.489990234375,167.27105712890625,128.70745849609375,107.63348388671875,-69.8800048828125,-11.806427001953125,-72.65240478515625,-185.35943603515625,-162.19921875,-391.78424072265625,-474.3900146484375,-563.9381103515625,-400.4775390625,-468.47784423828125,-391.3126220703125,-416.744384765625,-451.1546630859375,-621.426025390625,-438.46600341796875,-572.1280517578125,-563.1864013671875,-492.68487548828125,-561.248291015625,-504.6595458984375,-417.9329833984375,-484.68267822265625,-869.9150390625,-542.8609619140625,-664.3489990234375,-576.71826171875,-466.53338623046875,-564.2955322265625,-627.7205810546875,-710.236572265625,-592.4091796875,-598.1116943359375,-593.868896484375,-530.151123046875,-682.567138671875,-679.4576416015625,-911.51318359375,-833.313232421875,-782.6920166015625,-795.9803466796875,-726.7073974609375,-693.5247802734375,-594.551513671875,-628.27294921875,-586.5213623046875,-501.9886474609375,-555.122802734375,-556.5709228515625,-559.9698486328125,-615.94970703125,-605.7899169921875,-554.457275390625,-645.7222900390625,-570.7989501953125,-585.8037109375,-554.5789794921875,-496.7000732421875,-454.33251953125,-558.4859619140625,-478.97491455078125,-458.17474365234375,-417.56219482421875,-464.2001953125,-502.78826904296875,-448.52197265625,-255.955810546875,-375.02764892578125,-257.74322509765625,-145.25091552734375,-197.97955322265625,-110.71697998046875,-65.781005859375,-163.068603515625,-108.5616455078125,-146.5955810546875,-191.998046875,-83.21087646484375,-51.47039794921875,-27.2637939453125,-31.01055908203125,-18.09515380859375,-161.35418701171875,-98.3216552734375,27.52020263671875,12.547149658203125,0.99139404296875,21.754547119140625,49.0152587890625,62.510528564453125,21.6387939453125,42.000518798828125,65.0616455078125,94.33615112304688
"S410",112.36386108398438,136.60800170898438,163.99136352539062,159.77316284179688,155.34805297851562,194.53622436523438,174.27139282226562,195.7789306640625,197.5928955078125,218.48760986328125,237.97634887695312,246.58251953125,251.5880584716797,254.16493225097656,247.6831512451172,267.71482849121094,282.1248779296875,272.81101989746094,282.144775390625,272.42449951171875,288.57984924316406,297.3388977050781,300.9357452392578,293.7327423095703,304.83807373046875,320.46507263183594,322.910888671875,314.7098846435547,324.94427490234375,328.60797119140625,317.0787811279297,332.9602813720703,338.3768005371094,338.1643524169922,335.87413024902344,330.33689880371094,319.95977783203125,320.93052673339844,305.26063537597656,289.7919158935547,282.1984100341797,275.7336883544922,257.41380310058594,240.50558471679688,205.6177978515625,137.95510864257812,97.77041625976562,86.96380615234375,-25.4921875,-48.55804443359375,-94.78558349609375,-189.30670166015625,-150.93316650390625,-241.3651123046875,-291.75152587890625,-425.25286865234375,-239.87274169921875,-247.165771484375,-245.8436279296875,-261.34869384765625,-314.43524169921875,-582.46435546875,-253.16668701171875,-333.64654541015625,-335.02056884765625,-253.21466064453125,-274.231201171875,-265.95782470703125,-249.4923095703125,-273.3306884765625,-849.48681640625,-344.294189453125,-506.9508056640625,-288.2313232421875,-251.66107177734375,-317.718017578125,-371.69866943359375,-439.17120361328125,-385.55706787109375,-412.6988525390625,-456.7110595703125,-472.9759521484375,-469.7789306640625,-473.39971923828125,-546.8819580078125,-579.2823486328125,-503.98553466796875,-514.7105712890625,-423.96600341796875,-429.72772216796875,-336.4183349609375,-371.6502685546875,-340.341796875,-274.543701171875,-304.2327880859375,-279.44427490234375,-282.2655029296875,-300.7657470703125,-274.66815185546875,-243.1771240234375,-298.61285400390625,-298.9705810546875,-273.144287109375,-249.65423583984375,-226.88946533203125,-215.2613525390625,-263.0447998046875,-227.91888427734375,-215.62164306640625,-206.10711669921875,-203.7962646484375,-301.7635498046875,-201.16925048828125,-125.56781005859375,-155.27203369140625,-172.5789794921875,-81.7308349609375,-40.345947265625,-6.7452392578125,-62.0819091796875,-144.7274169921875,-101.68304443359375,-95.93609619140625,-123.2410888671875,-73.32366943359375,-21.5506591796875,15.883087158203125,32.831298828125,-2.430023193359375,-41.55828857421875,-14.32537841796875,26.543731689453125,51.688690185546875,46.3798828125,60.933868408203125,85.892578125,120.85879516601562,91.82040405273438,75.08175659179688,54.145660400390625,114.1929931640625
"S411",112.36386108398438,136.60800170898438,163.99136352539062,159.77316284179688,155.34805297851562,194.53622436523438,174.27139282226562,117.09344482421875,166.62887573242188,218.48760986328125,237.97634887695312,246.58251953125,251.5880584716797,254.16493225097656,247.6831512451172,267.71482849121094,282.1248779296875,272.81101989746094,282.144775390625,272.42449951171875,288.57984924316406,297.3388977050781,300.9357452392578,293.3497619628906,304.83807373046875,302.31321716308594,290.28907775878906,314.7098846435547,323.54136657714844,292.1553649902344,117.1624755859375,-23.72174072265625,9.02752685546875,301.09986877441406,285.9751281738281,305.17430114746094,292.0546112060547,304.4795379638672,296.5522918701172,224.72760009765625,255.65921020507812,242.48251342773438,185.5640869140625,234.83181762695312,101.58758544921875,120.27496337890625,92.15908813476562,66.08535766601562,-25.4921875,-48.55804443359375,-172.57275390625,-249.37286376953125,-282.90924072265625,-455.2784423828125,-510.682373046875,-557.5087890625,-597.443359375,-696.9202880859375,-725.5052490234375,-707.06005859375,-656.1929931640625,-781.73876953125,-862.5875244140625,-959.1314697265625,-829.796630859375,-794.479736328125,-855.3780517578125,-941.8284912109375,-908.8790283203125,-965.318115234375,-865.4761962890625,-932.5224609375,-1052.5799560546875,-820.848876953125,-842.069580078125,-915.6968994140625,-1024.729736328125,-1032.15087890625,-1261.5887451171875,-1092.5693359375,-1153.69677734375,-1101.4757080078125,-1158.8533935546875,-1222.9005126953125,-1139.9696044921875,-1035.410400390625,-1077.4569091796875,-1033.9632568359375,-1086.1668701171875,-981.9466552734375,-859.173095703125,-1113.6522216796875,-979.4813232421875,-928.910888671875,-1071.36181640625,-827.1629638671875,-866.0810546875,-957.93994140625,-925.4769287109375,-945.279541015625,-872.9410400390625,-928.6826171875,-842.034423828125,-889.02880859375,-814.38671875,-868.818115234375,-857.9554443359375,-813.1177978515625,-843.3062744140625,-664.47802734375,-561.635986328125,-596.3626708984375,-695.512939453125,-437.81500244140625,-518.9171752929688,-440.4586181640625,-340.94012451171875,-390.348876953125,-321.952392578125,-205.9161376953125,-213.18017578125,-264.7750244140625,-199.8525390625,-186.43402099609375,-319.89105224609375,-53.30645751953125,-17.5570068359375,-141.817138671875,-115.20721435546875,-68.45758056640625,-14.32537841796875,-73.10693359375,-43.49554443359375,-8.88885498046875,-22.22149658203125,-20.831787109375,7.7734375,30.27642822265625,33.357177734375,-3.486968994140625,-16.984375
"S412",44.095306396484375,18.505462646484375,53.857025146484375,89.8702392578125,95.27273559570312,159.58737182617188,149.999267578125,123.03659057617188,166.1158447265625,206.53753662109375,213.01644897460938,194.96939086914062,203.085693359375,191.17764282226562,185.83090209960938,210.91250610351562,219.1474609375,240.04678344726562,236.78765869140625,212.136962890625,233.10430908203125,245.60946655273438,255.41444396972656,270.944580078125,260.58026123046875,266.38844299316406,253.5868377685547,254.77793884277344,270.5130615234375,272.05860900878906,141.0460205078125,60.675628662109375,76.57113647460938,248.12646484375,254.41848754882812,251.08859252929688,217.85366821289062,250.55348205566406,218.22796630859375,208.32254028320312,198.14492797851562,190.0543212890625,155.89309692382812,141.29110717773438,61.7137451171875,-3.57257080078125,-64.57403564453125,-73.257568359375,-199.383544921875,-260.36566162109375,-293.404052734375,-477.96734619140625,-481.2894287109375,-744.990478515625,-761.2135009765625,-833.697265625,-853.6942138671875,-972.5406494140625,-955.0206298828125,-906.2822265625,-886.032470703125,-940.5712890625,-1044.310302734375,-1139.33447265625,-1015.385986328125,-989.341552734375,-1152.6893310546875,-1094.3697509765625,-1091.0687255859375,-1316.7139892578125,-1115.6690673828125,-1183.514404296875,-1144.0648193359375,-1180.0780029296875,-1131.52490234375,-1363.0516357421875,-1408.1025390625,-1270.5679931640625,-1574.572021484375,-1292.9488525390625,-1260.4456787109375,-1360.43994140625,-1370.36572265625,-1257.789794921875,-1322.289306640625,-1183.09912109375,-1325.210205078125,-1122.319580078125,-1280.8526611328125,-1166.997314453125,-985.138671875,-1274.55322265625,-1157.0894775390625,-1174.5933837890625,-1263.7645263671875,-1361.3289794921875,-1253.3804931640625,-1272.1495361328125,-1216.86181640625,-1152.0084228515625,-1120.6942138671875,-1204.366943359375,-1036.7081298828125,-1123.9073486328125,-981.5286865234375,-1100.0452880859375,-1067.0821533203125,-1086.171630859375,-1047.8675537109375,-969.0372314453125,-825.125244140625,-896.31005859375,-823.501953125,-795.7864990234375,-683.904541015625,-594.22021484375,-519.1355590820312,-517.4163208007812,-392.82781982421875,-409.23492431640625,-402.29345703125,-337.894287109375,-317.927490234375,-312.900634765625,-366.453369140625,-194.82147216796875,-182.59210205078125,-240.4166259765625,-214.42083740234375,-284.80023193359375,-164.9678955078125,-206.54119873046875,-152.6824951171875,-171.08367919921875,-129.843017578125,-180.5523681640625,-197.911865234375,-122.59466552734375,-259.5596923828125,-241.5499267578125,-104.5648193359375
"S413",44.095306396484375,12.016204833984375,40.501739501953125,89.8702392578125,95.27273559570312,154.77081298828125,149.999267578125,183.70046997070312,189.21945190429688,206.53753662109375,213.01644897460938,194.96939086914062,203.085693359375,191.17764282226562,185.83090209960938,210.91250610351562,219.1474609375,240.04678344726562,236.78765869140625,212.136962890625,233.10430908203125,245.60946655273438,255.41444396972656,270.944580078125,260.58026123046875,266.38844299316406,271.9978485107422,254.77793884277344,270.5130615234375,272.05860900878906,234.922119140625,253.75967407226562,259.57627868652344,261.0669708251953,257.08802795410156,241.960205078125,213.36862182617188,207.09951782226562,178.6292724609375,158.74642944335938,152.35800170898438,127.960205078125,97.62033081054688,71.25955200195312,-0.830169677734375,-41.6348876953125,-125.65936279296875,-144.67803955078125,-232.05145263671875,-381.01361083984375,-424.6429443359375,-545.1326904296875,-650.1114501953125,-801.4853515625,-869.66748046875,-799.594482421875,-819.7996826171875,-834.8861083984375,-863.236083984375,-916.792236328125,-876.8914794921875,-946.7930908203125,-952.75390625,-1120.859375,-1234.1112060546875,-1140.3204345703125,-1097.5650634765625,-1169.56103515625,-1043.5220947265625,-1044.512451171875,-1093.6341552734375,-976.5240478515625,-953.8385009765625,-999.830810546875,-951.5982666015625,-1511.1649169921875,-1162.38671875,-1020.18896484375,-1195.1171875,-1033.703125,-1131.7354736328125,-1114.3035888671875,-1138.244384765625,-1057.610107421875,-1109.8001708984375,-1180.928466796875,-1157.5113525390625,-998.7996826171875,-1078.9354248046875,-971.658203125,-975.60986328125,-1045.68017578125,-974.9998779296875,-950.5482177734375,-1005.873779296875,-1241.2205810546875,-1171.117431640625,-1118.3411865234375,-993.1925048828125,-883.903564453125,-888.8228759765625,-962.188720703125,-879.591064453125,-1106.1641845703125,-862.58642578125,-846.843994140625,-875.2171630859375,-850.1796875,-842.469970703125,-810.720947265625,-780.30126953125,-792.6427001953125,-764.4346923828125,-770.3505859375,-622.8050537109375,-544.387451171875,-506.09967041015625,-494.70196533203125,-382.01165771484375,-454.5181884765625,-442.2236328125,-328.16064453125,-336.949462890625,-326.28741455078125,-411.1773681640625,-287.109130859375,-242.99810791015625,-237.36279296875,-274.0218505859375,-283.92535400390625,-195.89263916015625,-167.01959228515625,-149.11553955078125,-201.38330078125,-100.19439697265625,-184.46063232421875,-239.034423828125,-179.60748291015625,-297.6976318359375,-214.7177734375,-63.88922119140625
"S414",-Infinity,-Infinity,-Infinity,-Infinity,-Infinity,-Infinity,-Infinity,-Infinity,-Infinity,-Infinity,-Infinity,-Infinity,-Infinity,-Infinity,-Infinity,-Infinity,-Infinity,-Infinity,-Infinity,-Infinity,-Infinity,-Infinity,-Infinity,-Infinity,-Infinity,-Infinity,-Infinity,-Infinity,-Infinity,-Infinity,-Infinity,-Infinity,-Infinity,-Infinity,-Infinity,-Infinity,-Infinity,-Infinity,-Infinity,-Infinity,-Infinity,-Infinity,-Infinity,-Infinity,-Infinity,-Infinity,-Infinity,-Infinity,-Infinity,-Infinity,-Infinity,-Infinity,-Infinity,-Infinity,-Infinity,-Infinity,-Infinity,-Infinity,-Infinity,-Infinity,-Infinity,-Infinity,-Infinity,-Infinity,-Infinity,-Infinity,-Infinity,-Infinity,-Infinity,-Infinity,-Infinity,-Infinity,-Infinity,-Infinity,-Infinity,-Infinity,-Infinity,-Infinity,-Infinity,-Infinity,-Infinity,-Infinity,-Infinity,-Infinity,-Infinity,-Infinity,-Infinity,-Infinity,-Infinity,-Infinity,-Infinity,-Infinity,-Infinity,-Infinity,-Infinity,-Infinity,-Infinity,-Infinity,-Infinity,-Infinity,-Infinity,-Infinity,-Infinity,-Infinity,-Infinity,-Infinity,-Infinity,-Infinity,-Infinity,-Infinity,-Infinity,-Infinity,-Infinity,-Infinity,-Infinity,-Infinity,-Infinity,-Infinity,-Infinity,-Infinity,-Infinity,-Infinity,-Infinity,-Infinity,-Infinity,-Infinity,-Infinity,-Infinity,-Infinity,-Infinity,-Infinity,-Infinity,-Infinity,-Infinity,-Infinity,-Infinity,-Infinity,-Infinity,-Infinity,-Infinity,-Infinity
"S415",-Infinity,-Infinity,-Infinity,-Infinity,-Infinity,-Infinity,-Infinity,-Infinity,-Infinity,-Infinity,-Infinity,-Infinity,-Infinity,-Infinity,-Infinity,-Infinity,-Infinity,-Infinity,-Infinity,-Infinity,-Infinity,-Infinity,-Infinity,-Infinity,-Infinity,-Infinity,-Infinity,-Infinity,-Infinity,-Infinity,-Infinity,-Infinity,-Infinity,-Infinity,-Infinity,-Infinity,-Infinity,-Infinity,-Infinity,-Infinity,-Infinity,-Infinity,-Infinity,-Infinity,-Infinity,-Infinity,-Infinity,-Infinity,-Infinity,-Infinity,-Infinity,-Infinity,-Infinity,-Infinity,-Infinity,-Infinity,-Infinity,-Infinity,-Infinity,-Infinity,-Infinity,-Infinity,-Infinity,-Infinity,-Infinity,-Infinity,-Infinity,-Infinity,-Infinity,-Infinity,-Infinity,-Infinity,-Infinity,-Infinity,-Infinity,-Infinity,-Infinity,-Infinity,-Infinity,-Infinity,-Infinity,-Infinity,-Infinity,-Infinity,-Infinity,-Infinity,-Infinity,-Infinity,-Infinity,-Infinity,-Infinity,-Infinity,-Infinity,-Infinity,-Infinity,-Infinity,-Infinity,-Infinity,-Infinity,-Infinity,-Infinity,-Infinity,-Infinity,-Infinity,-Infinity,-Infinity,-Infinity,-Infinity,-Infinity,-Infinity,-Infinity,-Infinity,-Infinity,-Infinity,-Infinity,-Infinity,-Infinity,-Infinity,-Infinity,-Infinity,-Infinity,-Infinity,-Infinity,-Infinity,-Infinity,-Infinity,-Infinity,-Infinity,-Infinity,-Infinity,-Infinity,-Infinity,-Infinity,-Infinity,-Infinity,-Infinity,-Infinity,-Infinity,-Infinity,-Infinity,-Infinity
"S416",-Infinity,-Infinity,-Infinity,-Infinity,-Infinity,-Infinity,-Infinity,-Infinity,-Infinity,-Infinity,-Infinity,-Infinity,-Infinity,-Infinity,-Infinity,-Infinity,-Infinity,-Infinity,-Infinity,-Infinity,-Infinity,-Infinity,-Infinity,-Infinity,-Infinity,-Infinity,-Infinity,-Infinity,-Infinity,-Infinity,-Infinity,-Infinity,-Infinity,-Infinity,-Infinity,-Infinity,-Infinity,-Infinity,-Infinity,-Infinity,-Infinity,-Infinity,-Infinity,-Infinity,-Infinity,-Infinity,-Infinity,-Infinity,-Infinity,-Infinity,-Infinity,-Infinity,-Infinity,-Infinity,-Infinity,-Infinity,-Infinity,-Infinity,-Infinity,-Infinity,-Infinity,-Infinity,-Infinity,-Infinity,-Infinity,-Infinity,-Infinity,-Infinity,-Infinity,-Infinity,-Infinity,-Infinity,-Infinity,-Infinity,-Infinity,-Infinity,-Infinity,-Infinity,-Infinity,-Infinity,-Infinity,-Infinity,-Infinity,-Infinity,-Infinity,-Infinity,-Infinity,-Infinity,-Infinity,-Infinity,-Infinity,-Infinity,-Infinity,-Infinity,-Infinity,-Infinity,-Infinity,-Infinity,-Infinity,-Infinity,-Infinity,-Infinity,-Infinity,-Infinity,-Infinity,-Infinity,-Infinity,-Infinity,-Infinity,-Infinity,-Infinity,-Infinity,-Infinity,-Infinity,-Infinity,-Infinity,-Infinity,-Infinity,-Infinity,-Infinity,-Infinity,-Infinity,-Infinity,-Infinity,-Infinity,-Infinity,-Infinity,-Infinity,-Infinity,-Infinity,-Infinity,-Infinity,-Infinity,-Infinity,-Infinity,-Infinity,-Infinity,-Infinity,-Infinity,-Infinity,-Infinity
"S417",-Infinity,-Infinity,-Infinity,-Infinity,-Infinity,-Infinity,-Infinity,-Infinity,-Infinity,-Infinity,-Infinity,-Infinity,-Infinity,-Infinity,-Infinity,-Infinity,-Infinity,-Infinity,-Infinity,-Infinity,-Infinity,-Infinity,-Infinity,-Infinity,-Infinity,-Infinity,-Infinity,-Infinity,-Infinity,-Infinity,-Infinity,-Infinity,-Infinity,-Infinity,-Infinity,-Infinity,-Infinity,-Infinity,-Infinity,-Infinity,-Infinity,-Infinity,-Infinity,-Infinity,-Infinity,-Infinity,-Infinity,-Infinity,-Infinity,-Infinity,-Infinity,-Infinity,-Infinity,-Infinity,-Infinity,-Infinity,-Infinity,-Infinity,-Infinity,-Infinity,-Infinity,-Infinity,-Infinity,-Infinity,-Infinity,-Infinity,-Infinity,-Infinity,-Infinity,-Infinity,-Infinity,-Infinity,-Infinity,-Infinity,-Infinity,-Infinity,-Infinity,-Infinity,-Infinity,-Infinity,-Infinity,-Infinity,-Infinity,-Infinity,-Infinity,-Infinity,-Infinity,-Infinity,-Infinity,-Infinity,-Infinity,-Infinity,-Infinity,-Infinity,-Infinity,-Infinity,-Infinity,-Infinity,-Infinity,-Infinity,-Infinity,-Infinity,-Infinity,-Infinity,-Infinity,-Infinity,-Infinity,-Infinity,-Infinity,-Infinity,-Infinity,-Infinity,-Infinity,-Infinity,-Infinity,-Infinity,-Infinity,-Infinity,-Infinity,-Infinity,-Infinity,-Infinity,-Infinity,-Infinity,-Infinity,-Infinity,-Infinity,-Infinity,-Infinity,-Infinity,-Infinity,-Infinity,-Infinity,-Infinity,-Infinity,-Infinity,-Infinity,-Infinity,-Infinity,-Infinity,-Infinity
"S418",-Infinity,-Infinity,-Infinity,-Infinity,-Infinity,-Infinity,-Infinity,-Infinity,-Infinity,-Infinity,-Infinity,-Infinity,-Infinity,-Infinity,-Infinity,-Infinity,-Infinity,-Infinity,-Infinity,-Infinity,-Infinity,-Infinity,-Infinity,-Infinity,-Infinity,-Infinity,-Infinity,-Infinity,-Infinity,-Infinity,-Infinity,-Infinity,-Infinity,-Infinity,-Infinity,-Infinity,-Infinity,-Infinity,-Infinity,-Infinity,-Infinity,-Infinity,-Infinity,-Infinity,-Infinity,-Infinity,-Infinity,-Infinity,-Infinity,-Infinity,-Infinity,-Infinity,-Infinity,-Infinity,-Infinity,-Infinity,-Infinity,-Infinity,-Infinity,-Infinity,-Infinity,-Infinity,-Infinity,-Infinity,-Infinity,-Infinity,-Infinity,-Infinity,-Infinity,-Infinity,-Infinity,-Infinity,-Infinity,-Infinity,-Infinity,-Infinity,-Infinity,-Infinity,-Infinity,-Infinity,-Infinity,-Infinity,-Infinity,-Infinity,-Infinity,-Infinity,-Infinity,-Infinity,-Infinity,-Infinity,-Infinity,-Infinity,-Infinity,-Infinity,-Infinity,-Infinity,-Infinity,-Infinity,-Infinity,-Infinity,-Infinity,-Infinity,-Infinity,-Infinity,-Infinity,-Infinity,-Infinity,-Infinity,-Infinity,-Infinity,-Infinity,-Infinity,-Infinity,-Infinity,-Infinity,-Infinity,-Infinity,-Infinity,-Infinity,-Infinity,-Infinity,-Infinity,-Infinity,-Infinity,-Infinity,-Infinity,-Infinity,-Infinity,-Infinity,-Infinity,-Infinity,-Infinity,-Infinity,-Infinity,-Infinity,-Infinity,-Infinity,-Infinity,-Infinity,-Infinity,-Infinity
"S419",-Infinity,-Infinity,-Infinity,-Infinity,-Infinity,-Infinity,-Infinity,-Infinity,-Infinity,-Infinity,-Infinity,-Infinity,-Infinity,-Infinity,-Infinity,-Infinity,-Infinity,-Infinity,-Infinity,-Infinity,-Infinity,-Infinity,-Infinity,-Infinity,-Infinity,-Infinity,-Infinity,-Infinity,-Infinity,-Infinity,-Infinity,-Infinity,-Infinity,-Infinity,-Infinity,-Infinity,-Infinity,-Infinity,-Infinity,-Infinity,-Infinity,-Infinity,-Infinity,-Infinity,-Infinity,-Infinity,-Infinity,-Infinity,-Infinity,-Infinity,-Infinity,-Infinity,-Infinity,-Infinity,-Infinity,-Infinity,-Infinity,-Infinity,-Infinity,-Infinity,-Infinity,-Infinity,-Infinity,-Infinity,-Infinity,-Infinity,-Infinity,-Infinity,-Infinity,-Infinity,-Infinity,-Infinity,-Infinity,-Infinity,-Infinity,-Infinity,-Infinity,-Infinity,-Infinity,-Infinity,-Infinity,-Infinity,-Infinity,-Infinity,-Infinity,-Infinity,-Infinity,-Infinity,-Infinity,-Infinity,-Infinity,-Infinity,-Infinity,-Infinity,-Infinity,-Infinity,-Infinity,-Infinity,-Infinity,-Infinity,-Infinity,-Infinity,-Infinity,-Infinity,-Infinity,-Infinity,-Infinity,-Infinity,-Infinity,-Infinity,-Infinity,-Infinity,-Infinity,-Infinity,-Infinity,-Infinity,-Infinity,-Infinity,-Infinity,-Infinity,-Infinity,-Infinity,-Infinity,-Infinity,-Infinity,-Infinity,-Infinity,-Infinity,-Infinity,-Infinity,-Infinity,-Infinity,-Infinity,-Infinity,-Infinity,-Infinity,-Infinity,-Infinity,-Infinity,-Infinity,-Infinity
"S420",-Infinity,-Infinity,-Infinity,-Infinity,-Infinity,-Infinity,-Infinity,-Infinity,-Infinity,-Infinity,-Infinity,-Infinity,-Infinity,-Infinity,-Infinity,-Infinity,-Infinity,-Infinity,-Infinity,-Infinity,-Infinity,-Infinity,-Infinity,-Infinity,-Infinity,-Infinity,-Infinity,-Infinity,-Infinity,-Infinity,-Infinity,-Infinity,-Infinity,-Infinity,-Infinity,-Infinity,-Infinity,-Infinity,-Infinity,-Infinity,-Infinity,-Infinity,-Infinity,-Infinity,-Infinity,-Infinity,-Infinity,-Infinity,-Infinity,-Infinity,-Infinity,-Infinity,-Infinity,-Infinity,-Infinity,-Infinity,-Infinity,-Infinity,-Infinity,-Infinity,-Infinity,-Infinity,-Infinity,-Infinity,-Infinity,-Infinity,-Infinity,-Infinity,-Infinity,-Infinity,-Infinity,-Infinity,-Infinity,-Infinity,-Infinity,-Infinity,-Infinity,-Infinity,-Infinity,-Infinity,-Infinity,-Infinity,-Infinity,-Infinity,-Infinity,-Infinity,-Infinity,-Infinity,-Infinity,-Infinity,-Infinity,-Infinity,-Infinity,-Infinity,-Infinity,-Infinity,-Infinity,-Infinity,-Infinity,-Infinity,-Infinity,-Infinity,-Infinity,-Infinity,-Infinity,-Infinity,-Infinity,-Infinity,-Infinity,-Infinity,-Infinity,-Infinity,-Infinity,-Infinity,-Infinity,-Infinity,-Infinity,-Infinity,-Infinity,-Infinity,-Infinity,-Infinity,-Infinity,-Infinity,-Infinity,-Infinity,-Infinity,-Infinity,-Infinity,-Infinity,-Infinity,-Infinity,-Infinity,-Infinity,-Infinity,-Infinity,-Infinity,-Infinity,-Infinity,-Infinity,-Infinity
"S421",-Infinity,-Infinity,-Infinity,-Infinity,-Infinity,-Infinity,-Infinity,-Infinity,-Infinity,-Infinity,-Infinity,-Infinity,-Infinity,-Infinity,-Infinity,-Infinity,-Infinity,-Infinity,-Infinity,-Infinity,-Infinity,-Infinity,-Infinity,-Infinity,-Infinity,-Infinity,-Infinity,-Infinity,-Infinity,-Infinity,-Infinity,-Infinity,-Infinity,-Infinity,-Infinity,-Infinity,-Infinity,-Infinity,-Infinity,-Infinity,-Infinity,-Infinity,-Infinity,-Infinity,-Infinity,-Infinity,-Infinity,-Infinity,-Infinity,-Infinity,-Infinity,-Infinity,-Infinity,-Infinity,-Infinity,-Infinity,-Infinity,-Infinity,-Infinity,-Infinity,-Infinity,-Infinity,-Infinity,-Infinity,-Infinity,-Infinity,-Infinity,-Infinity,-Infinity,-Infinity,-Infinity,-Infinity,-Infinity,-Infinity,-Infinity,-Infinity,-Infinity,-Infinity,-Infinity,-Infinity,-Infinity,-Infinity,-Infinity,-Infinity,-Infinity,-Infinity,-Infinity,-Infinity,-Infinity,-Infinity,-Infinity,-Infinity,-Infinity,-Infinity,-Infinity,-Infinity,-Infinity,-Infinity,-Infinity,-Infinity,-Infinity,-Infinity,-Infinity,-Infinity,-Infinity,-Infinity,-Infinity,-Infinity,-Infinity,-Infinity,-Infinity,-Infinity,-Infinity,-Infinity,-Infinity,-Infinity,-Infinity,-Infinity,-Infinity,-Infinity,-Infinity,-Infinity,-Infinity,-Infinity,-Infinity,-Infinity,-Infinity,-Infinity,-Infinity,-Infinity,-Infinity,-Infinity,-Infinity,-Infinity,-Infinity,-Infinity,-Infinity,-Infinity,-Infinity,-Infinity,-Infinity
"S422",-Infinity,-Infinity,-Infinity,-Infinity,-Infinity,-Infinity,-Infinity,-Infinity,-Infinity,-Infinity,-Infinity,-Infinity,-Infinity,-Infinity,-Infinity,-Infinity,-Infinity,-Infinity,-Infinity,-Infinity,-Infinity,-Infinity,-Infinity,-Infinity,-Infinity,-Infinity,-Infinity,-Infinity,-Infinity,-Infinity,-Infinity,-Infinity,-Infinity,-Infinity,-Infinity,-Infinity,-Infinity,-Infinity,-Infinity,-Infinity,-Infinity,-Infinity,-Infinity,-Infinity,-Infinity,-Infinity,-Infinity,-Infinity,-Infinity,-Infinity,-Infinity,-Infinity,-Infinity,-Infinity,-Infinity,-Infinity,-Infinity,-Infinity,-Infinity,-Infinity,-Infinity,-Infinity,-Infinity,-Infinity,-Infinity,-Infinity,-Infinity,-Infinity,-Infinity,-Infinity,-Infinity,-Infinity,-Infinity,-Infinity,-Infinity,-Infinity,-Infinity,-Infinity,-Infinity,-Infinity,-Infinity,-Infinity,-Infinity,-Infinity,-Infinity,-Infinity,-Infinity,-Infinity,-Infinity,-Infinity,-Infinity,-Infinity,-Infinity,-Infinity,-Infinity,-Infinity,-Infinity,-Infinity,-Infinity,-Infinity,-Infinity,-Infinity,-Infinity,-Infinity,-Infinity,-Infinity,-Infinity,-Infinity,-Infinity,-Infinity,-Infinity,-Infinity,-Infinity,-Infinity,-Infinity,-Infinity,-Infinity,-Infinity,-Infinity,-Infinity,-Infinity,-Infinity,-Infinity,-Infinity,-Infinity,-Infinity,-Infinity,-Infinity,-Infinity,-Infinity,-Infinity,-Infinity,-Infinity,-Infinity,-Infinity,-Infinity,-Infinity,-Infinity,-Infinity,-Infinity,-Infinity
"S423",-Infinity,-Infinity,-Infinity,-Infinity,-Infinity,-Infinity,-Infinity,-Infinity,-Infinity,-Infinity,-Infinity,-Infinity,-Infinity,-Infinity,-Infinity,-Infinity,-Infinity,-Infinity,-Infinity,-Infinity,-Infinity,-Infinity,-Infinity,-Infinity,-Infinity,-Infinity,-Infinity,-Infinity,-Infinity,-Infinity,-Infinity,-Infinity,-Infinity,-Infinity,-Infinity,-Infinity,-Infinity,-Infinity,-Infinity,-Infinity,-Infinity,-Infinity,-Infinity,-Infinity,-Infinity,-Infinity,-Infinity,-Infinity,-Infinity,-Infinity,-Infinity,-Infinity,-Infinity,-Infinity,-Infinity,-Infinity,-Infinity,-Infinity,-Infinity,-Infinity,-Infinity,-Infinity,-Infinity,-Infinity,-Infinity,-Infinity,-Infinity,-Infinity,-Infinity,-Infinity,-Infinity,-Infinity,-Infinity,-Infinity,-Infinity,-Infinity,-Infinity,-Infinity,-Infinity,-Infinity,-Infinity,-Infinity,-Infinity,-Infinity,-Infinity,-Infinity,-Infinity,-Infinity,-Infinity,-Infinity,-Infinity,-Infinity,-Infinity,-Infinity,-Infinity,-Infinity,-Infinity,-Infinity,-Infinity,-Infinity,-Infinity,-Infinity,-Infinity,-Infinity,-Infinity,-Infinity,-Infinity,-Infinity,-Infinity,-Infinity,-Infinity,-Infinity,-Infinity,-Infinity,-Infinity,-Infinity,-Infinity,-Infinity,-Infinity,-Infinity,-Infinity,-Infinity,-Infinity,-Infinity,-Infinity,-Infinity,-Infinity,-Infinity,-Infinity,-Infinity,-Infinity,-Infinity,-Infinity,-Infinity,-Infinity,-Infinity,-Infinity,-Infinity,-Infinity,-Infinity,-Infinity
"S424",-Infinity,-Infinity,-Infinity,-Infinity,-Infinity,-Infinity,-Infinity,-Infinity,-Infinity,-Infinity,-Infinity,-Infinity,-Infinity,-Infinity,-Infinity,-Infinity,-Infinity,-Infinity,-Infinity,-Infinity,-Infinity,-Infinity,-Infinity,-Infinity,-Infinity,-Infinity,-Infinity,-Infinity,-Infinity,-Infinity,-Infinity,-Infinity,-Infinity,-Infinity,-Infinity,-Infinity,-Infinity,-Infinity,-Infinity,-Infinity,-Infinity,-Infinity,-Infinity,-Infinity,-Infinity,-Infinity,-Infinity,-Infinity,-Infinity,-Infinity,-Infinity,-Infinity,-Infinity,-Infinity,-Infinity,-Infinity,-Infinity,-Infinity,-Infinity,-Infinity,-Infinity,-Infinity,-Infinity,-Infinity,-Infinity,-Infinity,-Infinity,-Infinity,-Infinity,-Infinity,-Infinity,-Infinity,-Infinity,-Infinity,-Infinity,-Infinity,-Infinity,-Infinity,-Infinity,-Infinity,-Infinity,-Infinity,-Infinity,-Infinity,-Infinity,-Infinity,-Infinity,-Infinity,-Infinity,-Infinity,-Infinity,-Infinity,-Infinity,-Infinity,-Infinity,-Infinity,-Infinity,-Infinity,-Infinity,-Infinity,-Infinity,-Infinity,-Infinity,-Infinity,-Infinity,-Infinity,-Infinity,-Infinity,-Infinity,-Infinity,-Infinity,-Infinity,-Infinity,-Infinity,-Infinity,-Infinity,-Infinity,-Infinity,-Infinity,-Infinity,-Infinity,-Infinity,-Infinity,-Infinity,-Infinity,-Infinity,-Infinity,-Infinity,-Infinity,-Infinity,-Infinity,-Infinity,-Infinity,-Infinity,-Infinity,-Infinity,-Infinity,-Infinity,-Infinity,-Infinity,-Infinity
"S425",-Infinity,-Infinity,-Infinity,-Infinity,-Infinity,-Infinity,-Infinity,-Infinity,-Infinity,-Infinity,-Infinity,-Infinity,-Infinity,-Infinity,-Infinity,-Infinity,-Infinity,-Infinity,-Infinity,-Infinity,-Infinity,-Infinity,-Infinity,-Infinity,-Infinity,-Infinity,-Infinity,-Infinity,-Infinity,-Infinity,-Infinity,-Infinity,-Infinity,-Infinity,-Infinity,-Infinity,-Infinity,-Infinity,-Infinity,-Infinity,-Infinity,-Infinity,-Infinity,-Infinity,-Infinity,-Infinity,-Infinity,-Infinity,-Infinity,-Infinity,-Infinity,-Infinity,-Infinity,-Infinity,-Infinity,-Infinity,-Infinity,-Infinity,-Infinity,-Infinity,-Infinity,-Infinity,-Infinity,-Infinity,-Infinity,-Infinity,-Infinity,-Infinity,-Infinity,-Infinity,-Infinity,-Infinity,-Infinity,-Infinity,-Infinity,-Infinity,-Infinity,-Infinity,-Infinity,-Infinity,-Infinity,-Infinity,-Infinity,-Infinity,-Infinity,-Infinity,-Infinity,-Infinity,-Infinity,-Infinity,-Infinity,-Infinity,-Infinity,-Infinity,-Infinity,-Infinity,-Infinity,-Infinity,-Infinity,-Infinity,-Infinity,-Infinity,-Infinity,-Infinity,-Infinity,-Infinity,-Infinity,-Infinity,-Infinity,-Infinity,-Infinity,-Infinity,-Infinity,-Infinity,-Infinity,-Infinity,-Infinity,-Infinity,-Infinity,-Infinity,-Infinity,-Infinity,-Infinity,-Infinity,-Infinity,-Infinity,-Infinity,-Infinity,-Infinity,-Infinity,-Infinity,-Infinity,-Infinity,-Infinity,-Infinity,-Infinity,-Infinity,-Infinity,-Infinity,-Infinity,-Infinity
"S426",-36.12200927734375,21.566192626953125,47.230987548828125,39.399444580078125,89.14617919921875,120.959228515625,99.70770263671875,136.78680419921875,119.4395751953125,136.78631591796875,162.57382202148438,160.2386474609375,124.418701171875,163.77880859375,126.01626586914062,124.93496704101562,163.08425903320312,153.07937622070312,156.89468383789062,166.96539306640625,198.48294067382812,202.82278442382812,208.37429809570312,196.06024169921875,214.19058227539062,220.183837890625,231.84124755859375,238.5904541015625,253.9122772216797,224.04086303710938,215.91751098632812,249.1478729248047,256.2183837890625,246.8363037109375,265.8643493652344,259.97900390625,244.26632690429688,253.6288299560547,260.2715148925781,224.03091430664062,214.552001953125,188.32479858398438,124.02410888671875,145.887939453125,88.73269653320312,30.7691650390625,-62.80145263671875,-54.995849609375,-131.1016845703125,-239.1134033203125,-257.61419677734375,-290.94329833984375,-401.6912841796875,-390.81011962890625,-371.06488037109375,-500.596435546875,-406.30523681640625,-478.44769287109375,-468.4766845703125,-467.400390625,-488.59356689453125,-572.7950439453125,-563.4913330078125,-611.205078125,-605.186767578125,-516.5555419921875,-563.484619140625,-669.15185546875,-628.6134033203125,-674.2867431640625,-691.3426513671875,-691.30322265625,-830.18212890625,-814.0074462890625,-798.6068115234375,-874.7371826171875,-867.3760986328125,-814.68896484375,-838.656005859375,-898.7445068359375,-1015.6097412109375,-1039.8206787109375,-997.6552734375,-920.841064453125,-925.3172607421875,-868.7994384765625,-796.3240966796875,-908.182861328125,-794.8441162109375,-774.1656494140625,-746.1014404296875,-768.1356201171875,-729.3868408203125,-712.25390625,-741.112060546875,-736.9569091796875,-768.8486328125,-771.3118896484375,-824.603271484375,-829.5389404296875,-847.1741943359375,-721.875,-726.1470947265625,-696.6690673828125,-715.0223388671875,-746.8262939453125,-788.04345703125,-831.518310546875,-937.0472412109375,-791.133544921875,-753.107666015625,-850.935546875,-780.76611328125,-623.991455078125,-634.84423828125,-600.127197265625,-629.001708984375,-594.4788818359375,-524.9517822265625,-507.33355712890625,-440.02862548828125,-461.2366943359375,-387.02032470703125,-353.09356689453125,-340.35015869140625,-294.2755126953125,-243.4755859375,-287.37445068359375,-267.03118896484375,-266.65087890625,-220.42193603515625,-261.51934814453125,-305.9700927734375,-211.79461669921875,-162.6749267578125,-132.494384765625,-111.4639892578125,-114.99554443359375,-150.646728515625,-124.81475830078125,-112.0579833984375
"S427",62.127593994140625,109.97335815429688,130.73776245117188,124.24569702148438,123.44384765625,176.1373291015625,154.8525390625,193.32632446289062,179.85598754882812,194.78231811523438,198.21484375,209.8966064453125,196.48452758789062,228.62359619140625,198.05206298828125,197.0047607421875,228.49798583984375,220.70718383789062,223.90191650390625,232.28387451171875,257.9011535644531,261.5443878173828,266.1781768798828,256.3854675292969,270.9311981201172,276.03440856933594,285.69349670410156,291.16078186035156,303.71824645996094,279.952392578125,273.720458984375,300.70957946777344,306.50616455078125,299.06103515625,314.67442321777344,310.46629333496094,298.2063446044922,305.7916564941406,311.6775665283203,283.50390625,276.4813232421875,256.3732147216797,206.25225830078125,224.31695556640625,180.3111572265625,135.33993530273438,62.867889404296875,69.66552734375,11.106597900390625,-73.58990478515625,-136.59564208984375,-129.27880859375,-271.91168212890625,-298.12530517578125,-322.10174560546875,-428.31341552734375,-340.02081298828125,-289.11181640625,-251.98968505859375,-250.276123046875,-266.9619140625,-332.85552978515625,-325.1304931640625,-422.43756103515625,-415.85052490234375,-347.9375,-404.33612060546875,-409.45587158203125,-377.62982177734375,-414.10546875,-429.20709228515625,-430.405517578125,-541.1412353515625,-530.1978759765625,-518.2081298828125,-586.1357421875,-579.901123046875,-560.7181396484375,-661.51025390625,-726.4407958984375,-698.8189697265625,-731.0162353515625,-686.276123046875,-626.35986328125,-631.2867431640625,-587.2491455078125,-530.9295654296875,-620.473388671875,-530.6116943359375,-515.6141967773438,-494.3154296875,-513.8172607421875,-483.338134765625,-471.04180908203125,-495.087646484375,-492.8751220703125,-520.9210205078125,-524.2044677734375,-568.901611328125,-574.2884521484375,-590.244384765625,-488.12713623046875,-493.43896484375,-469.7611083984375,-486.38214111328125,-513.3263549804688,-547.523193359375,-583.2156982421875,-671.208984375,-552.8896484375,-522.0588989257812,-602.7027587890625,-546.662109375,-417.7662353515625,-427.3963623046875,-400.122802734375,-425.3865966796875,-397.664306640625,-341.2967529296875,-326.35528564453125,-272.2906494140625,-290.14404296875,-230.69427490234375,-203.14459228515625,-192.2935791015625,-154.35223388671875,-112.80078125,-149.53924560546875,-132.31414794921875,-131.56787109375,-93.25262451171875,-126.91900634765625,-163.13653564453125,-85.09527587890625,-43.96075439453125,-18.5472412109375,-1.16876220703125,-3.659759521484375,-32.86260986328125,-11.28387451171875,-0.94671630859375
"S428",66.97650146484375,-19.47314453125,40.8421630859375,38.679229736328125,70.818115234375,154.15744018554688,154.8525390625,193.32632446289062,179.85598754882812,194.78231811523438,198.21484375,207.95986938476562,155.852783203125,228.62359619140625,198.05206298828125,197.0047607421875,228.49798583984375,220.70718383789062,205.86795043945312,232.28387451171875,201.9625244140625,221.5880126953125,249.0984649658203,208.29598999023438,234.8521728515625,250.1294708251953,244.7152099609375,250.12860107421875,303.39100646972656,253.01747131347656,269.77459716796875,286.60870361328125,237.06747436523438,230.66082763671875,267.01776123046875,245.7504119873047,158.01235961914062,96.506591796875,186.42791748046875,155.31039428710938,81.87857055664062,-41.12579345703125,-362.03326416015625,-100.724853515625,-357.762451171875,-547.236328125,-630.6282958984375,-801.0191650390625,-1396.0274658203125,-1390.2857666015625,-1884.9013671875,-1688.201904296875,-2058.50537109375,-1931.435302734375,-1941.87353515625,-2051.72607421875,-2259.4287109375,-1865.23828125,-1782.3310546875,-1693.006103515625,-1507.3468017578125,-1600.995849609375,-1673.0791015625,-1701.581298828125,-1629.92626953125,-1682.5537109375,-1326.9754638671875,-1338.52685546875,-1526.333251953125,-1673.2138671875,-1743.063232421875,-1359.1019287109375,-2200.6962890625,-2303.014892578125,-2069.33740234375,-2657.79296875,-1989.24365234375,-2018.020263671875,-1732.916748046875,-1784.19921875,-1819.93017578125,-2221.982666015625,-1875.904296875,-1741.1826171875,-1681.605224609375,-1930.315673828125,-2005.229736328125,-1943.623046875,-1742.614990234375,-1916.807861328125,-1493.6531982421875,-1575.263427734375,-1953.552734375,-2054.20556640625,-1808.1962890625,-1510.2808837890625,-1817.205322265625,-1691.552001953125,-1862.818115234375,-2275.58056640625,-2037.746826171875,-1933.32666015625,-2176.55517578125,-1812.2294921875,-2188.82763671875,-2542.292236328125,-2529.958740234375,-2272.46337890625,-2304.6181640625,-2321.928466796875,-3307.218017578125,-2604.65869140625,-2838.90673828125,-2183.569091796875,-2316.941162109375,-1817.9345703125,-1651.366943359375,-1807.1572265625,-1451.8743896484375,-1111.8819580078125,-796.618896484375,-1074.8209228515625,-696.658935546875,-908.0035400390625,-796.3001708984375,-369.8240966796875,-325.71856689453125,-489.6728515625,-708.4375,-371.5606689453125,-213.42926025390625,-342.416748046875,-450.17059326171875,-343.21881103515625,-160.67462158203125,-104.9317626953125,-75.55670166015625,-88.09716796875,-99.820556640625,-182.00543212890625,-225.32098388671875
"S429",95.86868286132812,114.55337524414062,157.842529296875,123.15634155273438,156.81988525390625,176.1373291015625,154.8525390625,193.32632446289062,179.85598754882812,194.78231811523438,199.19845581054688,189.25918579101562,169.6090087890625,214.37692260742188,107.138427734375,192.17608642578125,240.29110717773438,160.4859619140625,234.19699096679688,197.53326416015625,219.73846435546875,244.03880310058594,217.53463745117188,195.94210815429688,223.28759765625,255.4602508544922,272.0184020996094,298.8489990234375,314.6699676513672,166.17584228515625,241.60784912109375,328.2341003417969,330.79345703125,334.2763977050781,332.9202423095703,330.33689880371094,319.95977783203125,320.93052673339844,311.6775665283203,289.7919158935547,280.2872314453125,273.892578125,241.5040283203125,224.31695556640625,186.65548706054688,137.95510864257812,97.77041625976562,46.6339111328125,-122.2685546875,-142.407958984375,-240.41864013671875,-395.97344970703125,-440.00958251953125,-543.4044189453125,-794.0303955078125,-865.3651123046875,-873.337890625,-786.5418701171875,-955.264404296875,-795.8800048828125,-840.1798095703125,-903.4521484375,-916.93505859375,-1305.71044921875,-1049.010498046875,-957.6781005859375,-930.8634033203125,-871.72021484375,-947.26904296875,-1216.811279296875,-1070.1690673828125,-1002.787841796875,-1145.9573974609375,-1124.35302734375,-1012.17333984375,-1145.525390625,-1062.546630859375,-1055.764404296875,-949.1939697265625,-915.5343017578125,-1089.836669921875,-945.1800537109375,-1141.0234375,-1119.1529541015625,-1102.2520751953125,-1271.24658203125,-1069.3724365234375,-1242.377685546875,-1050.527099609375,-1218.6243896484375,-1018.6361083984375,-1342.2529296875,-1031.85791015625,-999.0390625,-1049.6964111328125,-999.905517578125,-1142.6033935546875,-1001.7686767578125,-1590.363037109375,-1136.276123046875,-1379.87255859375,-1064.58740234375,-1153.56396484375,-1025.325439453125,-1014.724853515625,-1076.7852783203125,-1144.6854248046875,-1053.6044921875,-972.7156982421875,-899.208740234375,-947.647216796875,-872.0262451171875,-935.947509765625,-710.7318115234375,-701.718994140625,-783.4266357421875,-706.5042724609375,-451.0601806640625,-375.97705078125,-517.3038940429688,-607.1533203125,-560.489013671875,-341.50384521484375,-257.71160888671875,-250.6790771484375,-150.18426513671875,-107.66839599609375,-190.53338623046875,-122.044677734375,-90.2183837890625,-67.3846435546875,-15.25152587890625,-188.03399658203125,3.9256591796875,27.31878662109375,50.376129150390625,63.2115478515625,38.91851806640625,35.587738037109375,38.860565185546875,92.20761108398438
"S430",112.36386108398438,136.60800170898438,163.99136352539062,159.77316284179688,155.34805297851562,194.53622436523438,174.27139282226562,195.7789306640625,197.5928955078125,218.48760986328125,237.97634887695312,246.58251953125,251.5880584716797,254.16493225097656,247.6831512451172,267.71482849121094,282.1248779296875,272.81101989746094,282.144775390625,272.42449951171875,288.57984924316406,297.3388977050781,300.9357452392578,293.7327423095703,304.83807373046875,320.46507263183594,322.910888671875,314.7098846435547,324.94427490234375,328.60797119140625,317.0787811279297,332.9602813720703,338.3768005371094,338.1643524169922,335.87413024902344,330.33689880371094,319.95977783203125,320.93052673339844,305.26063537597656,289.7919158935547,282.1984100341797,275.7336883544922,257.41380310058594,240.50558471679688,205.6177978515625,137.95510864257812,97.77041625976562,86.96380615234375,-25.4921875,-48.55804443359375,-94.78558349609375,-189.30670166015625,-211.15191650390625,-381.12274169921875,-538.2799072265625,-670.6572265625,-582.0953369140625,-591.7542724609375,-593.146728515625,-570.739501953125,-678.6131591796875,-668.2781982421875,-594.8197021484375,-716.47802734375,-698.0606689453125,-722.966064453125,-704.3079833984375,-686.72412109375,-592.9091796875,-647.7900390625,-918.9378662109375,-689.2916259765625,-769.691650390625,-728.145751953125,-674.623779296875,-741.9072265625,-887.766357421875,-914.6910400390625,-735.4608154296875,-689.8074951171875,-673.6495361328125,-612.5904541015625,-741.4703369140625,-854.4132080078125,-893.8885498046875,-882.247314453125,-933.742431640625,-1029.9361572265625,-958.107421875,-853.2998046875,-796.9686279296875,-767.716796875,-749.062255859375,-665.290771484375,-708.1470947265625,-790.8907470703125,-729.56298828125,-756.5498046875,-830.3621826171875,-728.2010498046875,-762.9649658203125,-788.6004638671875,-756.8441162109375,-668.718994140625,-702.5501708984375,-685.734375,-713.098876953125,-627.8140869140625,-640.2247314453125,-515.6862182617188,-511.813232421875,-577.9244384765625,-451.74481201171875,-337.6025390625,-443.031982421875,-369.873779296875,-185.987548828125,-187.23388671875,-106.7286376953125,-62.0819091796875,-149.57666015625,-101.68304443359375,-95.93609619140625,-123.2410888671875,-73.32366943359375,-21.5506591796875,15.883087158203125,32.831298828125,-2.430023193359375,-41.55828857421875,-14.32537841796875,26.543731689453125,51.688690185546875,46.3798828125,60.933868408203125,85.892578125,120.85879516601562,91.82040405273438,75.08175659179688,54.145660400390625,114.1929931640625
"S431",112.36386108398438,136.60800170898438,163.99136352539062,159.77316284179688,155.34805297851562,194.53622436523438,174.27139282226562,195.7789306640625,197.5928955078125,218.48760986328125,237.97634887695312,246.58251953125,251.5880584716797,254.16493225097656,247.6831512451172,267.71482849121094,282.1248779296875,272.81101989746094,282.144775390625,272.42449951171875,288.57984924316406,297.3388977050781,300.9357452392578,293.7327423095703,304.83807373046875,320.46507263183594,322.910888671875,314.7098846435547,324.94427490234375,328.60797119140625,317.0787811279297,332.9602813720703,338.3768005371094,338.1643524169922,335.87413024902344,330.33689880371094,319.95977783203125,320.93052673339844,305.26063537597656,289.7919158935547,282.1984100341797,275.7336883544922,257.41380310058594,240.50558471679688,205.6177978515625,137.95510864257812,97.77041625976562,86.96380615234375,-25.4921875,-48.55804443359375,-94.78558349609375,-189.30670166015625,-211.15191650390625,-381.12274169921875,-440.766845703125,-557.5087890625,-459.8299560546875,-453.1302490234375,-429.36456298828125,-447.67742919921875,-498.2237548828125,-630.611572265625,-535.68603515625,-602.6124267578125,-577.890625,-486.21148681640625,-410.7303466796875,-442.97833251953125,-389.43951416015625,-435.72308349609375,-758.179931640625,-626.339111328125,-710.02880859375,-553.5343017578125,-443.46673583984375,-506.508056640625,-535.6776123046875,-620.449462890625,-626.1474609375,-565.2330322265625,-551.71142578125,-512.3651123046875,-513.6275634765625,-557.3768310546875,-669.994140625,-664.6436767578125,-693.5426025390625,-694.4891357421875,-642.3927001953125,-611.17431640625,-510.42169189453125,-554.42041015625,-523.5109252929688,-419.1475830078125,-461.7445068359375,-411.4798583984375,-432.330322265625,-445.5723876953125,-410.251220703125,-373.0401611328125,-380.103759765625,-366.31280517578125,-370.20648193359375,-348.39459228515625,-338.7470703125,-326.67242431640625,-366.942626953125,-315.62200927734375,-265.03717041015625,-206.10711669921875,-253.62054443359375,-323.83642578125,-316.39849853515625,-170.54034423828125,-217.372802734375,-172.5789794921875,-81.7308349609375,-40.345947265625,-6.7452392578125,-62.0819091796875,-144.7274169921875,-101.68304443359375,-95.93609619140625,-123.2410888671875,-73.32366943359375,-21.5506591796875,15.883087158203125,32.831298828125,-2.430023193359375,-41.55828857421875,-14.32537841796875,26.543731689453125,51.688690185546875,46.3798828125,60.933868408203125,85.892578125,120.85879516601562,91.82040405273438,75.08175659179688,54.145660400390625,114.1929931640625
"S432",112.36386108398438,136.60800170898438,163.99136352539062,159.77316284179688,155.34805297851562,194.53622436523438,174.27139282226562,195.7789306640625,197.5928955078125,218.48760986328125,237.97634887695312,246.58251953125,251.5880584716797,254.16493225097656,247.6831512451172,267.71482849121094,282.1248779296875,272.81101989746094,282.144775390625,272.42449951171875,288.57984924316406,297.3388977050781,300.9357452392578,293.7327423095703,304.83807373046875,320.46507263183594,322.910888671875,314.7098846435547,324.94427490234375,328.60797119140625,317.0787811279297,327.78993225097656,325.9645538330078,338.1643524169922,335.87413024902344,328.2802429199219,318.04840087890625,318.8368225097656,296.5522918701172,288.47406005859375,282.1984100341797,275.7336883544922,257.41380310058594,240.50558471679688,205.6177978515625,136.2247314453125,92.15908813476562,86.96380615234375,-25.4921875,-48.55804443359375,-94.78558349609375,-189.30670166015625,-211.15191650390625,-384.20989990234375,-440.766845703125,-557.5087890625,-459.8299560546875,-453.1302490234375,-429.36456298828125,-447.67742919921875,-498.2237548828125,-692.919677734375,-551.2650146484375,-602.6124267578125,-604.9927978515625,-486.21148681640625,-453.7740478515625,-548.2874755859375,-459.06964111328125,-439.30828857421875,-768.8779296875,-626.339111328125,-710.02880859375,-553.5343017578125,-443.46673583984375,-506.508056640625,-535.6776123046875,-620.449462890625,-700.9539794921875,-577.7003173828125,-572.22998046875,-657.5377197265625,-699.4324951171875,-693.1199951171875,-669.994140625,-664.6436767578125,-838.4764404296875,-694.4891357421875,-642.3927001953125,-611.17431640625,-510.42169189453125,-554.42041015625,-563.69091796875,-448.19732666015625,-461.7445068359375,-419.70062255859375,-477.2080078125,-503.3199462890625,-450.55938720703125,-464.0458984375,-442.36676025390625,-444.301025390625,-402.55133056640625,-354.22137451171875,-338.7470703125,-354.5418701171875,-366.942626953125,-315.62200927734375,-274.57318115234375,-257.841064453125,-253.62054443359375,-323.83642578125,-316.39849853515625,-170.54034423828125,-217.372802734375,-172.5789794921875,-81.7308349609375,-40.345947265625,-6.7452392578125,-62.0819091796875,-144.81512451171875,-101.68304443359375,-95.93609619140625,-123.2410888671875,-73.32366943359375,-21.5506591796875,15.883087158203125,32.831298828125,-2.430023193359375,-41.55828857421875,-14.32537841796875,26.543731689453125,51.688690185546875,46.3798828125,60.933868408203125,85.892578125,120.85879516601562,91.82040405273438,75.08175659179688,54.145660400390625,114.1929931640625
"S433",-13.49322509765625,18.505462646484375,53.857025146484375,61.588226318359375,52.24664306640625,94.053466796875,66.88998413085938,104.57489013671875,142.69134521484375,170.43771362304688,199.19845581054688,194.96939086914062,203.085693359375,191.17764282226562,170.60546875,210.91250610351562,219.1474609375,240.04678344726562,236.78765869140625,212.09732055664062,233.10430908203125,245.60946655273438,255.41444396972656,270.944580078125,260.58026123046875,266.38844299316406,277.835693359375,254.77793884277344,270.5130615234375,272.05860900878906,250.69586181640625,244.391357421875,224.87744140625,278.2747497558594,274.87632751464844,264.31517028808594,249.94178771972656,250.55348205566406,218.22796630859375,208.32254028320312,199.46292114257812,190.0543212890625,164.531005859375,141.29110717773438,92.49603271484375,-3.57257080078125,-64.57403564453125,-97.74957275390625,-199.383544921875,-260.36566162109375,-293.404052734375,-430.0283203125,-459.47412109375,-678.8919677734375,-726.365966796875,-811.0833740234375,-845.2320556640625,-878.620361328125,-851.2796630859375,-885.895263671875,-876.2623291015625,-923.8624267578125,-958.0516357421875,-1037.4383544921875,-967.615478515625,-913.57861328125,-1079.6495361328125,-1077.3111572265625,-1096.09326171875,-1178.7403564453125,-992.221435546875,-1108.39404296875,-1011.7940673828125,-1085.3369140625,-1044.3621826171875,-1272.50634765625,-1311.5474853515625,-1212.6622314453125,-1404.260498046875,-1195.343994140625,-1170.6474609375,-1225.3583984375,-1287.232177734375,-1116.680419921875,-1174.400390625,-1136.5233154296875,-1223.7890625,-1015.0052490234375,-1112.7728271484375,-1001.4925537109375,-956.5408935546875,-1323.7496337890625,-1122.8353271484375,-1089.6490478515625,-1115.1893310546875,-1247.7288818359375,-1176.2357177734375,-1136.134033203125,-1052.8621826171875,-975.810791015625,-1025.2802734375,-1083.99658203125,-876.301025390625,-911.226318359375,-873.3818359375,-905.9287109375,-868.41796875,-899.448486328125,-821.4791259765625,-833.5767822265625,-699.3438720703125,-717.3575439453125,-604.6160888671875,-668.3837890625,-548.1103515625,-482.70489501953125,-431.47869873046875,-401.77142333984375,-312.7869873046875,-346.48876953125,-351.10638427734375,-286.6243896484375,-278.60797119140625,-312.900634765625,-249.29876708984375,-180.90594482421875,-138.90679931640625,-111.1539306640625,-156.72308349609375,-208.63848876953125,-164.9678955078125,-119.88311767578125,-103.91925048828125,-150.9620361328125,-76.88812255859375,-77.348388671875,-104.16375732421875,-43.0921630859375,-148.24932861328125,-231.680908203125,-125.6015625
"S434",-45.50341796875,12.016204833984375,40.501739501953125,61.588226318359375,52.24664306640625,64.76934814453125,62.728729248046875,104.57489013671875,142.69134521484375,170.43771362304688,199.19845581054688,194.96939086914062,203.085693359375,191.17764282226562,170.60546875,210.91250610351562,219.1474609375,209.9173583984375,152.869873046875,212.09732055664062,233.10430908203125,235.2484130859375,248.16744995117188,270.944580078125,235.73464965820312,221.54116821289062,238.8939208984375,254.02899169921875,262.7916259765625,245.6814422607422,157.59228515625,67.54925537109375,41.046844482421875,161.37677001953125,179.2191162109375,206.58743286132812,54.4063720703125,133.276611328125,-38.42315673828125,-41.1590576171875,-44.87396240234375,-77.14501953125,-60.95703125,-71.43377685546875,-120.36077880859375,-257.30706787109375,-407.357177734375,-687.7515869140625,-779.783447265625,-817.2474365234375,-1040.7723388671875,-1374.396728515625,-1347.6402587890625,-1441.164794921875,-1649.06787109375,-1733.36474609375,-1547.5784912109375,-1562.248291015625,-1868.431884765625,-1810.384033203125,-1985.597412109375,-1911.3388671875,-1870.333251953125,-1975.149169921875,-2133.85009765625,-2005.94970703125,-2308.661865234375,-2314.92919921875,-2387.588623046875,-2023.025634765625,-1978.5361328125,-2075.383544921875,-1933.997314453125,-2225.729736328125,-1899.45361328125,-2219.46826171875,-2122.86962890625,-2155.624755859375,-2505.92138671875,-2488.3349609375,-2505.215087890625,-2221.255615234375,-2592.55615234375,-2281.93212890625,-2234.87158203125,-2175.08984375,-2262.12451171875,-2076.337890625,-2224.809814453125,-2073.07568359375,-2202.116455078125,-2363.037353515625,-2035.593994140625,-2083.64501953125,-2083.64111328125,-2303.466552734375,-2229.31982421875,-2055.431640625,-1962.22705078125,-1990.181396484375,-2188.482666015625,-2131.112060546875,-2059.37744140625,-2148.183837890625,-1952.5771484375,-1906.814453125,-1983.523193359375,-2111.507080078125,-2027.37451171875,-2176.141845703125,-1786.372314453125,-1255.1895751953125,-1415.709228515625,-1638.147705078125,-1431.7957763671875,-1205.88037109375,-1213.2113037109375,-1077.666259765625,-984.140380859375,-997.2467041015625,-782.4759521484375,-706.8408203125,-610.6787109375,-480.68829345703125,-554.4210205078125,-421.0660400390625,-344.5877685546875,-423.5728759765625,-468.17108154296875,-350.8328857421875,-381.15325927734375,-283.1485595703125,-251.35882568359375,-272.63287353515625,-249.81549072265625,-225.3946533203125,-290.135986328125,-101.95941162109375,-111.451171875,-187.51519775390625,-221.38140869140625
"S435",-Infinity,-Infinity,-Infinity,-Infinity,-Infinity,-Infinity,-Infinity,-Infinity,-Infinity,-Infinity,-Infinity,-Infinity,-Infinity,-Infinity,-Infinity,-Infinity,-Infinity,-Infinity,-Infinity,-Infinity,-Infinity,-Infinity,-Infinity,-Infinity,-Infinity,-Infinity,-Infinity,-Infinity,-Infinity,-Infinity,-Infinity,-Infinity,-Infinity,-Infinity,-Infinity,-Infinity,-Infinity,-Infinity,-Infinity,-Infinity,-Infinity,-Infinity,-Infinity,-Infinity,-Infinity,-Infinity,-Infinity,-Infinity,-Infinity,-Infinity,-Infinity,-Infinity,-Infinity,-Infinity,-Infinity,-Infinity,-Infinity,-Infinity,-Infinity,-Infinity,-Infinity,-Infinity,-Infinity,-Infinity,-Infinity,-Infinity,-Infinity,-Infinity,-Infinity,-Infinity,-Infinity,-Infinity,-Infinity,-Infinity,-Infinity,-Infinity,-Infinity,-Infinity,-Infinity,-Infinity,-Infinity,-Infinity,-Infinity,-Infinity,-Infinity,-Infinity,-Infinity,-Infinity,-Infinity,-Infinity,-Infinity,-Infinity,-Infinity,-Infinity,-Infinity,-Infinity,-Infinity,-Infinity,-Infinity,-Infinity,-Infinity,-Infinity,-Infinity,-Infinity,-Infinity,-Infinity,-Infinity,-Infinity,-Infinity,-Infinity,-Infinity,-Infinity,-Infinity,-Infinity,-Infinity,-Infinity,-Infinity,-Infinity,-Infinity,-Infinity,-Infinity,-Infinity,-Infinity,-Infinity,-Infinity,-Infinity,-Infinity,-Infinity,-Infinity,-Infinity,-Infinity,-Infinity,-Infinity,-Infinity,-Infinity,-Infinity,-Infinity,-Infinity,-Infinity,-Infinity,-Infinity
"S436",-Infinity,-Infinity,-Infinity,-Infinity,-Infinity,-Infinity,-Infinity,-Infinity,-Infinity,-Infinity,-Infinity,-Infinity,-Infinity,-Infinity,-Infinity,-Infinity,-Infinity,-Infinity,-Infinity,-Infinity,-Infinity,-Infinity,-Infinity,-Infinity,-Infinity,-Infinity,-Infinity,-Infinity,-Infinity,-Infinity,-Infinity,-Infinity,-Infinity,-Infinity,-Infinity,-Infinity,-Infinity,-Infinity,-Infinity,-Infinity,-Infinity,-Infinity,-Infinity,-Infinity,-Infinity,-Infinity,-Infinity,-Infinity,-Infinity,-Infinity,-Infinity,-Infinity,-Infinity,-Infinity,-Infinity,-Infinity,-Infinity,-Infinity,-Infinity,-Infinity,-Infinity,-Infinity,-Infinity,-Infinity,-Infinity,-Infinity,-Infinity,-Infinity,-Infinity,-Infinity,-Infinity,-Infinity,-Infinity,-Infinity,-Infinity,-Infinity,-Infinity,-Infinity,-Infinity,-Infinity,-Infinity,-Infinity,-Infinity,-Infinity,-Infinity,-Infinity,-Infinity,-Infinity,-Infinity,-Infinity,-Infinity,-Infinity,-Infinity,-Infinity,-Infinity,-Infinity,-Infinity,-Infinity,-Infinity,-Infinity,-Infinity,-Infinity,-Infinity,-Infinity,-Infinity,-Infinity,-Infinity,-Infinity,-Infinity,-Infinity,-Infinity,-Infinity,-Infinity,-Infinity,-Infinity,-Infinity,-Infinity,-Infinity,-Infinity,-Infinity,-Infinity,-Infinity,-Infinity,-Infinity,-Infinity,-Infinity,-Infinity,-Infinity,-Infinity,-Infinity,-Infinity,-Infinity,-Infinity,-Infinity,-Infinity,-Infinity,-Infinity,-Infinity,-Infinity,-Infinity,-Infinity
"S437",-Infinity,-Infinity,-Infinity,-Infinity,-Infinity,-Infinity,-Infinity,-Infinity,-Infinity,-Infinity,-Infinity,-Infinity,-Infinity,-Infinity,-Infinity,-Infinity,-Infinity,-Infinity,-Infinity,-Infinity,-Infinity,-Infinity,-Infinity,-Infinity,-Infinity,-Infinity,-Infinity,-Infinity,-Infinity,-Infinity,-Infinity,-Infinity,-Infinity,-Infinity,-Infinity,-Infinity,-Infinity,-Infinity,-Infinity,-Infinity,-Infinity,-Infinity,-Infinity,-Infinity,-Infinity,-Infinity,-Infinity,-Infinity,-Infinity,-Infinity,-Infinity,-Infinity,-Infinity,-Infinity,-Infinity,-Infinity,-Infinity,-Infinity,-Infinity,-Infinity,-Infinity,-Infinity,-Infinity,-Infinity,-Infinity,-Infinity,-Infinity,-Infinity,-Infinity,-Infinity,-Infinity,-Infinity,-Infinity,-Infinity,-Infinity,-Infinity,-Infinity,-Infinity,-Infinity,-Infinity,-Infinity,-Infinity,-Infinity,-Infinity,-Infinity,-Infinity,-Infinity,-Infinity,-Infinity,-Infinity,-Infinity,-Infinity,-Infinity,-Infinity,-Infinity,-Infinity,-Infinity,-Infinity,-Infinity,-Infinity,-Infinity,-Infinity,-Infinity,-Infinity,-Infinity,-Infinity,-Infinity,-Infinity,-Infinity,-Infinity,-Infinity,-Infinity,-Infinity,-Infinity,-Infinity,-Infinity,-Infinity,-Infinity,-Infinity,-Infinity,-Infinity,-Infinity,-Infinity,-Infinity,-Infinity,-Infinity,-Infinity,-Infinity,-Infinity,-Infinity,-Infinity,-Infinity,-Infinity,-Infinity,-Infinity,-Infinity,-Infinity,-Infinity,-Infinity,-Infinity,-Infinity
"S438",-Infinity,-Infinity,-Infinity,-Infinity,-Infinity,-Infinity,-Infinity,-Infinity,-Infinity,-Infinity,-Infinity,-Infinity,-Infinity,-Infinity,-Infinity,-Infinity,-Infinity,-Infinity,-Infinity,-Infinity,-Infinity,-Infinity,-Infinity,-Infinity,-Infinity,-Infinity,-Infinity,-Infinity,-Infinity,-Infinity,-Infinity,-Infinity,-Infinity,-Infinity,-Infinity,-Infinity,-Infinity,-Infinity,-Infinity,-Infinity,-Infinity,-Infinity,-Infinity,-Infinity,-Infinity,-Infinity,-Infinity,-Infinity,-Infinity,-Infinity,-Infinity,-Infinity,-Infinity,-Infinity,-Infinity,-Infinity,-Infinity,-Infinity,-Infinity,-Infinity,-Infinity,-Infinity,-Infinity,-Infinity,-Infinity,-Infinity,-Infinity,-Infinity,-Infinity,-Infinity,-Infinity,-Infinity,-Infinity,-Infinity,-Infinity,-Infinity,-Infinity,-Infinity,-Infinity,-Infinity,-Infinity,-Infinity,-Infinity,-Infinity,-Infinity,-Infinity,-Infinity,-Infinity,-Infinity,-Infinity,-Infinity,-Infinity,-Infinity,-Infinity,-Infinity,-Infinity,-Infinity,-Infinity,-Infinity,-Infinity,-Infinity,-Infinity,-Infinity,-Infinity,-Infinity,-Infinity,-Infinity,-Infinity,-Infinity,-Infinity,-Infinity,-Infinity,-Infinity,-Infinity,-Infinity,-Infinity,-Infinity,-Infinity,-Infinity,-Infinity,-Infinity,-Infinity,-Infinity,-Infinity,-Infinity,-Infinity,-Infinity,-Infinity,-Infinity,-Infinity,-Infinity,-Infinity,-Infinity,-Infinity,-Infinity,-Infinity,-Infinity,-Infinity,-Infinity,-Infinity,-Infinity
"S439",-Infinity,-Infinity,-Infinity,-Infinity,-Infinity,-Infinity,-Infinity,-Infinity,-Infinity,-Infinity,-Infinity,-Infinity,-Infinity,-Infinity,-Infinity,-Infinity,-Infinity,-Infinity,-Infinity,-Infinity,-Infinity,-Infinity,-Infinity,-Infinity,-Infinity,-Infinity,-Infinity,-Infinity,-Infinity,-Infinity,-Infinity,-Infinity,-Infinity,-Infinity,-Infinity,-Infinity,-Infinity,-Infinity,-Infinity,-Infinity,-Infinity,-Infinity,-Infinity,-Infinity,-Infinity,-Infinity,-Infinity,-Infinity,-Infinity,-Infinity,-Infinity,-Infinity,-Infinity,-Infinity,-Infinity,-Infinity,-Infinity,-Infinity,-Infinity,-Infinity,-Infinity,-Infinity,-Infinity,-Infinity,-Infinity,-Infinity,-Infinity,-Infinity,-Infinity,-Infinity,-Infinity,-Infinity,-Infinity,-Infinity,-Infinity,-Infinity,-Infinity,-Infinity,-Infinity,-Infinity,-Infinity,-Infinity,-Infinity,-Infinity,-Infinity,-Infinity,-Infinity,-Infinity,-Infinity,-Infinity,-Infinity,-Infinity,-Infinity,-Infinity,-Infinity,-Infinity,-Infinity,-Infinity,-Infinity,-Infinity,-Infinity,-Infinity,-Infinity,-Infinity,-Infinity,-Infinity,-Infinity,-Infinity,-Infinity,-Infinity,-Infinity,-Infinity,-Infinity,-Infinity,-Infinity,-Infinity,-Infinity,-Infinity,-Infinity,-Infinity,-Infinity,-Infinity,-Infinity,-Infinity,-Infinity,-Infinity,-Infinity,-Infinity,-Infinity,-Infinity,-Infinity,-Infinity,-Infinity,-Infinity,-Infinity,-Infinity,-Infinity,-Infinity,-Infinity,-Infinity,-Infinity
"S440",-Infinity,-Infinity,-Infinity,-Infinity,-Infinity,-Infinity,-Infinity,-Infinity,-Infinity,-Infinity,-Infinity,-Infinity,-Infinity,-Infinity,-Infinity,-Infinity,-Infinity,-Infinity,-Infinity,-Infinity,-Infinity,-Infinity,-Infinity,-Infinity,-Infinity,-Infinity,-Infinity,-Infinity,-Infinity,-Infinity,-Infinity,-Infinity,-Infinity,-Infinity,-Infinity,-Infinity,-Infinity,-Infinity,-Infinity,-Infinity,-Infinity,-Infinity,-Infinity,-Infinity,-Infinity,-Infinity,-Infinity,-Infinity,-Infinity,-Infinity,-Infinity,-Infinity,-Infinity,-Infinity,-Infinity,-Infinity,-Infinity,-Infinity,-Infinity,-Infinity,-Infinity,-Infinity,-Infinity,-Infinity,-Infinity,-Infinity,-Infinity,-Infinity,-Infinity,-Infinity,-Infinity,-Infinity,-Infinity,-Infinity,-Infinity,-Infinity,-Infinity,-Infinity,-Infinity,-Infinity,-Infinity,-Infinity,-Infinity,-Infinity,-Infinity,-Infinity,-Infinity,-Infinity,-Infinity,-Infinity,-Infinity,-Infinity,-Infinity,-Infinity,-Infinity,-Infinity,-Infinity,-Infinity,-Infinity,-Infinity,-Infinity,-Infinity,-Infinity,-Infinity,-Infinity,-Infinity,-Infinity,-Infinity,-Infinity,-Infinity,-Infinity,-Infinity,-Infinity,-Infinity,-Infinity,-Infinity,-Infinity,-Infinity,-Infinity,-Infinity,-Infinity,-Infinity,-Infinity,-Infinity,-Infinity,-Infinity,-Infinity,-Infinity,-Infinity,-Infinity,-Infinity,-Infinity,-Infinity,-Infinity,-Infinity,-Infinity,-Infinity,-Infinity,-Infinity,-Infinity,-Infinity
