2013-11-11 00:30:00,2013-11-11 00:40:00,2013-11-11 00:50:00,2013-11-11 01:00:00,2013-11-11 01:10:00,2013-11-11 01:20:00,2013-11-11 01:30:00,2013-11-11 01:40:00,2013-11-11 01:50:00,2013-11-11 02:00:00,2013-11-11 02:10:00,2013-11-11 02:20:00,2013-11-11 02:30:00,2013-11-11 02:40:00,2013-11-11 02:50:00,2013-11-11 03:00:00,2013-11-11 03:10:00,2013-11-11 03:20:00,2013-11-11 03:30:00,2013-11-11 03:40:00,2013-11-11 03:50:00,2013-11-11 04:00:00,2013-11-11 04:10:00,2013-11-11 04:20:00,2013-11-11 04:30:00,2013-11-11 04:40:00,2013-11-11 04:50:00,2013-11-11 05:00:00,2013-11-11 05:10:00,2013-11-11 05:20:00,2013-11-11 05:30:00,2013-11-11 05:40:00,2013-11-11 05:50:00,2013-11-11 06:00:00,2013-11-11 06:10:00,2013-11-11 06:20:00,2013-11-11 06:30:00,2013-11-11 06:40:00,2013-11-11 06:50:00,2013-11-11 07:00:00,2013-11-11 07:10:00,2013-11-11 07:20:00,2013-11-11 07:30:00,2013-11-11 07:40:00,2013-11-11 07:50:00,2013-11-11 08:00:00,2013-11-11 08:10:00,2013-11-11 08:20:00,2013-11-11 08:30:00,2013-11-11 08:40:00,2013-11-11 08:50:00,2013-11-11 09:00:00,2013-11-11 09:10:00,2013-11-11 09:20:00,2013-11-11 09:30:00,2013-11-11 09:40:00,2013-11-11 09:50:00,2013-11-11 10:00:00,2013-11-11 10:10:00,2013-11-11 10:20:00,2013-11-11 10:30:00,2013-11-11 10:40:00,2013-11-11 10:50:00,2013-11-11 11:00:00,2013-11-11 11:10:00,2013-11-11 11:20:00,2013-11-11 11:30:00,2013-11-11 11:40:00,2013-11-11 11:50:00,2013-11-11 12:00:00,2013-11-11 12:10:00,2013-11-11 12:20:00,2013-11-11 12:30:00,2013-11-11 12:40:00,2013-11-11 12:50:00,2013-11-11 13:00:00,2013-11-11 13:10:00,2013-11-11 13:20:00,2013-11-11 13:30:00,2013-11-11 13:40:00,2013-11-11 13:50:00,2013-11-11 14:00:00,2013-11-11 14:10:00,2013-11-11 14:20:00,2013-11-11 14:30:00,2013-11-11 14:40:00,2013-11-11 14:50:00,2013-11-11 15:00:00,2013-11-11 15:10:00,2013-11-11 15:20:00,2013-11-11 15:30:00,2013-11-11 15:40:00,2013-11-11 15:50:00,2013-11-11 16:00:00,2013-11-11 16:10:00,2013-11-11 16:20:00,2013-11-11 16:30:00,2013-11-11 16:40:00,2013-11-11 16:50:00,2013-11-11 17:00:00,2013-11-11 17:10:00,2013-11-11 17:20:00,2013-11-11 17:30:00,2013-11-11 17:40:00,2013-11-11 17:50:00,2013-11-11 18:00:00,2013-11-11 18:10:00,2013-11-11 18:20:00,2013-11-11 18:30:00,2013-11-11 18:40:00,2013-11-11 18:50:00,2013-11-11 19:00:00,2013-11-11 19:10:00,2013-11-11 19:20:00,2013-11-11 19:30:00,2013-11-11 19:40:00,2013-11-11 19:50:00,2013-11-11 20:00:00,2013-11-11 20:10:00,2013-11-11 20:20:00,2013-11-11 20:30:00,2013-11-11 20:40:00,2013-11-11 20:50:00,2013-11-11 21:00:00,2013-11-11 21:10:00,2013-11-11 21:20:00,2013-11-11 21:30:00,2013-11-11 21:40:00,2013-11-11 21:50:00,2013-11-11 22:00:00,2013-11-11 22:10:00,2013-11-11 22:20:00,2013-11-11 22:30:00,2013-11-11 22:40:00,2013-11-11 22:50:00,2013-11-11 23:00:00,2013-11-11 23:10:00,2013-11-11 23:20:00,2013-11-11 23:30:00,2013-11-11 23:40:00,2013-11-11 23:50:00
77.89322198736421,70.14115141287583,70.39145943964911,65.60408622287234,62.79766071874203,64.73134580753269,64.9747485833879,58.102470936759175,58.20142830919003,52.55848519450568,57.64606657652263,59.18221795019446,51.81838526167782,52.98912009456589,55.49634390776952,49.51740926935777,49.28131660854597,55.85617953887104,63.024653371652334,60.92933907909457,53.9027130426967,50.21773592553505,48.573637418595226,53.09767880986808,49.75365698962682,49.7027207136669,49.85739316626192,50.11828973255791,48.72779556040515,51.42214644488329,46.73281522739104,47.57444826300119,51.60624236790684,50.43593546613697,48.34585228842638,52.21753100017691,49.893510984447225,58.06640884678293,57.478951010523055,62.84057672133779,65.95339225332297,69.6940081557324,73.52376921292993,73.78696780476052,88.71656661188803,100.50522842871656,106.1640676063405,109.72636736962738,122.72575769699998,127.64471059783654,132.7795665906981,164.47112254813337,199.49660402253315,225.27046506044965,240.7244650745939,231.0396512071173,246.49344945609985,249.6215227028242,249.8779961177382,283.10698110532377,276.9909043468307,282.8471583779208,314.61530006033155,363.1915879747016,332.7152462957876,339.33003603020086,334.0305393296236,340.10694493428787,332.898832944074,345.628382736982,337.5966455540834,364.2964722621832,352.1541690832806,365.8552357096159,381.3872543268706,363.8241891465795,351.0250289162808,363.0644712185761,389.2076279932712,369.5171075625822,361.0249800215448,323.1566090819033,346.2861140930892,341.69161508452675,362.99325535583256,328.427468876087,354.69552009834734,372.3839777637679,367.8349472739611,339.45532646452585,344.4920039915956,318.86407056954454,315.74378658569924,352.88580168819334,356.6660196845272,328.4505014884849,330.8786046623483,304.4122772208185,316.5476781741905,312.30568524249003,339.1955367276033,369.9168931211249,351.11919882568344,301.07576633514066,300.89779758105493,288.2652107100856,281.2761287145995,293.6013124923249,280.35059080166747,255.9566653904121,231.56902032020756,213.65121645712,201.39350818463112,195.8243937618153,185.7866105250368,192.47630063485644,170.9307298966125,171.01075028938303,180.797858687539,161.0953498720267,163.073138580036,160.80345787112287,153.98790460465824,129.10611545398098,142.9379125645209,161.71345749608113,118.22223721137937,120.53878708783633,121.90745957786471,119.11275841835484,111.16813846250014,111.60787387322144,111.7021403388928,112.11386396690936,93.83191113125496,115.63786705007986,118.54691152493406,102.31358313200316,99.35662827469837,101.36916175549112,94.74793686474489
43.01181311783891,41.16536765669366,36.41874344935468,34.771198237598874,34.0582705455684,33.41629696879296,38.776877523480735,34.6340269108336,35.37080782941288,33.9986621538592,34.19636445619755,33.55825976195205,31.651693345081508,35.09026991707283,34.724553536605775,33.22656195278279,31.47457169463372,31.585832410159465,34.58065254836834,32.51457645703718,31.06712197872828,30.101524459179444,30.66173786043058,30.27814295167925,29.43394210812283,28.638022330364027,28.96618256242051,30.261873274750688,30.798696289955465,28.744367572946256,29.84981871425695,30.21002188621236,29.949435154605272,33.52322164531248,30.634256864320363,33.71560437321039,34.64851398627339,36.21911046287851,32.7198970225579,35.622511348342144,38.64841611932309,41.13064258603513,44.83389681592344,48.47451269122138,62.56631488152231,67.13617711472341,71.90913747847965,68.26241646750887,79.71377572152767,84.43511363421834,76.6129384497333,109.72421839663356,156.2227860955253,175.08961682206763,212.3396870805098,201.28277391323903,205.8537185907183,208.2118524932511,222.38474339450732,266.0911818205517,269.28978620885056,249.7551639995548,275.0284584417181,383.6952885781224,358.1393886292988,370.3637793228021,348.9095841907824,372.58389095219576,331.5044764957294,364.2580227339768,360.5009243829557,404.3670844960615,400.454792598365,412.2696084063791,426.947198403204,397.1996532692321,391.26825172924407,407.0437742629634,457.3646081338888,436.211936922497,443.9791121276529,393.2437772448084,402.32228729110943,388.064184794728,416.6314950766937,379.76484953520594,397.0782685172662,436.6312109827364,428.3522385102741,394.63268023517736,394.6516855249792,343.0119967113739,341.80507089282906,387.4548362052252,396.6483549531315,375.8276520712069,367.4098083616498,334.4819988967058,332.10346042381644,305.5944783080218,350.5435288013544,360.9164244054066,318.1483334135903,283.1403040564504,285.463035489214,272.7886164491311,242.62197104453728,246.96647630965865,232.685136087658,197.98889551460144,163.59820059650153,141.3895917114449,132.93137106551438,131.7552018241257,125.55752814339176,123.48999293902214,113.47185337053658,106.60882528253924,122.66546800938151,108.83278227671168,104.39637279017246,97.51196832232776,99.0109280722401,88.93460633579204,92.75489277522448,84.22263456821165,75.94880331025837,80.86763186900082,80.14700634989813,71.56480372516961,72.6904865703593,68.36752499862838,77.46079576818634,73.32908018438307,63.37342594530568,91.3127010916904,93.21906341973092,68.11494212503402,60.27973347002125,64.22511191920836,56.2785862368173
60.17149283151032,61.236576049415504,56.5430918542069,54.04598459465216,54.20474726398764,53.938035086757154,55.910769148988805,55.99346915073785,59.54320255031774,59.590824834952215,56.46793181552151,55.598184638130114,49.70498332998304,54.18311266014696,54.35169633503313,54.29315250544983,50.4015218170081,51.22907569169969,53.78638566544485,51.499233660132894,52.63738894334925,48.659729624487326,47.81031615716142,46.3321422219278,43.75957620512331,41.9473946550553,43.05534258001765,43.56045226405226,43.069096511591496,43.02891077630679,42.47455117125134,44.7165992022402,44.27954715427148,44.74438499279849,43.67381304782264,47.27070903124592,47.915653377927086,52.02765921613084,49.82338478988124,52.6513543031136,54.73734061550263,57.66227189272372,63.47272396480125,70.58781200826434,83.85357786076914,98.40978617583242,104.3921077529893,107.04474674166816,123.86129784723651,146.0105485816186,148.57844810912732,163.38484068150234,191.80152761335805,207.63922606556028,229.95782556784917,219.98827361380964,219.21030064941104,230.46006521144707,229.75087479986487,241.20112427097564,251.50504558673663,250.7087382091952,266.44129651343565,349.9396241615466,308.7230209539826,306.72734125766715,287.66938891963207,310.5122889063216,302.9703338528977,328.5753307248781,298.49974977219955,355.6763474126452,333.448651874627,329.4972434684018,325.65971336364134,329.2874137250495,326.9834052932285,329.4001963926318,359.0964966116101,380.1423559140599,382.5529580061942,336.867098904672,323.54859619961485,312.5838695974394,311.566606060532,309.80690348488986,337.70786585702166,382.429758923218,347.8671833191657,332.31545331196554,317.7677897666186,301.2467886243623,290.091633457778,325.348772659865,311.22368563923027,325.0201772847247,308.99413148733106,283.0545181277316,278.869013172444,263.4022977173768,290.16247451540096,300.8250220575375,254.5055025420693,233.39281920973897,240.8190705354137,251.8717679820668,245.8518638773676,231.83572774427705,227.10745980514957,193.9856212345754,206.30316343055364,192.27773081897985,184.47735962473155,177.0724356234733,159.79488489074646,158.51514232690204,142.6615407105218,148.5896387532226,148.5152337731896,128.9330237855438,124.50882479022238,119.5480069738005,119.8671556227939,114.67217094309323,133.73887689963075,115.83837931929467,101.92836829931107,102.04870326866003,100.41421809003742,89.37116529497077,91.10280010850626,83.52171750738766,90.7203447686352,90.76468100587697,94.89629770238597,117.46812452943108,103.0735263898753,86.38568878965485,78.869800197805,74.62404117730564,76.02636120713761
184.43744039212405,189.6071179509596,180.6499554977284,173.69674209025828,174.2892242179771,175.75697312554726,172.94744820184954,180.2625035232362,193.83903187244576,194.93616088026343,183.2364615535245,181.6102633439884,160.23351025018616,170.64679282906576,174.1189606211879,176.12412403893174,164.92941891976832,169.78298439109577,172.4931772957678,167.47790050124172,173.86465115867668,160.0083047029515,157.13298846513507,152.40312890007863,143.23791503867596,139.03670422093836,142.25089827404426,141.2068671861681,139.937460497696,144.28403205891485,137.42983916838813,146.17164685455504,146.62282000087347,139.6557047855356,142.90935358055344,152.0337919244521,152.21736265781982,167.52700060453924,166.41798903657732,171.1085072789865,174.18774817128394,184.69381538549115,199.3811635450421,222.5856221463933,251.82422286106703,306.6357639783893,323.6330737685719,338.9211520958165,381.683208431936,455.3946230048683,485.1703362388232,466.9884372453875,493.45538588181057,530.1283568451352,549.7714012393104,535.2072934655827,528.4974427914913,562.5853888990426,524.7485749467432,496.183738202014,532.1556372097402,575.8628663580209,591.8791447485376,681.9765659987299,591.1785922317397,570.5564381613107,546.0094619129096,584.3274041573337,631.97024567382,665.4095481563362,563.3137752277202,698.1422768931778,619.7315188940988,585.842765154554,546.849315162509,602.4122235235924,603.8271296475738,590.5137094220745,623.7883423395011,730.5892770326548,718.271667935581,640.473157161082,580.244433398046,568.9472303251296,511.4479051785704,570.9574524118858,647.2751659303656,740.5326577708831,628.443244969237,623.8381979537654,570.3976256736753,601.0080393073085,567.6066923878662,613.8965939872144,554.7830040660596,632.1319589834168,592.1603714220138,558.1605915812571,552.655076797272,536.1809511751175,566.4372825683149,585.6586732279915,481.7495612902659,455.9919788816167,472.1954693900249,541.2551110098701,564.9140359498836,507.0446559066152,516.4161414102376,448.4622238752369,551.5909151798926,539.8982703817819,519.7158999000425,488.5618784863656,436.6257969002313,431.2349225705816,386.2517436532737,417.9051188492446,384.25052314814445,337.85749019954875,328.14965856536304,324.43285578103024,312.39133516594933,313.4056421931047,381.2302054600853,323.5288544326268,290.09026822048384,280.4412895434796,275.50582977723013,249.4003942963436,255.50239346866576,232.1211386572343,245.8814868220165,252.00590578489792,280.5401488962452,316.49534409855494,262.3698842084318,241.365945351103,231.1452930964765,205.9567313250034,227.579381101784
192.18858113709788,188.9560566346524,170.008857851167,174.03856137691693,166.3139568913526,167.1885515283982,171.42093062006256,169.09494888922012,174.95279259698717,169.98346352488997,179.0259273432655,182.409116434232,152.39581086135087,162.61561476237944,159.73891457055473,153.44573680775753,151.138798544711,153.92950098270916,151.92484354558317,155.4040780646904,154.3588061953458,143.98161507022743,144.8627612645871,139.7241436021038,133.87432942224976,135.40366195284238,137.4857049722174,134.5417026188399,135.6516896176759,138.43811107611168,135.49301757791034,137.5608043615807,139.92837593703692,133.90062038208933,136.21909159760784,143.84048818255152,142.42568997453685,150.8816605355093,154.12632629787686,154.52448391193434,156.6121940823696,165.42011986216957,177.46145208548575,197.40363653081076,245.65588589893608,271.397506587895,367.4573071469046,392.6102646343884,349.3998032182646,379.2764051032292,394.7256059649976,370.45030740502415,379.3447383594446,397.5865458588088,408.5198955010878,403.6815634063916,399.2938534103397,412.4938848259312,403.28993108791633,382.7221208501507,404.2981691394,433.0443766130415,436.0588810976394,468.64254934996535,432.1319312330782,441.3592167801926,427.3463297375624,428.86943014459786,465.5855800785743,482.9322491325103,398.7266451945319,481.0253656322429,432.47925141000655,416.86986422973,393.82626397734566,422.8892620204692,420.65976113521066,418.0595331801185,517.0474860687048,506.9424508956703,480.4508045804782,453.4020362772874,398.3937520049378,411.17556544311753,382.06992066394974,416.5812762183339,450.08871632663966,498.58049878545694,440.7869908556392,438.53499173961694,415.0295103551137,416.4387201733099,405.3346184475852,417.489338807489,435.7190931941451,449.818051294172,419.3915133886056,383.4604812983867,376.3330870268429,365.9854692187275,387.1756010623538,392.8873883986172,346.7566925078305,341.42867047907845,341.6478109573153,374.5429480544759,384.0669912657051,347.2853124946124,362.13542717434535,321.4430158711957,382.8255558229294,381.1999268746886,365.19443495671374,358.09366810679603,335.1853817488107,323.29000141136663,322.7732401578534,316.9779423490919,292.5603401308801,278.3472508429099,270.3386186601401,277.24938421041475,262.6600710168083,265.97158045785994,323.63726269830005,265.82332817457734,244.93200238286812,228.4450599532818,233.1573809725852,219.70892320176503,234.65198044537075,220.14073779764837,223.6985638709126,220.88688059768197,232.58568951659265,250.84688747055415,235.01181920959775,218.1918831150525,227.27537435081425,203.5337772190939,218.7914946779244
321.3603731353782,300.42239550341134,259.9058737520512,288.86658490476634,265.09101617523334,257.7050048207237,265.0433245606711,250.782626916388,250.16908286417316,245.76715873077055,282.2222425547023,293.68863785159266,232.66935144760564,239.47161978110083,231.62026237656116,210.823255894601,219.44790881630996,225.30782744750405,212.43413776822183,224.20699791670765,213.90886857109172,204.6579273770995,212.7598389257983,206.01091919744687,197.07864388087785,206.83486136648372,206.3373232604723,200.45998829546252,207.852742710914,206.72858942935443,206.40409798995373,203.17081170622677,209.83046911007403,202.08691226336788,205.6852930275295,211.48407468218244,206.13470883845636,212.86059308639707,220.69845173534324,219.51103472362485,221.31397891408423,233.68420597726208,250.24480706712072,284.64636633687155,362.3091636189255,365.9368138566511,569.4205701523358,607.3113143185525,502.1113069021397,504.3824494254988,492.9399117078097,485.831740435295,485.3872694137407,503.3527833727852,485.1745088415117,503.5877096941171,481.6500541936561,474.1078161233181,493.3483974899745,478.6894980299251,510.5804773396802,513.0337329031178,498.2359810611224,480.9119346253792,491.5595934405621,537.8098248962782,522.8738450422403,485.13182180192985,541.8341264753961,533.900815246305,448.8649552211993,503.4334193193258,462.90533031542896,464.3372979047313,451.36999023705135,459.1258758254208,445.3798286321304,452.9636220712977,639.8893912970317,490.9467909557648,463.31546953690776,476.4616248176421,425.6037672097204,467.2641747122817,455.23537042092215,473.4126041208156,470.2150546812749,477.6483820112767,464.1036835379827,467.70851952546576,464.007997565927,437.1009541491108,446.6168215686726,431.5558639810108,507.4490747755389,467.1527071929996,445.4244769971159,410.5944680338425,399.8876577572481,384.48747984916224,408.73599761910486,400.2105075605773,398.1980813273006,410.43323180558207,393.01904128576206,397.7860357855103,399.58150368306497,376.973828531592,402.04462409424366,374.3921909578694,400.59909027178793,415.134014199038,402.5768079780216,408.4151425098656,409.9489373418384,391.9033827839219,443.23456953166016,388.6170339978371,372.0699628057957,388.3050352052744,373.6859769282062,396.28222735593386,378.83355427387744,375.8055051357593,438.8431062205178,371.11169244011165,351.0129039742233,332.81047449250065,350.98178122968926,331.2759398992374,360.900894414335,350.30090836161673,341.8540524721502,330.6695724179008,321.57043711544424,327.6566356336895,351.2011065874916,328.08176309948664,354.8647572690241,342.4334143157216,349.9444697278619
287.6800730462223,252.7264584326238,227.234878350302,280.5193709778061,255.43835271370503,235.82607725392504,207.14474276580103,204.4782643220819,214.3822630974752,246.852419581022,263.7951581167956,275.7836373068328,209.07361366045828,181.99751741254835,190.8877845719211,166.43458745379556,170.93903015483093,195.6479917060026,168.6452684053669,170.56982389402754,166.2204965152847,161.33689381014145,168.34876401231742,167.78572577430106,156.15094268775294,162.48204483376384,159.7847247793375,159.45697494658896,172.36070141739015,168.98510075616213,164.6402017049614,167.900774707759,169.72535310476445,157.4740907907886,161.11966630291766,158.92591128701125,153.69197895791467,161.32158884426244,162.8837115326042,167.87099136296274,162.56911116989767,167.32339889051585,191.31084476447904,244.4831788876529,244.3428756118396,249.1096282866517,304.8432552520113,277.9211085043605,382.1152513628818,424.3798987180703,342.30104099786314,460.9140535906345,467.9321053640569,561.041185511319,433.1868665165612,452.00559399905416,363.700283876161,361.8387227508597,362.6962070949006,368.2792710042623,476.26378585779,424.7346257582584,395.2508520241323,350.29873583486113,369.5295960592656,366.6942191623307,349.02777007615305,349.42998982721633,430.6531664004396,388.183644482947,350.29766439953505,362.86566941873633,338.83633027030226,349.8303675372942,340.18885484747074,366.7180653560599,331.69089390011334,335.9276504793016,352.40253952200186,329.3423837363926,333.11200369124083,350.5389471180152,365.0879142885004,393.4006305149621,348.96606602719606,341.35226049073003,344.0409600292447,350.9203217803707,349.7568913370524,393.6186673685314,353.2227439090791,321.5152022348184,314.78318057860776,316.9036043657928,326.5660465379595,330.0669733034832,315.5031272409395,333.0580195710961,316.99226321885925,310.9511579984861,326.78204398980574,307.1959204856248,315.6554956689687,308.8229523618569,316.9179161565002,309.0755126125956,333.4036402979104,332.7950362616513,348.00661513482106,331.27965783733003,323.6833541117632,370.52719444075257,375.1302667634132,334.4984152585449,331.831665874143,320.30007298162303,325.9900994890829,311.7795051712448,317.12772546299925,369.043524789456,338.94134871347893,361.66536772416856,354.4310997479274,349.15832447534933,362.00181342078974,349.70918884852426,342.2591167299888,366.7089339613469,408.4335401749904,342.1833707264263,326.75434640204475,336.80746257341,329.56753258718794,324.2211342848496,314.08550754084524,325.03415316169315,318.0525143624381,311.7877657112576,289.18814424819374,333.32823666122107,338.89829835155825
309.9160282978816,277.73080478861567,277.6804284443569,294.5051256167732,282.0542985159913,265.72802036225784,234.2898563203832,225.91031158303423,217.2133127391082,234.5306352581701,225.1198140252031,229.4010220886445,213.77019067340171,196.32687368255043,195.7456119544743,188.9646623197499,203.2969732106276,187.33770081735747,179.98038932592178,174.9309906143245,175.79716907205,180.39613050452945,180.34044697737392,178.49117878311225,172.7252912747401,169.09431165945688,175.8351653222955,171.62062073500337,167.16916704072864,167.72423262384922,169.80320064127605,169.96883158123168,173.5749837138939,164.93784298478522,171.39901678625998,168.34212698735618,168.77518078432854,181.77330800591884,177.00584675599293,185.99505203752096,190.71147361807783,194.2472823367152,251.1169096021392,243.1126636426132,245.1649851133959,278.76190402765275,350.5096885231605,319.99265093930865,336.9516942096833,342.31297409820803,328.06144842097183,380.3783271185944,354.5600945561087,403.87596509844747,369.0351004800154,347.653089247605,353.5077982400362,339.6687643172828,334.4879891328756,336.6594008434709,341.84833437368275,332.1172685921299,324.21307542027927,337.4702777037263,341.5551479962561,334.1961030705553,351.6411823366133,344.55886824466273,372.7622755083731,345.93152123761166,337.2804103478377,322.2139240189877,345.4031542348323,405.3970040835629,374.142553548628,410.3514414789664,349.02507772553736,341.7099807780079,307.82640265160524,311.2880496411067,387.4462520675803,347.06604174212174,330.84977234534426,328.6956919343087,330.4205829224685,321.3739324346279,309.345752746193,304.32394037356454,304.7543077842029,300.63365519576246,316.7212905128865,308.48915054029663,305.96427925748634,324.60034260167225,323.200565618434,317.5124518517469,310.0995851469054,335.3962970608413,304.7669839046927,310.9094632653628,326.4563926307965,305.8680741063321,325.703739102096,352.1250668868415,331.57890595949584,292.48226236362854,295.0800675085351,350.0948771924231,349.3780505318863,361.32070645747024,345.65254499921224,359.3056684179326,343.4736155169421,319.21274183048865,348.91091610372786,394.6165110337652,370.496540369371,388.15348515124106,373.2911271824158,360.26438790989897,355.928714498188,378.67698261934873,356.3744166651707,372.9848793459695,366.33325464633646,343.74666547286427,350.4881981892246,371.5067148743,363.93841155763306,344.1536346948031,357.4591570132078,362.11276313973895,384.03161448142384,367.161590828689,347.0419458867864,345.68039617884307,334.0482344331979,351.9781371645883,365.0931631738728,363.9719426789027,366.29359969312657
233.25256187614343,206.46001338373569,216.9142089488908,224.27015659702155,206.13513156166076,187.18044610219957,179.13854080675762,176.84129273174068,171.60274520230914,176.79531242612154,166.43115886694977,169.88026900091066,166.94681864851384,162.91611708942304,169.1534098826496,156.44488470262814,152.9635911825962,145.6424200100107,148.08409693494997,140.05356098653849,139.37882174677017,137.964779309557,139.0450196550398,134.88555818579889,128.50355249003186,130.73793400163714,133.11381714366854,132.71085950618976,133.3839024842267,133.54795674069692,133.6153565022575,129.29239275087198,130.50152257972164,128.66838039285847,131.3678937363805,131.23026670160652,136.95299731260914,143.81831182304262,144.755421296469,155.3591397387013,159.00077121650435,163.6566682081514,190.7817838239465,188.3122787329632,196.1187669658348,224.2964604855585,271.36948569162007,268.3199781866775,286.5867185174975,301.5142523031018,328.0989789671552,334.61539077268446,322.2182941645855,344.37563930282533,326.297142577001,310.3107378065822,310.9377989359838,318.3118812651395,338.38941521224905,357.74890928331723,348.6983321908522,329.04871609257185,347.69046506127324,335.97534870239406,308.7454795334118,318.48414774450214,328.7469319545234,317.7647636343378,333.6693999776423,314.9590715459775,322.8224735835748,321.08560826101,357.37137803594555,394.8843631079192,370.7953577224019,384.4637212235093,355.1629780688594,340.9465121534862,322.6837560132663,338.37476167658826,363.618158242181,352.2308844716779,347.5583560687323,344.1242912235225,344.81272808239163,333.1190390172121,311.3108980471889,309.5565461691665,301.06799812111194,304.019749062895,333.3270911840334,310.67192135308534,306.6795050081825,325.4704749659962,315.00803859963617,309.5863457951825,321.5048658587087,343.6209555296013,322.5309756000813,328.0264553300841,342.9929849785738,309.98923813044274,327.90320315669885,360.6245129475171,356.0441926532399,349.7926349492486,313.6471849269644,312.20393597460816,313.32991811233984,342.04499761487,317.9849477861377,328.29663235180857,315.6093537659329,303.62354748840374,322.9894293359924,345.6168734671853,329.3211425994653,346.1683008167514,328.8441434007804,322.8848010078904,317.5174940404311,315.51248367307244,301.2987295379543,308.7429725450501,296.6485609187717,321.9794772759176,303.852242877602,290.31054889865106,286.9118560577479,276.90889138342163,290.36591182173333,287.130597433597,288.53733588932954,283.9946902374236,271.6699239311428,264.71485050474547,261.52369722220647,265.6454718613765,278.59046081126576,286.9926664066384,281.0865272822449
343.22087203482846,319.84397236853926,315.3452221857207,313.31100007050384,317.4224795993542,295.74212862456966,267.2756962858043,247.71470333167176,255.76402780106355,256.8871031258976,248.34447561273075,253.24024356680496,237.49223391446864,238.42527927881832,241.3252248884517,222.5989208734472,224.93161275900505,219.89461382857544,215.97778066554145,226.4337613980888,225.87689407793005,211.0922232211624,222.3730209558295,215.52897580298287,213.1933336545154,217.6589349106498,219.71090520271372,215.6323192274409,217.1201244492436,211.5552468486366,207.9941790261924,203.2379404484523,209.55345050215016,221.12313514107487,218.683266375627,216.3229331958304,227.9003569115101,232.9274388377847,239.86064233248743,259.1658232898319,273.7190990747286,262.0522784743617,280.2867750151031,321.8933965240456,330.6342570366124,358.79912037855297,432.9559672878793,453.676373985777,511.3871499010422,579.8978118028328,619.0302200074905,656.8660111240346,700.655904046,680.2134254065048,685.9143458681878,676.114839961673,685.8722025880089,778.1106371774487,765.9767508663189,756.1117283597536,834.0661515076074,865.0599801214696,927.1740501329527,841.8721685564357,787.1526421673258,840.7504710853602,806.191016682108,828.8609244961485,804.2115633976808,757.8685275421841,771.9915131158364,768.662420012853,822.0356698201405,827.9985868051033,824.3846541497944,803.1664257326062,797.4140204399148,802.6360922646718,806.8103201220061,874.1202233331338,774.592499344724,829.092195295641,893.1266011966642,825.0137646820034,867.4747421814589,813.7521600372305,805.1235805870222,781.6729729072531,769.8553189752457,741.285988132903,752.1363191540684,740.7259174273403,737.9152683652707,780.8887468119773,722.6768059366004,736.4538062165881,820.8577657263955,833.1427271388494,802.170362259871,786.0534807747049,850.4554345515241,760.8054792435822,722.2591293155825,874.2733599209874,856.1621192441423,845.9129168403911,741.0405918475516,725.5974569573905,744.257182060728,789.1078932222396,681.4133457601548,651.5954244455584,626.974211763065,626.1967683958421,627.7355181012699,591.2623302857847,554.9693904915139,562.0486333830148,563.2702382873275,528.7369002637776,518.1524737635707,483.2259667806392,512.0893800917223,535.2874641220415,527.8791669422455,575.5130207506256,519.2775494560178,486.1691532180148,505.9561042595097,508.941959533718,545.157906350544,538.0641286225975,511.1725052231181,500.6092759379287,459.89109375001146,423.5875988451341,406.73188782819545,413.1529775254784,420.5376977515525,454.0991092178375,409.3511099875654
268.6417557573861,239.89691067470264,219.21316756966405,223.48077963622603,213.1878250277917,198.701722608189,191.9046249663572,175.12321510553343,180.49766208698784,182.4952058992312,177.42952394998025,179.01930243933103,174.81540989458384,174.7882646270519,178.89440126113982,170.61849728300265,168.39536434664208,163.46138665919398,162.90379073532804,163.43363733736732,159.06921315570375,158.6374887441435,151.7353775514989,151.02540038599386,150.1923540323111,149.2631565651043,143.09531870986072,147.75812194033085,139.09129949192246,140.18422598268864,141.35615322384646,132.18027355094836,139.6939932111163,144.47339504552895,139.14964356974593,143.60860536384106,149.8168505150737,151.01488773049775,155.8331383268864,170.97019833746467,176.80448350089466,168.57038105441583,178.1697987112636,206.3251927002439,231.84426374549892,248.262809708343,304.69414352907665,310.2868960492672,356.622942276027,394.55461993593167,398.9931592150794,401.4749279034804,455.7426897833633,451.0781147990015,449.6673846410269,480.6138475539197,485.9500347497789,558.2000647377685,594.489665655095,536.0467849185922,544.1552301922836,569.0106638529567,588.4010888727137,554.5991416352664,539.0372570066856,520.55329746076,563.9348492271134,735.6557077385216,674.0747016779623,578.2966447776548,567.1996020799108,538.9141876358347,601.4969178002074,582.9697884755524,590.2240966698309,585.9292699616055,582.8347598805316,585.5005825487418,588.1792886963879,645.3847376183304,606.5704812703457,613.2309427568451,713.4402725001047,683.4871688001285,712.5082317752073,647.8759986546902,583.2601864268897,576.5411529486478,576.1272838899929,534.196684588688,535.13790671764,526.0854356283903,502.4431316971466,531.9283380072795,519.4614325206849,518.8965262941697,545.7377530186361,569.5491950873107,524.607539655669,513.8471660860245,575.3230362897157,556.9227869275529,518.9244879792622,708.2696559402084,586.09066048613,576.0567168978713,510.6531491850076,516.590523900606,554.0572016649216,525.7767062320698,458.5334169303085,458.8959297092831,461.0292922361278,439.2465330582705,447.9438206381458,408.4331489691484,380.3069229724045,373.50186721637095,376.9366484400217,342.9793850441551,352.3531678427802,316.6526326603565,346.9584017739728,388.50664936093887,373.07502274263067,377.79441207926527,355.14783679897624,345.48852135607035,338.59731320538566,330.58620070963906,337.27841282447514,386.5893109800375,344.96905504024426,334.10296463767736,325.2313812719632,321.6308051999869,299.9339098631405,338.1008549674531,316.7102673570185,347.57998797662367,331.28261003715824
310.1906992585228,305.32238526890865,227.0291327828,212.17563788913577,188.79010234952148,208.69969564234037,220.25814446094557,179.9992440310426,164.42083228846047,161.19781468950475,154.1508731688564,153.7891795400355,172.67357990263875,158.4310823619058,160.68041177026606,159.64515979996753,155.93213913113752,155.9984471192555,157.00942033983495,152.26379642295592,138.20091640915416,143.19415250078202,132.17899180802806,130.89257028384648,128.32360410413307,128.69934747239495,123.47128110065772,130.26011889747377,121.76831903889838,123.24652169227024,125.36205994675524,118.57849844131822,129.5306480550143,128.8884878528589,119.48668668135484,127.72413073621756,133.73145687226005,128.88630877762563,140.0489866211085,149.68167905918835,146.88164271624703,151.32083545673925,168.0432133256189,263.7720709406196,264.769574870926,262.80435207604467,306.4649389287172,308.20796132868946,387.3195805477442,332.1461721086151,325.2463631429604,318.8059573214227,343.16694551294285,317.1414392356319,316.17007142323325,340.78998916056776,350.26754995284193,433.6663407418592,445.6344851815688,392.2523218231725,402.8464721582003,403.35868069588224,381.3566818299257,362.7299107358232,364.251012627894,355.9688052614574,392.00254834353433,470.20706610678513,489.6416991266169,405.7257242964091,395.2527132426037,394.3442412326894,413.115727648397,406.0744665532751,417.50595467250383,447.80156323075255,483.2215644198269,473.7895336718682,570.5251128153551,568.4576129367823,546.4714921918218,448.2521287287576,488.0319749589072,578.1356458985573,519.3005697767287,480.8423076055447,419.8698839702815,379.0238496100153,364.54019405190286,359.45841983606385,363.4081823618441,343.7876800469584,363.43317927612645,381.8887340828053,366.6202447341341,347.4151203585097,336.5352381349973,363.28187979709867,358.68268505156544,340.49594724641014,338.393507708754,353.0750415774973,343.2988603980115,422.4948811723992,404.9871433734456,414.635164052308,391.396122318287,426.5352079040572,494.3322374670036,395.34910841896817,361.9641220508543,370.0445143491422,416.25738657707774,372.85590206623016,391.8734640600805,349.3508990420288,313.4027217615806,326.33360650780463,331.69489080868146,321.5867902420545,401.1883766672897,320.4816375447433,324.62338626233907,336.1576792475643,354.4216408592999,301.457746142908,291.55953914408445,300.6514465181723,301.0216740110459,311.0811846289199,306.9764855398954,341.75321613493344,348.5772144437274,342.40524536770806,334.1734947734589,360.11333355644416,325.1748472693632,387.136674780352,315.68313327415626,325.93338519555124,309.8958875808157
248.38900578743136,246.1508744020796,195.87145508349457,189.87380910233,173.48747690546162,185.7386086593054,192.95566315089212,168.51074530003976,159.53335992567847,172.6356754008682,158.3587816811878,154.00861451651343,160.6965674477959,146.25553751637236,172.71487396238982,160.69418352338928,152.202993726209,163.6595283432915,161.44111019154195,151.14069506504907,138.78702284816427,128.63518760877517,116.24098817740504,115.89196833038456,111.63337656728,110.09903693832058,112.19600776946363,114.68160678504364,110.21686001105417,111.27648469088236,110.92702075083204,109.85833974144374,117.81868115146624,111.088450879742,111.165388977822,118.10088364083217,120.06454055264264,118.56686846133566,127.2291806394572,130.6012761072501,131.9961624780288,141.1714087213559,150.88587216754527,211.8997158081881,207.18067110351407,207.33753218928408,234.20862559916068,246.53464648235985,290.3821337750826,272.2035123670276,268.6017238859177,274.45959745457867,275.2857463617801,280.0760052009965,277.911030306848,283.53776769010886,309.55267778343136,338.4545964483357,336.6806221332316,317.31839537889687,332.0440883000859,329.7739447311733,323.17351757073664,305.3563481163527,303.43800168336645,299.1405152815914,318.2791597995198,322.77489743646595,396.41178477207455,345.65682424441945,318.4518518756157,335.69549071848115,328.6344554941865,325.5731994609456,325.70754784454493,368.0553636285873,377.11557841334127,377.9520848858058,438.5429396786335,424.5156258490832,416.86502580650864,375.1463634214183,364.31273174330624,419.0880945440484,371.86762737497935,360.00076453693686,355.3021177862279,320.9403049263581,304.2689932984562,376.61254520267926,379.41179560172185,323.5553534301626,349.1077410793631,366.7507140704554,329.1328672355006,320.79077709961416,299.506043185779,318.20837229737964,310.0526012865913,315.808230393305,299.8666273892187,310.85417003138565,318.86842286231496,316.3496884207493,320.8038100450991,336.5873883042441,358.1442071794865,376.38873387168206,402.28876003390593,353.9948364145019,326.378609759378,339.9565697860543,353.9390928514378,352.6033434117231,349.8989903671204,338.5354219668975,308.3033046977798,318.16589404428754,328.0959821955768,328.9433861091201,402.6004075995607,325.778138218438,302.4786801489267,308.37827607641805,322.58576203456147,312.6512140068396,278.42141550437384,322.7749900712074,311.99026791788145,297.70674110589295,289.93263848289274,289.1082193650159,314.0848183059904,296.01452482208623,297.5406599308488,309.2548672959299,283.70694007259266,349.1800858277559,309.5222317503207,280.05996817415667,261.8896036766896
239.888975145306,224.57174089558703,206.29799863181805,207.78724142072508,197.7241748904553,190.76000896765464,199.03036553124005,186.40720425473543,189.3239124366848,211.0791482501543,187.50072830551,184.4820772513476,176.5440763084478,165.88757809589228,202.05828018225208,190.0094579572188,171.5626290283084,190.84923508286144,184.4195793936097,183.51188626957227,175.2640377183229,158.64645657491778,142.9148470903946,143.20528320325033,142.4770126004916,138.09445670680958,141.08578304396485,145.4102339803996,142.74090372563668,139.94291614722155,149.63588661437618,147.0390275295407,151.51073873178345,146.23671467117308,153.88427591266947,165.57650854170024,165.97283037388465,158.1677796552595,162.50994890441896,165.84099238122243,162.13943714134746,187.2026314680748,196.70672624449816,216.38085044592444,227.0631083298868,219.0419007408329,231.64784662514256,256.7734375376791,292.15805685845714,347.3955043139688,353.7017339749005,377.4578145325278,382.70199969414574,412.5304237255523,404.6507651644538,420.7533873661492,491.7501256958699,481.1215638069469,468.7955783984297,455.3330549854332,484.5868276393153,488.6987358059134,502.6566716111661,504.2450676971531,510.6952490339137,482.1375792103233,517.1238336832438,522.1692930269506,587.2370544064195,540.902304742324,500.9550592165192,524.6885302578835,522.940754582178,514.2311187141778,486.8493373210888,547.4877641463648,517.3117015657484,573.5279344386122,587.3688736497078,541.5474853613989,551.1242000568718,547.2484344527502,536.5746376226408,569.3773694542363,560.3359218450211,520.7220995457272,535.4931262497548,551.3988621120021,506.5965123347392,608.5864601145392,617.0048841098702,560.3209530908539,544.809411374558,558.7186791932652,516.3076532540545,524.1300784384997,496.8729393079314,522.0920734036722,499.6200583239407,537.4415624531638,490.0302631881106,505.1829207555003,510.548790541072,471.4829558208737,449.5177715739856,470.70269121203154,496.81861799423336,488.0618465197368,485.1846235875084,509.3806159259055,493.819253647876,502.4978582247044,450.2871588499438,503.3795536998068,450.105401128372,512.9896102908892,457.4063577744537,460.9540108532829,478.40603894666526,446.80527204717646,473.11185468464646,404.243784872141,360.89994982653496,368.7198574156511,403.84278291984447,385.79874097406014,334.45624722448053,386.3555621159969,352.537017239188,322.79491689844247,304.69464979260164,295.355355769567,307.43190878083306,293.67196169925586,317.5334336685291,326.5276885842221,297.6781960795225,383.3648148987104,323.9380882241733,274.93859624258937,270.46312007339844
222.43326556660077,226.0038014504682,216.3354816847657,206.1193542723233,219.45468505702897,194.5834118671036,210.95952260586375,200.91581195704703,214.6069464247378,217.7521397672542,200.1288505259971,200.36227215103,191.83709038926148,180.13181608331587,180.88502262324337,180.89472828191936,168.70776932448425,197.5952317202407,189.48630154150817,216.75582532143764,213.8345217974275,217.05600908091708,195.7798590988262,198.3235397437656,197.71227510436805,197.21348393897856,191.322662742496,211.3319934193416,219.15112198712887,189.20845988596025,222.9784679248748,233.6327960214689,231.1654451402054,249.9035000862969,255.5002660885993,276.0417535702835,258.0664025750868,243.11126086264483,241.0900401476972,246.05510059783967,214.30054390415305,271.79442911008147,292.5587335855474,308.7862625208887,310.77621208364377,232.14725369370868,211.85606436751243,244.5053348689464,270.01669170194543,304.7166295918999,307.8948694321701,319.3375692435425,344.936129123753,356.7232147696323,375.3596177911687,382.9309030696313,438.1074260857157,442.5997299661382,414.8169678055157,418.0161472974667,405.3193775505126,412.4341595856808,432.79301303437495,461.0158675100394,508.8928018714,475.8859379632721,497.9261172091893,531.9372200916763,503.3137573704387,494.79522113501474,489.6784048416249,479.1053122247762,495.0285229212331,481.4605710735564,456.2150706501037,545.8461082877374,514.7909329155647,553.107919331755,586.7176901035258,555.91354331737,612.8888557272937,579.3101275392122,573.5458560388296,658.1891990864557,633.9788016036267,532.0454609136879,525.4536198308793,557.5892889465555,527.9792682890239,529.1063899561858,503.2737659085386,516.6324914509498,493.0635391143895,503.14842411977,531.7817973365,549.4247727880794,532.7552424774673,528.4978419000864,493.1192242044704,495.90195088551394,444.0041969624653,474.6283780628664,485.1081755795712,489.6255544667016,452.414447743822,494.8865361442918,456.2526685233658,449.69377275706313,427.0108478020864,414.11444008315874,387.4952248855762,367.77455176162863,328.8367704455376,323.2394777937609,268.48071740051034,305.6045485755787,288.9916354477602,378.9538089810629,306.86977661075184,302.4198554635544,249.8037375299284,205.93862654845512,186.9599341492771,169.23333543358393,209.35232263384935,194.54810980956535,180.24681307177676,186.71718970476465,178.2313776720239,185.556471650603,176.24750123682688,170.8543164604974,157.40038693689962,168.6989164828191,178.556267333887,177.61406203859522,168.1229305246625,194.5391033850233,148.94378441573227,143.80126445242234,184.6834871483744
78.76294563817062,83.65939179713912,77.30175385467211,75.58954500771233,83.86060577392833,71.45990494332472,77.815393412809,74.45349085837147,79.09772920398092,78.09348380715441,76.2471274187045,75.79851245615457,71.33080473461085,71.47736447867521,74.57683228243306,69.39979703062177,67.23009769126729,74.33423726448581,72.34752523824179,81.01052582604302,80.88634796467534,79.75272573408182,76.22559570676935,74.99347263855238,72.3624566222232,74.8488056882109,73.62155622521517,77.1256320054097,81.42208443047116,72.36699775202177,78.77358685909148,83.53534266364585,81.90312228236071,85.49063654437441,86.46139238932781,90.01328884600466,88.52526117756514,85.09382145294423,85.3221120469968,86.4472106781761,81.48380399743833,94.31252733660422,105.6754302292646,116.11836350924408,116.33385881669231,105.9261672951602,104.32565572697722,114.13552398963331,119.9384318992936,131.24275655998628,134.40907467562565,139.0719243789675,153.1516161577215,155.57562503033233,168.65507523705614,169.23841985425918,180.5889216570712,187.2358588254195,180.3329255192292,178.40215915059818,171.53063711388808,178.838532527586,177.03829287874706,189.7252229371384,207.3762530346099,184.0842275067964,192.0030739798557,207.6026140596877,201.29447328912735,211.7637291418976,205.43481925728744,190.7443159832672,199.9210856752537,192.8737387217006,183.21635219276973,209.2552743984485,198.7548046329069,201.28310055115125,213.15014693526672,213.8109613390216,224.261776099241,224.15449490247408,227.61699688465356,233.2435638864465,229.8286971287327,206.5415230778868,199.30602997584185,198.1262574769624,209.53256425471525,194.01458778101343,189.33503303571845,195.84439855431413,188.31840500032055,188.34623717953343,196.09230678679123,201.72324699672532,198.37362469061796,192.53704366643328,189.02803471423715,182.982778785427,173.17580959530255,180.9753360920096,185.37444919555435,185.2138972115119,164.81973427527447,173.13175355852516,165.6383548600709,169.35079071182767,163.26154626549038,150.52347824593747,140.67786623107096,136.22854812036496,128.44874541681284,115.56435593833226,102.60569625211816,109.90791335651444,107.79793728403529,127.11346766124628,101.70280344398924,110.01129803960436,93.9948955178535,88.14082462626628,81.80988078856494,75.01254308536964,83.14080168929348,85.73428247361502,76.87680057599833,78.28004049885949,76.01804122499995,74.92965647555877,73.9527166132064,71.21443874389347,64.80742536101496,65.17397534771749,76.78559514546868,71.66098696821129,67.2733360613799,70.33518716054158,63.45367604933733,63.333159742079424,75.6303576230271
25.1894325082994,29.20108659904256,25.518216154221804,22.664614805480912,25.760227341403397,21.732020656757296,24.139813783038345,23.83011377600619,22.962162123948804,19.47885357791148,21.643399043526884,23.266968503107403,20.33191473641988,21.8795388134019,26.047933828405032,21.98020976047018,21.24083750196975,20.349046693473312,18.769505163314797,20.84316878996141,21.674973973071378,20.933743571673308,25.305949222262416,24.20568106078233,21.272427582445403,23.543355773355827,25.275239203229805,23.311004306898035,26.3202821938371,27.49403518498422,24.593726441472743,24.577908326100964,26.05215500958641,24.377236264890964,25.690252319573844,24.1547684708462,24.56597169302757,25.572918889035265,25.295130128334943,25.5201771647908,30.618563058842035,30.57544691440276,34.1917335721792,43.722889628634185,43.96104229931419,45.15168587017881,49.97684338412471,51.349411297092885,53.27710202251557,61.031616446104266,65.32029367701978,59.37287000463772,68.75082792276832,70.6578590646215,73.53035308117398,77.43923554394217,74.90598734855352,82.90607346265735,80.41103438434394,77.54848765631587,76.68940413541848,78.11733422187511,75.81861149079656,80.81599967241048,86.96273306436576,74.14418025987281,75.17552299887512,79.84409442423942,75.22797040629075,75.73817269600839,78.34989362997655,75.38794423095287,87.35229747994576,84.03811151372405,78.62925302046602,80.01054809678747,81.53262410560802,75.58793644658901,74.96353194033499,74.93348492225662,75.72600457825997,74.34821860090476,85.47477633875226,74.23671754177884,75.55527707269349,79.68503322871997,74.66851676598846,67.43431075557363,74.81909809353856,68.05401287485697,69.64563015480962,74.84889876476817,75.99911580727965,67.5447857273641,69.34801919917675,76.107176671564,70.83718737820163,69.82261917544095,68.2873159498757,63.66934276135884,68.1508862473363,70.34010728400364,68.33216166571975,70.08550547080674,59.82070457575283,68.57333798614688,66.90874862282459,67.4249729162747,68.12140188986176,63.49375425341811,58.95371648980937,59.014058366548895,61.90152783749991,60.84513508527948,55.84959529806915,55.76615859512102,56.60831351921136,53.71421027818533,50.09940263021337,49.37469564728608,48.06188995427708,48.38248380055504,44.26926291209187,44.86101750426066,46.58911631294918,49.82749945727105,41.1256192115743,42.71197553817834,36.14031272258208,34.82035990342459,38.902370821373886,38.19888258537207,32.51490274892499,35.11310770284798,37.01967194610905,34.24135289697516,32.11952079713122,30.25062978150236,28.019373555032768,30.656060245754173,32.37046618384653
80.84850721443198,90.00612954064572,81.27706232608385,74.7635105198483,70.47055354402997,66.67269715296881,73.28836744615285,71.5956996060042,62.7903232322137,58.44772434305917,57.08150412477129,64.45868095876034,53.49806165075852,52.95879354104626,58.72979380990488,54.61611412460887,53.0734298788252,51.4009493881512,50.345049390217376,51.50340424389033,55.8098115787242,53.24685724397875,59.63554302845156,56.28240656744268,49.951119877375575,53.74751815840922,57.109033249888405,51.30226200716316,54.70889094390411,58.912450667284,51.84339210511384,50.93315463133811,55.6724070434272,53.21457975783711,55.819330745520304,53.21297484956171,52.03564948527447,56.53684317763543,55.87719956860607,59.42213857065,66.29806730818845,72.72497519431447,78.4971349874708,90.7676092539922,90.492478170199,97.67095495680084,102.63745873165226,110.41314633871224,124.56223335406142,134.20676577399618,146.36348303673427,129.7408838550123,141.3909482328499,139.97235348280395,150.8302595454107,146.93373076309712,141.7713671335459,157.5939189816876,147.07581072652584,147.38426019296426,163.93750726292825,159.91330428830918,162.9510110601442,151.96244594745608,153.09084934282856,143.39805879911714,147.5542544413037,155.87811715172998,158.2213445693496,147.1623854228108,149.78064350365096,160.00985928688198,167.1981863839422,156.93617280509423,150.03037991074314,149.9164245443648,155.18985688527772,151.04371364093151,145.1506553489804,153.10470690982746,159.28905346801935,146.14481939256274,170.49170851260277,170.6056957200137,166.1617416940023,170.63409938624463,182.73232428978312,182.28420746551572,164.63704709627137,144.62227232642198,143.3551570691773,160.4060771205005,159.55451870060512,144.66029106790614,161.50562119461762,158.94545065267144,150.282280345933,147.11116719379143,138.6907627963685,124.44632403380812,139.6801583211291,139.36508463071638,137.13514951745927,144.09717672666804,134.25893865884638,151.59590296131313,142.4025006583335,138.0976797458546,147.80762965144638,142.80723592107194,133.10449307949216,131.354726248939,146.73553574645,164.91744409049812,148.38289941892964,139.36673219240197,146.36755166750538,139.12533803045525,140.16630090565934,137.24131742180134,137.11068734182317,134.68203289518456,126.10788443343,130.54665391012546,128.08351070493933,137.66138773489942,128.42642498543444,128.53503346625533,113.26699039694178,108.920700882363,125.1018314147619,115.39805309306462,105.81887114229885,108.17407806774266,107.0726668072935,109.30079620810343,100.0175801904714,93.6150589728898,85.67060825528603,93.12644372004428,99.85696926213498
372.34421018351856,324.599771077391,296.4303279901252,334.51579213647733,306.4576888226392,311.78998122989555,305.7311220418093,268.71334927347203,240.27952073889608,238.47564840343847,207.44187124797577,206.57161682351307,185.21849490095144,198.7638329300086,209.4401843779761,193.1223921998036,205.05028442351568,197.57826466726584,195.50785287370772,192.3852095014678,193.4475066875992,191.01891085901048,190.6702249322049,172.43837207509625,172.26904641896047,172.4107966953046,167.18285657668596,171.4011695141775,170.82539047227183,166.26852161489222,157.06055984812892,157.24883261684883,154.65498908540172,157.91165675058144,156.6719715082423,147.56482093403525,156.7731507113442,165.61612325494892,170.40024654128896,179.99425868006998,188.94721448180363,235.01430169874095,252.0458759464576,267.83762176972846,272.2319658520993,309.55578541287286,316.3270200370363,360.09908152978755,408.1787219020913,440.6020977662771,472.3045490225839,466.8299511334432,518.3094535467325,466.6186759388349,516.3919077439456,468.20518706042185,469.4106256555303,501.2850955642514,485.79189922894426,494.1718494583037,524.0683310014109,520.997428815168,524.0497512748194,500.6997083421421,547.3609326381593,581.8403776212452,555.554209579518,515.3704099898033,527.9756415043049,525.4996101034491,509.0798011088265,516.4525953041563,525.625266706563,476.7462370640767,504.6936034681154,504.004985289208,551.1193347862336,548.1497063384502,548.03026023956,559.7271240739194,533.9394454323462,496.371252805472,560.3187760452427,635.3477897959945,556.3828829662406,562.7173012258613,540.5482226042656,547.0726111416212,540.4609823531868,512.6803089068623,544.4546748595587,562.1866982850673,531.6335370940434,584.976678614869,597.2378876971869,547.6723271323679,537.1004382513138,556.6811884233425,528.8497048780365,475.2244474122278,507.0337693385812,490.8770851064974,480.2703352698769,537.0465439360999,512.1352551284506,569.312648846387,516.174553726091,514.8103101076102,544.8764081986336,566.7387552130962,579.2621170548165,599.9559291000502,640.5308154138744,615.5046704786662,597.9199886286067,599.7309430348362,629.8401384313419,639.1649220931131,576.8780549080585,535.1889184752539,624.6341753394405,634.127565361794,577.1550125988459,577.1248910729281,587.4096355462854,601.9852313284117,548.1845476043442,572.3552789066355,550.99671864777,520.7792976764104,585.5387651693246,511.57414738605337,504.5787299244432,481.2154192638662,500.33551901792526,514.5980306747358,493.6722701279,469.77882367882046,442.7408969932627,510.2694471664233,481.6546970334881
371.56335023566095,313.4157473354218,284.5829636258516,315.0532725829895,283.9830912443541,290.76285778500784,270.34261320437645,238.68756042953493,219.4119804084878,217.67073599093405,193.9592130160022,189.57174562774563,177.28547541131135,186.2055029315545,193.15812649261483,178.28214254254266,191.2153385501679,183.67035652964955,179.5500927082869,181.58961829276316,178.20422703999003,177.25953873930482,178.56999003400557,162.506063282844,164.7193164932904,159.94441305742353,153.49533663917992,160.4332064740345,160.92682625068306,153.4186209725893,148.57988705908434,151.16479960856026,144.0744288700619,150.48450414148192,149.05654491033334,143.800597024816,152.55097625342503,160.78274859623696,167.52558339440805,179.39683527300647,184.96084049487885,224.80278859584072,242.46407546757823,254.4126652888688,262.2067699713363,301.294819184407,307.1895131959426,364.5115585050106,400.7634841398125,427.35914453240485,456.5804179638299,461.6583698128532,508.9198222669441,455.7725868897437,533.2966281400012,506.0409940413188,519.9479351534682,527.4009435615628,531.2529256848151,534.8495421427722,543.8261878960976,538.1873517098771,544.2925584978042,520.9552823497783,557.6960599173544,607.4563378803093,576.725774687542,536.995991109234,537.5705239867357,534.328272879901,527.812503806912,533.684123077449,541.6211422824284,522.987958184898,537.5691861966997,524.493846630006,571.5848876040847,569.8876137757034,569.4627815222343,592.3366554720857,552.7880872789666,528.125547830207,589.9419619594385,690.161097139603,599.7945786374123,612.3220754957423,577.370908630279,564.8095926652759,562.293234234792,546.063743396723,585.3806312175196,596.339512826396,562.6587371088684,601.0901581763799,602.2206248822272,557.4421307428008,556.1052142133026,602.1941602869479,576.6347923823755,518.7879821917843,565.9846340799058,529.8514193806877,503.0430373343037,556.0385398231981,539.5261261411283,580.4007743108766,550.8938548965035,545.8513002907195,554.5430329069776,567.037251129319,580.9581288614365,593.2381707672766,622.9138834381116,586.6096659329341,581.5136067625577,582.4216277676007,603.9859181891118,660.0850973050213,581.3456339893504,526.5104521111253,592.5639724268266,595.5772989778828,540.108641736389,533.6070192083862,551.6924736413233,551.1717011438863,506.2355261180876,540.5493444511948,522.6466088738099,489.729797580622,540.3650204855263,473.9346673334263,461.4930085395964,438.74466654362783,457.6604471878342,462.3302870447749,453.1182730501646,433.6628807721498,407.1968345567434,468.7860894981684,428.1666227335382
87.83142618894017,82.72538041454818,69.75978743766187,70.95886573024822,63.096458575173095,66.17376067196209,58.302075026710426,57.520496227467376,51.77229620723713,49.29480493476792,51.61311700068635,49.13928941937866,52.72277112260344,54.2058700557221,49.248961565118016,47.595992442295525,52.88108361350461,49.12894894547061,46.471321351935714,58.001470193971016,47.49351290404664,49.456916301624375,57.9545799850465,50.1242446116598,55.44655560037898,53.089001155093065,48.13846566615025,52.05664559053671,58.22742236104426,49.03810758695057,53.83631987507414,60.34964040279779,50.29609833768909,57.95019492908822,59.44429501614582,54.29745068100534,61.48680213256364,67.07608694391512,62.782364419665,73.47893397735088,73.76135030102073,73.72663706429525,85.56462378194874,96.64172018480008,93.2614299888406,112.78980570009256,116.61941964805403,120.5193252554497,156.37955561013777,160.985250233451,173.82161226648248,182.93995625093007,198.69516537846576,175.70298414918466,213.6196507474638,213.37947984153303,224.83061191888157,202.61429867100037,209.4364969139678,202.56345448232003,220.6615747358031,225.1598616008473,239.6211473865905,231.3979707540287,223.26195940149967,223.30413222706264,226.2954065212916,238.82025366064545,215.14750140830063,215.772594169494,221.90759457171688,210.05156586907572,207.73651811930893,231.0386114601599,211.50837444091223,208.7389631586944,205.0169142426474,221.48028408395265,219.90274098197435,226.26602224026144,228.1852840774584,200.51005575491035,226.7057587707764,230.11141432323677,221.7868876978817,229.69382871324044,201.54627678828348,201.9786851805771,192.5570241122861,189.89626972804905,215.94625329473917,218.96567801302567,200.86528875611364,185.4527433873797,203.64594647682569,197.90922731049628,198.4979370633073,228.7423966809144,217.4796609024836,205.2976509415201,230.02922565671443,235.46728868686583,220.46493279207516,224.68292987438,215.6996375834523,215.67169960067736,223.50844179497503,222.5261764942097,215.0608108989209,200.59350537202477,194.6372392620766,205.9557262233543,214.28999119507324,204.34008069605932,207.7045576371158,206.49536487881585,204.01760048799403,221.0911382141608,202.91142805951696,185.824104704622,166.74772439667169,167.06328907182515,161.98088682359102,152.6018921735878,149.74186519608756,150.1565890747752,140.12915297503537,154.3285889408306,143.5241453317739,136.11648035018715,151.8471128135388,123.75033441047005,112.07882397376578,113.33910204818392,112.97879565946826,103.4739289628358,106.87337581587114,99.01397520013732,91.32041555725029,97.31467960983316,83.05544183483988
93.48263910156632,79.70423621407313,87.09076346054562,82.37602423960328,70.46850146282792,78.51021375390766,73.05867001924297,61.27046565098932,66.3128780979865,54.738485928394354,64.78106245396255,72.25396092079421,57.23381832268506,55.628220836728985,64.95512739145838,55.83089742482954,56.38558395581758,71.41794603671427,82.65447198048305,82.1833659305852,70.75439305333998,59.26276587099012,57.37565283815546,66.67296837348576,57.64444460237689,59.68776101630725,59.516982782110375,56.59791426911559,53.32671362091534,62.481160486555744,52.51844544060128,53.13794663396106,63.044634819563946,56.58708383926333,51.19772841283103,58.5105154435892,51.69432201209857,60.70135785056765,64.19644445544851,73.99879552337494,81.11078627480398,81.03553817388487,81.70240817583007,82.89943702185242,87.06251912749123,111.32130321312016,114.87394965229768,121.23539824678603,135.1458457073035,145.29309115074864,158.87238252260525,179.58363942482825,210.19504256355208,246.57826301897563,248.3516996317097,247.5564551521062,280.63676944841,278.636447730124,267.8868723521081,282.9205386473387,275.8644245004431,299.353174916776,358.1265842418864,344.8818897297765,310.46909919233167,328.67903864504376,348.0662392906692,333.5502749085833,345.9681646224377,344.23746596000706,334.002338517426,363.3818688793013,339.6428713888387,344.73918925673354,354.2649307439849,340.3091574065824,325.3648666137983,338.17544468442617,355.1323258170981,332.4150550993254,316.0437253134678,289.0077673080756,316.06192474510704,321.2819241786502,336.4832028247066,317.1069223307163,374.3946323872387,361.1644797577482,358.8856143556145,330.31409316130583,333.0744964092302,334.2477928100218,312.7120471478288,359.4653572421413,355.5307997063061,321.0282320527846,336.1526614225298,302.0721665584588,331.600514855768,351.7279065273001,364.3068211424349,421.4306955736313,436.5440078585896,356.5967842904915,352.10543120761326,341.63460390578666,359.4472575747892,371.70473801102673,371.2899791470087,351.75875116995127,327.8719389970525,308.6055768977548,283.4969871621434,269.294387399525,243.7947893005937,268.402321091056,221.70548297032644,214.47022378556528,211.22478730279735,198.8921594710196,210.6208761032724,209.72433468153213,196.0370332558524,151.22902679503474,175.89667293504175,231.61522996314932,144.67941622491333,140.47997977319503,131.7796034927638,134.4416480292574,123.1796527319445,124.23712629114574,122.32804451759122,121.25712625568208,109.0723793282847,125.08530364226948,133.78789385357044,125.95034509171992,127.9713783054507,122.80002638764012,114.45274766017044
127.04297376244958,110.7939207939068,118.68582595306712,135.8148290273939,117.54233669200772,110.86281537874324,110.12494925064708,100.61396863153408,94.25239546322427,88.47245198594666,92.24710782617808,99.38060240645024,87.40277054492326,83.79498853464784,90.33389498178464,87.63960688802084,90.98901370636509,99.9700418865708,100.65448574629532,87.64729128948765,87.98075764680142,81.12849414248224,80.2590554288613,95.15004141158292,80.32482115218072,72.6244558974647,74.932728845776,73.48871899496166,69.15674163885927,71.73576747871512,68.49507868100012,66.3104547857789,71.95655653513215,71.80526748500652,64.90454313691409,69.67067943259923,70.3992155641898,82.64461567396987,76.35311948926099,81.86107758512217,85.06938809008663,88.84445877704837,97.4877287715212,106.26387120204998,117.82531030678489,139.26792359736302,140.55835196928624,149.06759061698986,170.18961265020386,200.8751410696098,211.39937160668117,233.25315742341124,277.0889102900381,306.44541691562887,315.3726589889285,310.9997129366268,331.5624723218721,366.7403353747805,418.367195704701,391.0215243996069,398.3097498207042,354.5163738272062,382.1309068342272,419.8207085644111,381.5158632487313,404.66221953029856,396.1590773161584,394.52863140442594,385.238559061737,384.97504343827984,370.7210699213966,412.8787526207421,410.95259246094855,423.0266291663036,432.17198563888473,435.6046247946979,431.1648379710222,433.9916753394057,482.2975138593837,439.2353828512794,475.4823110652807,420.50928095169405,447.33538793513134,441.5790097308491,458.57881147250095,430.5436702507516,491.9036620997453,469.81587867619487,469.389563879422,413.660189532956,443.4134606967161,433.6107663903249,399.4882409783028,467.1712690650901,459.08738856652286,417.14933090336285,416.78297606214295,370.8659950637596,378.3793679399518,375.4026984989292,390.2382529157366,430.7271308891649,416.8172040366784,363.7551554149957,360.04101887197413,390.2867018808977,387.20425005962574,377.0706823546331,388.0502810517834,346.12965137697216,337.6552874091984,332.2290841344555,312.41686601021934,294.88181261382795,270.3014423834093,280.6097632074323,255.812494864684,263.6790147819427,279.5333271002787,245.40378036558852,242.61355625449457,226.4608143188529,238.57256826619425,201.8398019736075,217.7222711520796,252.13782232343763,196.6658699736916,204.5397857175489,202.00406193042463,182.16094761203436,177.65413872016578,166.9741776697718,168.602209502105,162.61979628552945,153.91127001646026,169.76744249684396,179.40284097605505,155.3035372834459,160.7375826076596,158.43454964855752,143.3060119175037
136.75554446300123,121.63280965638523,129.5899577183603,154.63974106197824,134.91240591015804,117.85252807982825,116.38819919361656,113.23089045724048,102.69094118611652,102.15976917303172,99.73910207719352,105.83004829095007,96.47890615269024,91.14990779782748,98.29056376470588,100.9017596170657,103.8413239228499,107.65150604998216,101.46397563786284,81.06904672872989,88.36786429861549,84.56828353253901,84.70431559609182,100.37752592492905,84.8601123890474,72.25560844367826,75.98234515531068,75.43721470811991,70.21097902094198,69.90048136794235,70.08392439287104,67.48265527454735,69.98501541755162,70.91010545790057,65.43666287370486,68.32613346604609,72.74899856528317,86.4247646772931,77.25317801291116,79.43696971630345,78.04309592987697,84.33264402170204,96.85114285252342,109.93880868212985,122.54797624922348,144.7697382680059,144.18820860977877,155.84660974521478,180.1707048671117,225.91668148061328,244.0969743863028,249.7656789507523,283.61263030935334,299.83491438837336,297.04905997871145,297.6142800562115,306.07692045734507,363.09966363009687,432.6641743736444,372.50043623421874,391.224568953933,320.8573103505957,318.2839798234045,360.5643856105518,322.0551945864372,339.9168511877256,316.4832582523284,327.37217119919933,325.0451174130048,317.85985756512724,288.4056576678012,335.95119599623047,338.56533258156185,342.6023515197881,340.0941231943235,364.4022061642941,368.1238217252589,360.6188920826135,410.5788628801615,375.5510309142265,429.630763711648,377.5560262113327,391.467281057448,384.8659040766507,389.4912563611293,380.3933990646623,432.9483549549593,413.4253957905562,405.4379321162468,349.684700063351,386.9288477819342,393.080200143448,355.7615299079115,413.7093068792465,396.3303008957647,372.04342125409545,359.49023455423537,317.7034353108659,309.9648469636968,302.0512152068465,304.7911511666931,332.09025072056704,306.74198230337083,279.4368063889279,277.5468294220013,334.16735366468305,337.3126598454768,310.9905035777581,331.48425513487825,284.7460556326204,308.85506158638253,317.8256644921264,305.9460687018145,286.6326896937727,261.9407561902866,262.50618605560123,248.79530936342908,269.5453418623979,285.2483108030028,242.0253687397412,232.47919826323337,211.55609983953647,230.40153184709524,210.69295020415376,223.79886493483056,239.73334473827927,206.88008813344595,217.70186656839357,219.9293525010812,189.3957758820208,189.26226723096292,172.03377935440488,175.16160387419953,166.7572634867453,167.36202326085558,175.70891917730643,179.2600539862652,154.80781169400242,162.080637403678,156.99922150068022,145.70104539472274
205.05001062124836,205.67151228062605,201.6627017107391,202.88175320250505,195.04082297628784,174.71188214771027,169.08610502357934,174.47265239341368,183.43421690313227,187.83878140953152,177.36563210962382,176.9505692365855,158.4549276174774,165.16285802957236,188.05169182288827,195.42735401680545,186.35823718849127,189.77611923402787,187.1803078881698,160.03425460619889,162.4214763247739,150.89582035091132,149.22888827515533,149.94182285066165,139.50865022926146,133.90424818925513,136.3732757472428,135.60227225147372,133.236310108182,136.58068635241028,131.92296509153095,138.82787671109412,138.9689739558575,133.17807825367052,135.31315281862075,143.55612833354883,145.00701169968696,164.411933698676,159.47132460396594,163.82557239369595,165.74385021170647,174.85425002821833,190.11660472234576,212.9962832248341,238.6941249194248,289.6810330560081,309.38305771353856,327.59701860112034,369.2960951058925,442.456670515269,475.9519784149556,457.4910697629662,488.5163687384537,522.6604779283983,542.3403061527199,538.0686801058584,530.2966518494783,569.9285818098949,548.1537788304001,510.0671442335519,542.989347716488,559.7885212818848,574.2492801540063,656.4676462818206,581.9339111251777,571.6357981383799,545.2407566444007,577.9109879310444,620.5319670883523,645.3290259651407,553.0647921953416,669.1629249039729,614.3229808616826,583.1347371766994,546.8114673929476,592.3232520603884,598.6987311024897,587.2473863492856,627.1786113674845,702.6861273012343,704.5681465145411,633.722840866914,585.9055108516405,574.4639014144898,533.3930562542283,574.1405626129743,639.1653412946972,713.9297784228527,638.1894652129014,615.2130751993176,584.6095721942893,612.3857333076387,569.1744271705946,615.7286805523129,564.4239308864338,621.425274457514,593.1471563458832,559.0861035167467,541.5555783952328,530.1282659239445,554.0056237239824,591.7129990422909,489.2178286263573,455.372026812439,463.757843985511,530.5440451225047,552.7289464114685,506.52039276724025,519.7001874886531,452.19059661868187,536.794711908955,536.7938791666336,517.0125785938434,490.7784901283468,440.98504698676334,434.7385398446909,398.6578676282271,424.5327251250666,394.8062352434397,347.6963231666832,337.0541610960908,328.0544052580093,318.5692215733627,316.89206007235055,372.86192953132513,334.74175070241137,297.9917191213558,290.46097339963734,285.0020844517153,256.2986535992231,260.3862735842432,238.72851829066883,260.67743944490167,254.51238138100592,271.5556751541653,302.5960503170681,264.09117724477306,242.71416288047712,233.92502202802928,210.87899100014727,226.08074119525875
443.96388311271846,407.5658472577145,365.4178527655831,349.28323770213814,320.46357239922605,300.493183627716,320.61160953257723,336.31604814901084,332.5901548299319,333.9827018190496,325.2463430041959,319.70260921708564,291.8229717639173,301.3814666922576,315.49513122714217,299.25008696350864,287.6574530058139,300.57526481842905,282.7527315824423,264.0775900663785,261.4967924711458,250.29326165557995,256.40891046026104,256.7284804444952,244.0207392365951,248.34581689866584,244.4179920244612,238.44540447664903,240.40388459377328,244.7925029209081,234.6659171104789,240.80087759917524,246.24226333783045,231.78487299860183,238.0456771996002,257.429870272248,244.9283105226965,269.8451353029063,271.50078628995567,284.1398080271579,286.4707793476741,331.5075766829486,325.5853766797954,357.8702006146053,390.7256540235584,434.3601534847663,499.43460007753566,521.0264934288689,574.682890120841,625.4703073566043,658.5566659329938,635.173978545326,668.8310529293522,703.7640288741228,750.8919912647893,780.8656621496057,760.5246694634183,792.830196744995,783.4299635335101,739.601978630981,773.282284152185,824.2842746751917,849.4984906056521,890.2191747253655,811.1502425592101,860.531786275326,839.1325823491894,870.1754289476344,983.9635290339498,986.7652688644528,870.7015807252618,974.9534935637166,882.6045667915233,854.1650340368124,811.6408069615113,839.3834222983686,837.5416985714953,838.6546881639514,894.0751543155361,916.1488470622212,869.9263704528576,831.3776139253938,803.6580052569312,817.2127860568529,769.9990226791655,835.0855919645478,842.5205188006689,880.9506487076472,823.3939561769602,801.4356374969537,769.4410227004564,793.7243727940713,773.5314146895757,774.9712665437788,754.8241166497179,807.4414439692073,811.9429934425494,804.7253374258636,786.4570298705228,750.836875351088,802.9071159982778,798.0960907511429,715.7639507883467,717.1527078226095,724.8803058984356,787.3320351116031,770.0653019443596,737.505394046224,748.0555719924213,679.1750037372663,746.8253543857071,770.0977889205373,702.1871654522686,687.6424031075026,659.0721245028357,637.6867036373652,649.2908266547048,654.9696328952725,603.662232734519,580.445699287736,553.6862844706448,575.3176643091653,541.3639637150244,515.99792560428,561.9117896661738,500.59979404469,510.27164569150943,510.23416764422586,483.8142189249388,446.17873274691806,448.20187524932135,440.5624587266468,500.65343574056607,467.2628148902456,449.87979851412007,458.3355598594309,436.5551170590005,435.4653428290695,438.9218729638263,451.6181571130838,474.2742734706728
449.6805483390901,395.91304546719937,345.4043328887537,340.6838969543987,303.91687419388444,288.3049609556584,312.5273529977952,324.47709701822504,305.48906077314086,308.12117512131664,307.99411118977616,301.6164830929447,272.5882803063945,276.22960517292023,277.45860525918386,253.7425477946377,252.86416111717892,269.43951195624606,246.07689543842025,239.5132544143087,231.0100392121154,224.6050180506217,233.3002820911611,232.1367448727511,219.56086960005908,229.8613884092326,221.63242298156493,213.70054883688,217.89198682217992,218.54421680958416,211.9037792768545,213.3467031160472,220.77860554700248,206.78180820422136,211.18879488552585,229.8609168699141,212.5790434066536,229.9922287110576,237.4864848705746,254.6695755068233,252.74106012046065,306.737581054217,289.75293859108194,318.0483464508756,338.3274144501976,354.08464370896496,429.5870140608136,443.5343954447379,494.8864895108677,509.3496697515206,523.3383252027634,530.2866541988299,549.9670164527848,571.7790945469458,609.1534684977398,670.7274431443561,647.6278716885009,674.4018553877615,698.0403868624919,667.5162771465101,686.8017617408186,719.1244510154313,738.7906636183784,723.3111481036951,684.5129678093542,771.8096977414679,757.6804399504301,759.6247416592339,908.5222943845754,875.4181200312007,785.7554098156048,831.7435439655559,749.952916430735,748.1180065935538,722.0307823007654,725.4838447784704,708.1915602359404,722.9155020620435,765.2483903991068,705.4742962671958,666.0013122300974,669.1042381578695,677.607141811727,707.937454863583,682.7294143034756,728.8453939427808,688.840121622995,668.4337588773558,657.6627619571383,646.7598226527111,636.6575246282242,642.1928167083473,650.6371145730423,624.1941157779763,630.2228007012708,647.939759100038,680.5392504592787,687.182395185121,671.8642532211497,624.2645596707699,664.3491210346926,634.937836963634,627.0180946981178,651.5593107892657,651.8546918679799,669.8864605645947,638.9779234570652,633.6923647079262,638.0267759838606,601.290238794318,614.0138065290497,650.0584401442156,572.1996940822612,578.0711662459306,579.2886396973893,556.9179860711416,603.5405716913252,584.8961365496939,547.9162795441167,557.2614701153205,523.543315078169,556.6918806722467,526.8217226105834,483.7511450536149,494.3363071370476,452.6321356944397,484.2481847321279,490.51948855293534,461.0747847223212,425.8729912620195,421.7025097168769,433.3369368562431,483.7479491637866,450.9851091152295,412.424997773348,396.855627912695,405.8104750396794,423.6660632193436,426.8054807587783,468.7312080983236,476.0810805430343
555.0134803593116,483.0361485235361,435.05252145268025,452.8819169232909,436.5835169554821,399.7800936282076,390.8760179337331,394.1363634543664,368.4444398080656,388.4667157275129,390.52411945073146,390.00635668865,352.8317202249801,349.5074284848675,347.48984364977593,330.19333388599483,340.991166642365,348.72189274980803,333.19592379471834,321.4772526715491,303.4582421942163,297.1727154111621,308.2267749070421,299.39561585724766,282.481866300517,295.7341849922976,284.7357236023563,274.941345092134,285.2819723963211,279.9957812662914,275.8369034902129,281.72288032082935,280.3661045854438,270.5435997437133,277.6340625984244,288.59826439011897,274.93188485365977,295.4725530150847,294.1398629801122,317.43103932891154,312.131383905002,359.82353594734366,367.87665698647567,404.486197951489,410.6790927845592,451.7793689663061,544.692095251657,546.5597835772484,616.5534534882489,635.5348993224983,635.6493243131116,709.3748514514821,708.2600051109072,742.3876110525191,750.0443327002567,806.2042864092097,769.5083408104628,788.6665597629795,834.2812535613094,810.2063348951835,826.1887109668801,824.433741885344,850.4718867607027,830.7836634828498,810.155192038782,895.9034446739452,901.0803746506228,855.6787811917069,1029.0259226106932,966.9365009149968,917.9304588902236,949.864638922144,875.211755433593,870.3481246934033,856.2771356365719,881.5988588824372,826.8004728473186,832.3834859029178,858.2414643237373,790.7169926184098,797.6857699205494,793.7378578793066,807.8114440992717,881.6270601585044,844.60607894924,891.0145071978078,855.93276215581,799.2772855146735,768.3079703668509,761.3313048229984,776.9029187246164,776.3911267245111,777.7220661170351,772.1315162306001,761.5847025339891,774.5132649301123,813.1936773839367,809.4172893956302,767.6635366503309,706.1431557036848,730.8815926143342,722.7141979733351,723.5231137735241,785.0315316691983,752.5717520590392,769.5564499879,732.853717174716,715.2582636637086,719.2064987152851,712.9525196722785,713.9559964075102,751.272138448271,693.9680158587151,691.9585305014745,717.7678946800711,708.2029701139461,738.0428117570111,702.7703308298221,669.9546854774854,690.2499324557483,668.3330875854516,695.7036618224435,662.7574791038119,628.6487164829359,647.802012337953,617.4567979278362,634.8890295595089,643.2299985255173,625.1152439585557,588.8905740337664,598.6436447939931,605.4102182343355,617.0691316354506,589.6620516892978,546.6075604250037,547.0385045051684,539.9474371761111,568.7717803433725,530.7130449184548,608.1886140548183,617.0199317173631
485.86961098807,427.4237341672191,415.9846038493699,445.6721046586106,441.5456062651325,396.18630546272135,360.19048958823174,356.02114597586933,322.5400972131282,341.0641605804083,329.3020802082938,332.47401771485767,325.3035188738551,320.1085996816481,309.4267677580212,311.4031628451999,329.9065525880319,310.3591818691603,317.5225831880464,302.97553685267013,283.9573180728592,286.35489790178315,289.1682569136349,277.5299548237462,263.93961822157456,270.7925567457511,264.7810735120839,253.06815668871832,263.6103132482445,259.0215223602104,261.7514475948129,265.8620515126159,256.5145417301388,259.9120256054104,269.9233353692348,264.43337418923693,263.9943331103363,282.1002867694598,264.4975190245419,288.8594118465281,292.13941603883177,312.107475265159,361.9133423829708,371.12160131527,368.6873440492107,438.1208367769484,542.0148098620923,538.074961257244,579.1695716773168,581.6608163975301,584.6632779126548,666.9490632521691,640.8986324666228,664.3944093925447,667.511649132126,658.942247198025,655.4846077403232,664.083068292955,706.9416690678069,707.0076606518561,674.6245890234201,635.8810810760757,674.8314932504366,672.2299984513488,658.2173532166537,692.4855519708997,725.7380953302591,663.4563875048899,745.9136041044616,694.4862605311317,731.6073115381954,744.8311540927234,751.9853174166852,751.7964658738244,733.0958182465052,797.2397021752488,749.3432988201108,681.4324751444061,654.6428033193957,618.7684848484989,701.6186748873866,674.0497797743187,686.2242947528495,753.2131176865275,709.9857280809302,717.7135232596919,724.3092435167558,646.7972487591787,594.9076309161552,578.6625095480402,624.059933204238,615.0133180784038,590.5279827003545,626.3275076604375,603.9290037984061,600.4501310473578,628.0320607575611,622.8620260535289,576.946980922166,543.0982431567006,554.3247785560019,573.8333853988812,570.8835601741282,653.5851863923175,599.4298785785126,610.9349137714477,565.2580443474145,531.9534862325934,547.0919977245112,568.4965434031384,550.727254084155,589.702223932585,594.942262991951,562.5199654573704,643.9423227712252,696.874631992283,677.8387987907633,659.8931352006202,628.1370944230108,615.6694394478385,629.695785388611,635.2818418613404,585.4923900722721,617.578834441021,610.675601856902,586.4567406217415,584.2718263041028,582.7705304208605,554.1775312972746,558.2108158230058,597.5215939008997,580.4701630660734,574.7725717107762,554.5692432279991,526.0262927456698,534.2882848370668,497.6072187957796,520.3405246234571,500.9821494588413,575.7702114311024,572.007708423796
251.9720822306918,235.4055132940538,236.8030162311405,281.04855662936205,237.8307697820653,230.15899834093733,221.51378622534017,217.71493380647772,200.683437347444,200.6410748889141,188.6120622275408,189.69938578611044,189.30948177607905,181.20546232331057,174.6458087904817,172.7748430545363,178.95389704354355,166.89725580672777,163.656974285257,163.9780501528757,161.13630771370472,169.3822216483612,170.59458723970775,166.3296786941607,161.45440405503214,163.00023223108374,160.70017638581197,152.40544833869828,161.32738504579606,159.88862717006373,164.99452085888694,163.9865717731897,166.83994696130918,171.8705908328048,178.84829653542593,169.04335963870454,173.3673746143129,183.62445804200917,173.58730871861587,189.8462926579299,198.69205291592928,201.26473970994172,230.23442997604437,227.7176382211833,243.6493170111606,285.58372281587697,354.5265268310605,369.2183587580805,423.6998068576301,430.2382329224129,430.80599270920777,456.5859935590013,453.83180227404085,475.4325670245878,500.2179226610988,489.8771443114968,522.7816333879232,540.7782079338446,525.097620609484,548.3449502500731,536.7778756503833,535.6382486826046,552.1490134277227,517.7048513603075,516.578038160816,517.8527997277807,511.2779449839028,501.471242563953,552.1971057479163,516.7540703841662,536.1677713307953,531.1432648755358,580.0632864470675,586.4038387774596,559.5682457808878,591.3052035300273,612.4190390462453,518.0437632955399,491.48904657058864,485.3588904074033,516.6383944702385,505.882569493502,539.671288287737,538.6594221043464,509.1130351398056,468.0588474796453,519.5647259993663,466.6296288770532,423.7720890732935,416.9107323013425,412.4502018950246,400.7430270328202,380.38853496885673,403.6822118172647,392.1467923862402,386.74615952366827,402.1443963262986,412.9429654974788,400.375696221989,390.8399520844796,415.4458504757512,423.709466871021,416.1941939241389,456.6783374828217,437.3636002991115,414.30891857211367,400.2852022727209,388.4598122428813,412.2774988454592,411.10329586743103,371.7054179434345,411.1828603948218,437.6653667238466,385.0633451941296,451.9027921304476,505.6632678905522,483.3933794751279,467.1318886966733,443.96090497893823,419.4792333481949,425.4812822517009,414.0478190303152,379.75273506527645,452.04545373572506,392.91610059224166,367.9795561520529,345.6605271335859,328.0056263026567,303.75452515860144,309.072135075618,336.4612261154272,316.94470159586456,341.46997344404934,342.67281779162573,337.2190307496139,310.37819805406093,289.2141439530473,280.73267113465226,320.9636408845469,349.30008787434883,311.1421206863683
237.78464852074256,226.4628138083993,226.147676368078,228.1037780524775,221.29461180557576,205.99561588640083,189.84566333969232,173.73005419911655,181.11653651782555,189.3515284161976,183.0314343509403,188.8006720845381,186.98990772962176,180.76129410800428,179.92744531386188,167.52735333344202,170.0395859371172,167.59852018794228,160.55913947988668,159.95153522426662,165.49127784668082,156.6578899977523,163.96690658554775,160.61170900541714,154.5789574241126,163.09843720423615,157.7803251086064,157.29986842834586,160.59010179620512,158.78000572513295,157.86400008002448,157.25790882786703,167.37406789667986,174.0206532403911,171.0526095162764,175.9552534057658,179.80854540204237,183.8749610610308,186.9712022451113,200.57480169103647,207.03570846147872,206.350500058626,213.63165152746723,219.89642915778688,242.7882186913801,278.33253306665785,335.8006089356646,356.4895431184573,405.8497203117042,480.2563567386193,505.9136498341763,549.0994271275742,580.8395974757624,623.2220418423217,642.2089320573998,644.915565639356,664.3183340064996,664.572503083769,705.0216999339845,717.3271192965999,761.0901600079327,867.2250100245152,1000.9522757215562,906.3772606522042,836.3039804658124,864.1998994117372,836.777815016877,847.012747713266,841.975572851654,811.5649990628046,837.3982686566593,831.3266914415185,956.7926834377622,989.7790273860206,998.1145640514766,948.6422768730216,960.3691249643098,930.148699643723,903.8454595957566,951.91162812089,843.5177228854817,914.4776113941924,985.703878949612,938.1666219269148,999.529987829391,933.0961791772768,941.4766355626908,902.2417899145069,914.587554344384,881.1380148378943,867.1139394216333,851.9354587442058,820.797977094887,860.9269880679126,814.5982527264106,827.3277364725086,943.4936160239564,1018.9041063386662,935.311359683513,879.8120891561763,934.5552521556848,855.1962133837429,805.8073352298496,908.5391633410302,895.9795724805158,880.3002389903888,836.4652827631406,830.3679871201431,831.8343134589987,819.2250441322242,698.0445830960701,744.7997971581783,677.0103775028962,660.1679117852043,687.6160203161608,648.6241201818242,589.8691076559594,601.8151010983815,595.9888444627235,534.8800488357467,483.804170021961,448.1118738664096,435.47257569382833,434.4900118895827,420.7272140068386,471.2642186796022,434.69693499671615,404.6402366092842,397.80592727689145,386.7948791799893,417.9307234572452,412.55011634755846,385.95316487195134,397.7594816891704,388.8708257688086,352.5674196956029,318.87100996791787,310.7189664383067,353.17498791087166,327.0268123306799,287.84370387628366
564.4474833690757,533.6683779381221,439.1055943550134,437.4474477364452,459.92504214724727,432.0549242177879,406.330293989481,361.168430436437,358.74484042502826,341.9686520988863,333.97069950385867,371.6523632146423,367.4808930225513,336.91617426363166,318.5530444521347,292.4268932162978,301.60769978851755,309.0420455887185,279.7315082780871,285.3057814286804,291.16566788182723,273.7962882156525,296.07292714689453,286.09470932787184,275.089330511396,287.7190250537328,273.96915615791806,282.6480780615373,273.6920797880998,268.227546536905,271.1650081636376,267.35142031196006,287.9887969245002,284.12364625544654,291.0631052970774,300.8547417997083,304.6551408031223,315.2019886218286,317.009320840988,332.77813912373693,352.391275703184,344.02246742562033,362.02730577466485,379.3522465877789,418.07557618838274,457.4214377474021,560.6146714995697,606.3057331918178,697.0041689724302,826.4649398040343,881.4410729558624,950.3311671781728,1076.591400566247,1149.9199785168505,1165.3489455775127,1122.6184065171512,1157.3980296640168,1128.3582644957391,1142.9041402907912,1182.0745517124794,1228.7691648812695,1364.5606883516127,1449.5161411439242,1426.732577087528,1298.011017586469,1260.5469135004764,1320.7275726860848,1390.350541866726,1294.7404599088268,1306.0142247266824,1274.437281998246,1285.0159590697194,1412.8725826922373,1409.4610831736738,1345.1409716351986,1275.840534160178,1263.9684658999035,1239.8183931105227,1274.5180713961363,1315.310112414321,1208.2585508482896,1235.7819022079375,1263.7409212550374,1253.1178506129252,1318.2222492952628,1218.45879272504,1449.4093064583403,1351.838218203629,1280.2155944915269,1170.0719979594771,1204.4777985281764,1148.6596585958976,1080.5152301388894,1187.1320908376754,1170.9093060722355,1158.8447398585372,1271.1548604860036,1371.4633238103625,1242.2874487198662,1185.1967746275689,1277.9442254296423,1169.7137717168112,1111.597618128309,1297.4189322437162,1259.2436715881104,1195.3028678049657,1089.4968534651528,1144.042157137702,1171.4933669198772,1130.0190556784933,1012.0160336789623,1198.1751757289337,1127.480262151834,1082.3660765257996,1037.3561893967485,929.0077574900318,887.5228599738176,889.5061710550453,881.7832858181122,794.6176231673631,792.6727290275066,762.3694998915867,778.9609975864432,779.2034313850397,732.7108010464704,766.2265683729901,726.2072750560019,688.4751097035332,688.0635937968026,689.4860802167585,779.9763774176058,756.445840744472,681.7075323991268,708.7427075784999,661.3562867990471,626.7899857963155,569.0336582417028,604.893912348162,642.9248807484846,609.5215294844901,554.9763931551634
520.7568328516521,508.99624306135456,387.2907690477326,364.9850169281042,371.9346635575449,370.0143356816324,367.4820935948465,315.8547291755056,296.42237220613345,279.22694362221046,270.82563472129806,298.8838323315287,313.3563242932848,279.41834236257944,263.1881954125251,247.98953248309297,250.12736368897168,259.3002841593526,238.34515505112176,241.20195746965013,235.0311845199262,228.13609735919272,239.30060364399512,230.69194925278595,223.95173286726683,231.75110419202343,220.91967627953144,232.4693380765133,219.59830360256612,217.28105301658624,222.7318857175201,215.5065928922237,234.77810553619767,226.0706654774042,230.30232861014127,239.86546897989456,244.91904488307557,247.8143383461532,252.31628383215804,260.180865300864,273.9822992450355,274.583029489172,297.5134671748621,360.8811228603287,382.4913797954444,396.7694624074914,477.1701405426209,511.7612033872698,604.0773770326155,650.734372879435,678.1931532527087,718.745094377215,820.5902020815773,862.6809015728048,862.5045782756488,830.0281423407754,855.2551562455367,860.692292359599,860.5259125029465,886.1932056378873,897.2498070749244,972.5137562508698,982.9376698871698,1005.5422089706497,923.9628944064084,880.9371809410694,952.919589380316,1008.7554780839808,967.1569590151446,964.6738871923958,916.605031846878,943.1770345967644,1023.3014505620808,1010.6064991007048,950.56969343956,946.7142942792362,944.2951450302708,923.5129993550404,1008.6753565262434,994.150782930871,954.712369927189,904.3680297699016,898.2171791248551,965.9745140901296,956.4796176364468,887.9574231792521,1059.1048669685006,973.9790623327572,890.5039136586394,819.598783852602,858.6393338764897,802.1983886337509,756.2783642781658,831.4682079139183,829.5086836218777,807.6649315122295,853.2864856834971,927.1331486747088,858.5550809527455,826.2817804707862,845.490707832698,804.4850666708088,777.5095496946695,871.425346813599,864.6751773506462,834.0353472527005,782.9048102636901,841.6555741633155,897.8458380328053,806.7573426984324,748.7102467545755,897.5570121900696,885.1594020724889,833.0878917199682,803.5424809112903,705.5697334248545,673.4747599156034,673.8789694581104,672.6360474538963,621.5662831372578,682.2961167665452,629.4088848071359,628.245389284531,623.9447494749182,605.0638990977974,567.2395836526689,546.7427116456981,547.3653438891107,547.6379491174495,567.6631244831327,629.5330783760902,597.2301602516463,579.3800199666429,589.5330434295064,565.2275681793078,568.6878351936052,502.85708693592494,560.2632928428666,533.5624368652137,510.1230679396423,476.5720317667162
202.2741144756349,220.1872313735928,205.023898267233,162.14312462664955,134.69145376765638,135.7126332806028,144.9965333955437,127.72534731669744,118.46233978961912,119.84596160653304,112.6282455674323,112.13034614758982,122.91355742035174,116.20090362461,115.68051917628516,116.21123379391152,110.00046530706696,112.93482649890034,109.3812074626411,114.28570194824104,108.73869535921308,105.87662062263016,104.03284523900705,99.85652124131224,101.25109133834157,104.74501174133655,100.1882539571045,103.03075291608936,98.25155470406466,102.94456161669044,109.29718005812674,98.15162958862588,104.00590391875288,96.9158755474512,97.17306090536152,105.61556439402447,111.5891336265197,103.89146625518354,108.67781469794195,111.19360901451444,113.75206437180576,130.1507970118754,139.5089846056707,183.6737007633953,200.3334159117489,197.56633280803223,226.47466038221052,240.070332664613,301.03188994469383,330.460658227516,325.33807881245065,332.9711310164488,343.8386155533811,358.97077768673665,351.740831201897,349.59363935420305,376.9321770415405,387.6522025076745,385.2862621388276,384.4853997326393,398.98030769711687,398.6006234769374,408.6978445193845,405.7912476428603,396.2104617037837,370.07060546602446,390.2118018856727,400.6526019651958,422.1486626256191,409.8309339364595,398.2675644871685,410.46649123706567,435.5519842902826,424.3721983077792,402.8117454612423,457.64637318668304,458.5611565114854,473.49012237305607,513.0479949201424,460.5687293640768,436.32754990560943,453.7401319099716,461.3109058516039,497.70350115704326,467.00023520189416,433.6891831568112,412.1850659615176,422.46599274534105,373.287534068065,377.58605337123015,390.4960377603216,403.6287215028806,386.4268405204237,394.1544022781674,372.3484683039452,371.5207829588391,363.0248107430552,379.65273285260247,381.62011055017166,392.2772651986155,360.9175691009934,367.8931886263727,362.4237195999525,345.8985157461325,353.93192397555333,383.2832772202132,388.28886386758296,378.8481326281572,396.4765199286035,375.146737585442,374.4061558038812,372.1945088701436,366.7572139344641,385.45153199706704,407.3365690681744,399.005666680326,361.4858449860747,358.9729954702552,378.1151240324968,347.6040314187965,377.2270917783337,330.0076875625444,298.2426350302524,280.8744300407674,310.3037923425141,259.5962143211712,241.68860134121144,257.9621140385324,251.723589850522,285.6658002879847,306.82498656141746,258.556504581829,296.27457606164614,286.66693291641354,314.1304235996037,329.21425915063287,261.8452288768605,292.5589228298639,222.68011099619528,206.13154758177456,197.69376406657733
116.84747258215276,103.35360799334411,97.0517254365493,88.25688834480279,77.21935673066622,74.50426511784262,84.49294729960856,74.99134174376621,73.77064313081654,75.59177660983808,66.18286920501818,69.69756749979517,68.98496865235676,67.30474306198033,71.88092224287946,78.16982297817567,68.10069058821279,67.30320652104396,63.404922246554825,68.65583100570268,68.91173655538584,67.14739258202431,67.49292659222348,64.77353212277893,68.87219459969037,68.55904066565546,65.42999632731267,67.98995341421976,64.60723762265027,67.46030164045838,76.91282378912729,66.31435535684936,69.1853718393158,66.76224483762073,68.60189018093082,76.38275296631097,86.71291973038223,74.24791129766878,76.91490246001968,80.37775758872645,77.57669096883849,92.89726817951914,99.2278783241353,111.708063968968,130.07650265083677,134.07397213041594,143.943948249284,157.27832666687877,203.54727920025127,260.73179276433507,275.67517068909086,305.03781155015264,315.0289089370518,332.99126425790666,320.17494296211834,340.5449300323266,406.7481938736843,401.4535961520966,390.1304806698753,373.09289824586085,422.7185489477401,429.03984571463945,451.1092163562486,464.3433661854722,459.1950359778185,423.3249448252553,456.7680168709402,455.7052673130919,461.0439115393083,441.8415643405003,432.8571161214264,450.09586625941375,467.24407960934127,461.0222025476493,428.2612947132062,459.7277035218309,439.8189680821697,520.0722350423978,521.4777436291605,442.3713389552997,431.6090343835203,428.5790251908607,439.6850740966556,461.6627690475818,479.5776894132484,442.8071243541793,437.1255763906077,481.28686297478106,421.4274752657762,443.4907096701904,479.8187905916601,482.6351129612119,431.7573036125408,431.8188844730814,404.08881504755874,410.8607839221965,405.3195307498876,430.5162719285707,432.3702002212431,470.83202415117904,417.7593500211218,417.86406376675154,403.3641467479529,361.4184482678279,354.50099328398016,365.01486338259787,359.4703120063396,341.18436828971346,349.5651575147557,407.1684591426872,428.4307101974549,430.8158141042948,365.8909418537822,429.918257712441,384.3665903758522,460.5903474198898,390.8895335568861,357.0161392938191,399.9069288448419,333.5604678467963,330.7373769198606,294.53502530954745,259.83072812280625,255.50324509613287,305.5369406452848,236.4132156890624,225.14291516491568,219.16582967169268,185.56089376774625,182.1832725140072,169.70274046179526,163.61099946393557,161.4755396265608,169.86183823495463,198.94846900461647,227.5008493149946,187.47667435345065,246.0352700133534,152.53899153382238,130.22776919046922,125.84721859014694
68.86970730901574,61.00212366074838,56.30595342470591,55.0349952134781,52.48642699925692,47.699290214812216,54.18925971251335,48.67543110933602,49.21418647779185,50.80554296498347,45.17589663264248,47.43070488038992,44.278964947208365,45.735780887937125,48.30541166174097,49.36579993531032,45.56152817479556,45.462963989549685,42.700272582712,48.46653758466952,48.776312668728686,46.768354457483085,45.7353412649335,43.333132662801376,45.88617041042345,46.235397106894375,44.10942684527921,44.43759966349568,43.11853696967352,44.7649164379055,53.34096427823409,47.39090398838577,48.30223831223907,46.94509038308262,47.34721927282995,51.72067541662413,63.1937740810038,51.733289050907466,51.31095489476932,55.1879811611734,53.0356739308045,62.09912433767349,67.98063308001089,74.79184070346996,87.07088305309648,89.79617803354463,93.32449939298364,103.47322554861246,131.74230770213228,175.6629871387211,183.8824373203713,193.6883667557769,201.5857670247753,210.5125052670881,208.5803706794479,222.0817682142666,262.35129244420096,253.8302825098824,245.75670736251607,234.6789109845638,259.33739240638926,264.4945104458929,275.9995443232789,287.4113433798834,291.16253613221056,265.46592198862,282.1086937366534,283.2043543705512,281.63140914657424,277.0899974012244,272.50115570197465,279.66477413068264,288.9847461966896,288.0267574094068,260.7797083201909,275.4977628876111,268.2040730914843,312.19367497148005,312.64227971192463,273.8162786745864,261.32557975526464,261.1724075610811,272.9407654394299,279.7282890248809,290.54500885375154,269.9197499098963,267.22680830245355,289.40948844115815,262.0999028134647,265.003842431387,279.2500749270374,283.9114862029924,260.8740132086729,261.4942261646008,249.6181884590424,251.4902941806689,248.7525134628755,260.60458042297216,261.3526702232508,276.8922043497847,247.9983280806608,253.3108840347749,247.68894564915036,222.5644662701438,213.81005956689717,217.5238351608579,213.04608865075545,210.2101447706937,216.90207423879272,245.1221501447197,259.6374600956356,258.4472832423369,222.1580669552181,250.51166014537952,220.82210926871497,264.0836769425367,230.21567992614337,216.73003258626045,230.3407172849437,198.4158655604995,193.34027346823112,175.21921942351727,156.28402075250148,155.28171588122405,183.745102481005,146.05701011278973,138.26769456540114,130.03138067337647,112.49750187271552,107.30547174891434,98.56802378953154,98.85521129067185,90.02891342339048,98.08197237498152,107.81281695269575,122.14495770629684,104.4684301742948,131.50480001535473,90.36097748316142,79.08123525373679,78.12162512422678
48.43678003897765,53.150166517636045,45.15027825805864,43.87702465583386,55.66193143408405,46.09433998253622,52.605721575871776,50.15155110268523,53.827945086174175,52.724482483911416,54.125014917776745,56.337089933242495,44.95886332840031,49.570569010881,54.22728564765474,48.9044464566632,58.793580992350265,59.42120158166352,58.19556898817702,63.47333709509302,65.84723717991866,62.527488981541154,60.61475074027251,55.55219114893734,55.01239694579123,51.80857245117989,50.5545869368781,48.00356676386845,45.92362450816972,45.72955534225407,54.88894395219138,53.9170148160873,53.30673556555513,55.511440006887845,46.16157996406465,42.607856131258096,65.08745602748017,49.394593279562976,44.60452033776008,47.72791158241613,49.26488859745668,50.08560300095007,57.29090103002765,68.00789448144047,74.20385412784833,79.39220010064922,88.52683082550816,95.223244032494,105.46006621795644,128.65843956199876,128.49794112041,133.9198878348917,154.14433211396064,155.38519237270793,167.10276439249174,168.38391813708617,176.24469362100717,181.38786060949707,181.17484499691412,176.58776106718162,192.98650828967408,188.09775001363084,187.661236388375,193.92420108046448,207.95990698812932,186.73417194130013,193.5889363516441,194.5987793614312,177.94666447642544,176.6131977012462,170.44357999980645,172.10232221665774,181.40185623951788,180.17706422683688,162.49529659852178,163.70677904202938,171.8714259218398,181.3311553409677,182.9762690276501,176.8659551593812,170.09050141853675,177.8894848714866,195.4969514867162,180.92495232883903,181.28507029215655,181.24207315929883,173.26967524176806,164.77017534470002,174.10806158187052,160.78739869751834,161.55535815791634,166.6991768279624,160.8700334925111,162.93890954045537,154.42684664576632,157.7038164960313,160.79731174104217,158.590963559775,156.9226849720259,154.21072482502493,149.53914231468178,160.7123814117522,159.07627789621571,152.3166498669094,137.7488126077747,143.69141853505764,139.29653721585328,148.04729674543412,152.15220330521208,146.66690654588848,152.3358902489562,164.93597104703096,156.37854557622748,153.31064989892795,140.3366973983144,150.11522404591793,145.63822245537366,148.84284995586466,136.42142833111157,129.4503858288597,130.52175150181358,122.19420096812432,110.4675208166359,115.70985118800854,126.46732784799411,118.18858066394309,113.77919530457798,110.46144553534388,101.44604531685556,95.62500686781402,96.31074051321814,94.18414800402674,83.27489619822367,86.99500470089457,80.21839370350632,83.72996075874615,75.48827202936505,71.82022723443934,66.21572709356562,63.58604420110412,62.854257478880136
40.30272021156546,51.36042173369134,42.717958795715326,34.70301141170384,44.02514152418551,35.94680186812866,39.64809846311588,39.56996082516854,39.03972608490509,31.219660665439875,35.27151416884984,39.646382203368006,30.086930484501732,34.06517571981501,42.482581642796205,33.74291074037583,36.14700793650105,32.98861654681861,26.814564634533912,29.91285993067983,33.735476874405215,33.52680344001287,41.46690487339664,38.842869213734446,32.14387863289606,33.13428735453984,36.97519652350183,35.16739327701793,39.85430285231786,42.088835686643165,38.51015282056681,37.95131814676679,40.71451346102771,41.99498195957553,42.61282897435814,36.45497633143548,42.11342765471137,40.2786116620999,36.33680431809456,38.015942585070526,48.05334957042919,46.49169787591658,53.21606702691832,69.47359941437392,72.3531721795548,76.179957334961,85.77084408797683,84.46117262803791,90.20139749170256,107.8305378045445,116.17323678224868,110.09383119118807,129.74263012949044,129.87371750310876,139.57264548641646,145.96355759690013,140.15118961491746,160.07872728615078,158.18857614976244,152.4215860843912,154.84199795122018,151.55297356559294,146.62497992800678,160.8619889182707,178.25694955488407,147.91954186987564,146.91447586629556,151.77245021554216,132.1780906403857,126.34914932554604,127.39932009851324,134.98425351823948,160.45212005201117,153.61319082429858,145.0901939578655,144.36892404287087,158.48759144811677,151.50314732190748,143.55185158290593,139.44796859069723,148.75688611505447,143.45935037212033,170.07036494118694,144.8787201737346,146.66909335473105,154.37378440899056,142.16137128461185,125.82637816890008,139.88989037435724,125.62794948324228,130.41366642361442,140.01028561638634,143.95577524102603,133.8222771492769,127.4044806837744,141.3468844120321,133.48158382324482,133.54658151551004,127.36992230501622,120.80209123769554,131.23433506744183,141.018014066861,135.04519160467865,141.0935837884549,120.7579149581176,140.00256242275174,131.4746381846514,132.1418548974449,136.23061751375468,128.50661998529785,124.90459901074595,133.36004590852082,135.19687277635046,133.82908818801508,117.3154111346232,121.6328517436813,123.13074903761034,121.21130709039215,115.07842620248452,103.09380873969562,94.49669282833072,97.44143559523704,86.15458970140807,88.64741670599079,96.50554759188074,98.2554823476744,85.28573267142649,85.89708206961296,75.65118349688879,70.92008364903859,80.59767360362234,77.04405043863629,65.26268007876124,71.81337078084279,65.71570234931635,64.72532759118451,61.46900693845827,54.73282986097369,50.06579525189969,55.44182339026272,59.27686255867079
45.24581262739882,50.35576295623908,42.94107367631788,38.34684433356087,41.85027065273079,38.243491994976345,39.15519624999458,39.170768369445,35.4948479445142,31.56150247399434,33.62890513799137,37.23882745714269,30.791992282056263,33.29212756142908,38.77437157787538,32.68226738552569,34.285643165616285,31.534740649377778,26.578338204971725,30.17268453552232,31.081927051984305,30.201052330323964,37.93381270306498,35.236772348082,31.70228282989254,34.02934621565405,35.70162160907768,34.53797390702425,39.77053054022324,40.69123600925993,37.43544950464069,37.00496720540679,38.45206107025532,40.09001140386104,42.2039075991496,37.37641964238728,38.1922364529569,39.68976414595786,37.46805204936447,39.13393865499745,46.85726716947602,47.86376908572748,53.42820226398568,64.90592180072272,65.83117517111187,73.9626086373125,77.37478122141307,77.43845631420884,84.32344752355674,97.14315481691791,106.10345898520416,95.67287838458132,109.53357366879652,107.73424191071416,117.15594598939276,122.56662383657452,115.8037805862547,127.51162052227347,123.7266372112125,119.64380191488507,122.41890163999994,125.1842133895728,119.63295216401325,125.85888057947471,137.23869060995344,123.05459623827096,120.26418307073511,123.06509508575324,114.567274682759,108.4049311626858,111.89753522325164,118.03549054433252,136.10725758747455,130.92789567564066,126.55285084766948,124.1675432226456,132.5956359807967,126.454926360722,121.73887236206826,116.26233526447857,120.406320339608,110.9656675660673,131.69039577937184,120.92248297828525,118.5454553635621,128.6969966537118,121.01005639843888,110.15153291393575,116.30034160555826,109.24397664743395,111.13955395883836,119.99005039684516,123.29261906484086,109.86812915523896,111.38482418888728,118.75023940715926,112.47650443448369,114.19104101261496,109.88161616798908,102.67211325532872,118.01815637641076,119.34203201219007,112.80161869918427,123.55328462726406,108.7185225267206,128.23750359782403,118.92444048444293,117.82557148107422,123.9446031243124,115.47703234222138,109.4224377566541,110.24352590974804,116.90561957007851,117.30215596607287,106.71843070325464,108.00152011057568,109.97597651840196,106.48800228845158,103.46310787854638,95.34762608946856,93.85531445327946,91.83018005139314,83.77963164114891,86.16255486850893,90.7798364063528,93.02710412423308,81.13033686576222,83.4902269074529,73.69672595989923,70.57355343272145,84.00217859095028,75.69034070690677,66.65950269401111,69.94184859640545,68.55129152639357,66.50736311377706,61.63628802120823,55.37287936829991,51.55959956716541,57.65842198101545,59.6688996961316
339.2700201645961,296.6624727725452,265.10179743318986,299.12298261347274,281.44475387451166,282.56947198642285,274.552692826281,244.42780325787572,220.2869325603886,218.61403828396857,190.39259537653095,186.6660235443481,167.12619154585366,178.41392633773924,188.72802843125345,172.89193095252065,186.1985156168802,179.32189600437513,174.45168025602334,174.73600114005717,172.81370690051864,170.50506462874853,173.03355205145957,155.1608678479354,156.31851067204482,156.75326916570762,150.20494282668977,155.01373704995171,156.10108664704026,150.61155040954418,143.6681363019197,143.50723314826303,139.62295351298903,145.58659900974635,142.7996751861976,134.0835801907073,142.2335971084759,148.00677191894874,152.06180167031272,162.39011974215305,170.71524644647448,207.93070542489065,229.30754600869184,243.3326674638969,248.3332079572417,289.2508517207419,291.6637308274401,323.5354337496008,369.1149278294262,411.64367815002,430.88049624372513,429.93529298756334,475.978473439209,429.999747583533,474.1891298668172,438.2945627283376,434.04542863678046,456.2857151279808,446.6089301146421,454.4240875540407,476.6975992127258,479.3066766507089,478.6950478266035,462.6868497114074,506.67248268028567,536.7748619561406,513.0383314948525,478.3217494128705,483.2950624203532,482.4825405656129,468.7598693124374,475.89996568190304,483.20092507444633,442.09867472740336,465.7253929760848,461.0821444198821,504.8732430579256,503.38345941640927,509.3741714104351,507.8585816859923,486.6169135848266,453.2204991333776,510.8336915720715,572.7638021137643,506.9802614877576,516.6217430660603,486.2233075781401,486.2285403825004,491.8874914998504,471.8371531979636,497.7779202265708,513.9130525920505,490.4590151526223,529.1565674987876,540.8295382583174,505.4992907464083,490.7949958130018,510.9430759353221,492.3291281301601,444.2549724925476,471.3939449689921,460.9657180907229,445.9122188202919,495.5315186643768,474.04467633435473,524.5996150445727,479.7122514548574,479.5827807593428,507.766156872765,517.9693305673209,533.6720072991795,555.5929254342174,588.9374510875405,564.7884961335951,549.8857703949172,554.690801660167,579.4294803288069,590.3848157761303,535.6557660161219,495.77104851878585,572.3915126454813,578.6009310314056,532.2986185711643,527.9252398833065,545.9458914688545,549.21420336763,506.1005161111104,527.3705774186311,506.9328095772784,481.8312584253433,539.447834438908,472.0560890781403,461.6628065803952,442.3002900080986,456.5732427609215,467.1004879358565,454.3027785404303,428.37563474036136,409.9479955965964,466.9165003337624,441.6776082199702
258.8541377500597,223.4723048036276,203.2442917288633,230.81328936268827,214.43612314045305,221.7198020111048,205.36710124522048,185.88139850973897,172.9532113052956,168.4961318686241,148.9682135394465,144.8706258449659,131.0491841089141,140.2785164944307,146.20396471854343,133.0808593146657,145.7429418155284,140.4090417770506,134.5136324020598,137.2750825139766,134.4823716694444,130.78966818379106,134.81759973556956,121.97800367695356,123.05329622479584,122.88152200338416,116.9756102791899,120.96685020148064,122.591884432191,117.67859579692126,112.9763715048114,114.66822516745358,110.23443730809932,114.06137966054725,114.1715525429145,109.5800193465809,113.16033355643404,118.6024134846278,123.87503771712296,129.17942499398214,135.01672458905048,165.34934864588018,179.6190613971612,189.5759713696653,194.80009293132352,228.3570657368783,232.80289450331117,259.3702462137019,292.91401675111246,329.692835962023,345.4011054947136,351.3483457615756,379.3670342811204,339.4032398303896,374.49486336189625,356.95074576616554,353.0290893050287,356.6473701293368,357.03789446271713,363.3062298972909,379.67014391300097,385.5822279174411,389.2076725186328,365.9517243041957,396.39964089761673,425.5690577537072,407.6470785707651,383.4440768073293,387.11555497868375,384.9105752803173,374.1816118783858,377.3087746088696,380.2220125660507,360.1677049816682,379.08769257036766,368.5397564284351,399.9566963017555,400.8344537771466,406.3300769254091,403.0928381463808,385.9368659959422,362.425242862859,406.16407543736574,457.923515953164,402.4290901198642,411.2626582036216,390.0098718242034,389.2688892906583,392.05625775469406,377.5244905089551,394.3807441126616,404.28238522766907,387.1485163655972,415.974240065195,426.6222450719188,400.2589982016097,387.7274148120349,407.9534846879096,392.2916373871483,355.5802902427473,376.9193492825112,373.8997158026201,357.846207873706,394.0037691708168,384.0317886659949,411.1659573546303,383.36694721408855,383.271459555149,399.8530675509837,409.036636652144,424.5218733552308,437.8738607444346,462.3383024004545,443.08156489686274,440.2589446259891,437.40398487240407,455.6599238305824,468.5312063054095,423.32011280172793,391.7111552748017,445.6138058469436,454.0796299571196,419.0208043592372,413.4246152518466,427.6454575311869,425.2702684852315,394.8542352299103,412.47045031229874,398.6469313276975,373.5489470456768,416.0394371552592,364.123049360176,354.5157761248492,338.82479259084914,351.43144098638703,352.2599312059599,350.69122824597963,332.4060231817397,314.3103510205629,356.2038321724372,329.01167704377787
32.11765432441001,31.006324112453477,28.20929549166121,27.831460183160655,28.27149930608472,30.946398021297657,24.27635553455756,26.22558971632036,28.770432710819023,24.219942529818635,26.83249505809213,28.01582068520501,23.867575358157623,27.602325381628724,28.40405719721552,23.664621606461537,28.38014449385184,27.40844655667162,21.966701590200167,27.025194967821943,27.4947168269866,23.23542862660753,27.891545244340804,26.781740886908995,26.450810603310533,28.45186328115877,26.483707614701213,25.53466983085291,29.39737473471897,27.8964496170067,26.5180306837635,29.71843814211598,28.146993162288474,26.60832850917609,30.193236603780456,31.245784749273497,28.68908737786973,31.952085383056723,35.133748476923344,31.92771476874462,37.18287722769139,42.173305574806726,41.057442571526806,45.38792183179354,45.53342793368052,51.719843938871335,56.89549578337313,60.74726411701191,62.796833490738834,75.22153073592169,85.15941227084794,92.0371640106318,94.58777630638448,84.65142747613459,89.4571057504624,102.68520396697356,97.52886346640952,85.46221008577145,89.13034350145396,86.90390544025303,89.82336751189442,96.09654134747552,103.2964002299498,92.04742951215512,90.78853983694884,90.4447141217909,89.95928591768607,93.05604322089782,89.06345725086665,83.12842789679117,82.22906668323374,84.12229306892549,85.0303335886782,96.41812894524918,99.6521118739231,92.24212804990242,91.18295616532616,89.69727202871448,88.30435443671706,83.31696151804326,83.19393406002155,83.65819745416829,91.70153401732388,94.51618184090128,87.5860077980774,91.22663475413792,92.88637555800004,86.3958233589433,88.56088300888264,82.74691891896597,80.79796115682478,82.19960564716534,82.0342363241069,76.30287958190124,79.3653169829319,84.03844922242389,81.95178324029821,90.376906508295,87.87309785133118,84.22325464861744,94.24461853016476,99.20022401559646,88.9470850765317,92.1790063965762,93.31123850223923,89.95647574384108,89.92142954205283,88.48160414956196,85.52677676290415,85.35384773267685,86.82794906954874,86.43150901756215,90.93637834780314,90.38806325997643,92.12575788763084,86.47902258023299,87.3329834647499,90.87842714922702,88.08938877907156,81.53311406767557,75.9052431430402,79.8095046257902,73.58512096218968,75.69007580603241,78.33398890500266,75.22250940987102,71.53603716503551,73.75430462596317,72.9277401368233,65.15349797668237,70.72244411974926,63.057262563525576,55.49698672041792,54.71159989616594,53.68306263041709,47.86210149114124,49.232137917965815,50.09696361919384,44.81010691945804,48.30606667947307,43.6429780283015
132.54105750552333,116.75562526866597,113.44571077935426,117.99598563567211,106.40684483544617,108.69695383076152,113.4053099885613,101.53131732891308,103.72705433220116,96.89936283728116,96.14365373998176,103.33964025994416,91.9457701899093,87.922958477338,96.35470310720724,91.4500428266943,92.67783298560931,99.33106862639984,96.7710145890902,91.9070278070286,93.0688899529248,86.58758167730483,80.12102581589126,94.76162969341368,82.60833789824684,78.0625117165997,81.08949913274489,81.58841171061111,79.6394391461404,86.48141545669365,82.65320272957707,78.97021100862453,81.13938716283711,78.1367335810964,73.16363116429366,79.68770614018595,90.48052185104736,98.0124245980306,100.4070282394871,111.55837191941797,152.59586544238942,132.4948194418158,132.87317170194203,131.43012412653883,124.10695979272651,140.30486899932288,144.29797675664057,163.32932693360587,189.6901743728642,242.95436690839875,208.85717522534136,200.63512479975057,213.75119702956945,225.2663850093012,247.57889857983795,251.1734194663394,311.6710596252896,274.3724236673792,245.79582428288376,249.3587907603267,255.4228027774206,252.2809140657053,357.0350248130517,308.73095486711304,296.9983691930743,295.9880741218806,369.770926055563,285.6756395518523,285.91535513474315,276.3702753174548,274.3381723180662,280.2837873783475,273.07984539227243,271.51324661170435,271.5102762323674,273.47162068669417,279.34482819610866,272.38746486962896,276.796285796622,332.4712507165388,318.9470718847034,259.3581681464124,255.98805252173528,268.3572038489581,255.64875657329563,257.188688663319,335.3285708398728,289.9343347113153,295.3389011365488,277.68491944138964,288.7580277040666,317.78893767884665,265.3235100866372,297.2537380868057,272.96337531488075,239.4715823376887,251.59071855426765,243.5599791026811,248.42352515328037,259.5756516940735,257.0792452891981,296.1288578064503,296.25905419943405,270.275057516454,267.1807965758662,267.19433550350715,265.45479817997256,260.2417622394075,263.5844629485453,260.85721528523874,248.74180403587397,253.63497263069883,230.08210623931177,230.55043894506528,220.19172588267105,234.0322706810365,216.96706243192497,231.3801811925592,214.81564764588305,214.02655038800964,219.41104088821095,200.8274421305243,216.5983643043795,181.85534616470665,199.8356379423809,239.42962465507316,201.2279512921762,209.10756757027448,201.56867876358987,188.79740583820663,192.0974817085199,196.78444434230016,196.51969033819807,196.1209413137732,190.81589221314465,199.19687033856675,191.28701717073807,187.47110726876147,168.52543680428545,168.05810912119654,172.46587884306678
173.82145785255784,149.64096705174708,149.280720977941,167.1384312278547,147.9397283950773,132.4901460417092,137.67955792704268,131.05105724201033,124.123363242108,122.21241302869905,118.53046728862556,124.7398531004695,115.4276335146719,107.6688819779723,119.15642921370788,119.827769753924,123.8933967237562,126.782198305516,118.17642314635728,97.87622572551284,104.54518501209373,101.40126722799944,97.187323280049,119.50724347236888,102.46856408707842,91.35378784943734,95.60370112420316,97.49428954774002,93.09019799774688,95.45390409791388,96.25695939278684,90.79970008967554,91.46988998831443,90.1221367877214,83.81115700196278,88.71315384970907,105.21657811628032,118.395003217563,114.89276613535536,122.81928269949655,160.38784582147102,144.6039029661639,150.39666928037963,154.33424970165586,148.63644541025604,170.4650128743787,167.74470183216485,191.7802056854864,227.71970403632352,302.9142707409423,274.9272655800256,256.3389380714415,266.70848788372945,264.5359179357644,282.49680270092614,292.4626301902151,351.8404157944244,351.38679131514215,365.66270206331495,329.0849499195545,338.31492346955315,274.6817719114165,342.6546313035596,325.94234375782736,313.85386230125897,319.26729050749634,380.50452508137056,316.4081578210977,298.0757685673062,275.2966760042158,265.0984985514484,281.8633535916185,291.84369963745456,285.8800800446589,283.87577391452,297.8790651968752,310.1321842339652,292.8988567130416,314.87141482433816,352.1223753980708,375.0381334140838,306.5758352552436,307.70103922779856,311.33175943334857,299.5788438469306,301.4881939403337,379.7597407136429,324.46476493286707,341.59778143403634,304.20061121602373,347.45179272746395,385.6747935507934,318.22888187211595,357.9629592110546,326.506790630605,284.54719834749733,286.17615871986067,270.43284041285733,264.6145041493889,268.2432202712932,261.35458522734814,302.4687959135405,293.0838508910609,266.4814906849014,260.98395059247207,291.6489017279913,293.04408533508416,276.967074118228,291.52819157899154,273.4302465281212,274.04065648200697,288.1796675418714,273.0349155979282,266.8629671419296,254.4987358111356,265.35062831672747,256.0747140795933,281.7840228084913,279.6501969715452,264.1386741330372,263.7159562089216,229.95223638710897,258.2740838268832,229.8695526667118,243.09961126633303,285.4985681544381,253.43228228414912,264.16564750375693,262.4026506253391,236.21490774357704,236.23567094126287,230.89572840039568,229.62350100969385,223.3921177785965,219.03237099605823,230.14321376250496,230.05072473866176,214.9062976079203,203.36459239878144,200.24850953318784,200.784740209906
276.5100353158858,295.6245138544184,344.5908216773449,414.1626172262457,371.62290505174445,208.2423582727885,169.6933016042552,150.94005733548667,131.22931365488543,133.5476593437653,126.1124858198015,129.7263817998116,122.47712085653949,114.63827492703687,216.3058828711724,291.9088284998133,332.4039785887916,353.7253182189264,332.70718729742663,162.2620484092,131.8115721530968,112.14062161512244,105.86688218930384,123.53201315998427,106.67237737822994,95.87741417407616,97.23214769073564,96.35382141637386,91.32986350531218,89.90052476184763,90.5532906238114,89.42573729298428,89.19753965128736,88.23681020620812,85.69347437264705,87.60723425251356,93.6519209160041,125.10308651394358,108.52429093478108,106.54661998899826,107.73725079171666,106.41487327600368,119.72547755426302,133.33168277594334,138.5636214078679,162.42357358623573,168.29701301263452,186.4153892330672,211.426681092738,260.2744994877799,283.7810867975721,272.8029437984215,308.4772057222581,326.18819937274253,335.63622909290046,366.0967447322831,381.0822688144893,433.17389935835496,480.4779513413149,416.122488091544,441.5965729228252,349.3457133419474,337.0501492883084,356.71355315291987,336.47869518991763,353.8487172488093,346.63494946619346,351.14626131543,349.89635451219004,334.5245629076921,307.64684904703086,334.42847954343426,356.6620595086129,357.35885435891726,354.71021644221327,367.88516379466125,379.96974942876585,372.4910704790151,429.5021301627626,387.4170020377508,422.82926527807047,372.9298841635252,388.5054388298551,388.2979761499393,431.0009867268613,421.8553788293477,452.12887103178633,410.6669829149236,441.8479413260581,372.2833812212718,425.61674200643023,458.1743088358282,396.5277364734839,443.8942553335436,424.7210896925652,393.9420932012436,396.602703544641,379.2546892776497,344.41185900199935,345.76036896308693,342.1898539093072,436.7155274876518,375.901360253484,325.9224353596576,306.8338761803872,353.3767360623192,356.1075172626348,339.63497060276745,370.125917142398,329.0361485449769,337.5408357845072,353.99418864372404,345.3002305836837,329.6001131179239,308.128027956607,311.41068127444515,315.75849401132047,329.9460059760264,335.755547917884,296.1123493579431,292.4550907877431,262.1380822207332,268.60754472795554,253.0019602711434,254.0670549121081,286.4437269995884,248.6841157673801,257.88394660217864,261.44829512231155,230.0206859509373,230.1606406882104,218.4444752785044,281.51527873102674,240.5437639481683,207.30506731999063,200.788603274139,206.8086457711894,184.9209133280038,191.54481280350183,185.54528658598105,176.9723376098884
314.67816236991735,375.35816574746775,450.3820999675623,535.9613029663593,499.3924343725322,220.8349498614963,157.04316272119556,132.6612735566398,117.28031510222402,122.74231819791372,110.02024526645148,105.88061202639896,103.82223717964337,103.0894507056852,250.41934132564427,383.8258921195469,457.0720284120639,499.201757813221,478.9629168021037,195.7368465738077,127.4970731989784,99.3428536455634,89.4003585973541,92.83919249186802,88.16007496165281,87.77368435409797,84.95905320806287,83.97694934312031,83.20769028166151,81.05153680315884,81.5410144673114,85.88901628240507,81.24331715468185,78.15427032264873,81.8177643173933,83.11140953040473,85.57845526566835,122.54804998974184,108.11687276057576,104.57517010744438,106.03596832730096,99.38986875894288,107.403108794039,117.06692328055198,117.33004153355375,133.58185934572214,148.66978811651492,162.6744687088199,180.3629133139401,208.057750590162,233.6312938798536,219.1508119889812,245.5893810481723,263.38041044165243,287.5300133103827,329.3975224186774,337.8683805173551,359.9197716618146,332.1276921031249,322.3119386727583,339.9256423482021,296.17305871745634,278.4308134160321,295.3092889466945,285.5341862793903,294.10792667681727,298.0976117138419,314.1713698679789,319.78561447233653,318.3251816632462,287.0604554032536,297.4133254429353,313.5535477044401,304.0795685138268,295.6959926745329,286.68988309970524,300.6608723479545,302.4889019895255,347.04682596381184,341.2807515580517,317.34894784020634,285.20409609631264,277.7223957293332,285.18095007272035,346.2941322018351,350.4665884175599,333.39295524300525,331.8178214005685,370.95269902453646,328.0351976288953,352.1036243183269,390.5620557810166,341.0193463078183,352.1398227318238,339.6778971321034,334.9734881414772,346.8920105296123,364.3555862712808,304.2881997976652,312.49421703070993,323.2292734092973,446.5902747323677,347.19019951223345,292.3212559310292,265.458266017053,272.3732754507374,268.2623893991884,270.84330112595177,286.5610390661721,266.76463092899206,263.40441256458104,270.2940389087003,266.20615847170313,264.53719453044204,253.9273873909718,255.96990616893623,276.0863547359541,274.4348237831802,257.21632365312564,237.85343662015435,241.59267333089304,226.52632780594368,203.94087418483053,203.9760027880419,202.4686969914028,217.541984411082,196.17412424245853,198.53576396584623,197.98098001538887,180.42026831809812,183.5256728146759,181.8695686124589,288.1650750646835,232.49344736358503,176.65448976050826,171.8308903487735,162.44787209682704,150.13606567790583,146.9432481993796,141.40933041131788,147.07582341035425
557.8109581353189,483.2775128846444,441.8595003456394,437.0783613632083,388.2344060333647,330.88214439403777,342.6218941664829,338.80153417868416,322.20391973301616,321.4608006087464,306.9776839008184,301.1090519242942,290.7880707103961,303.6913938451425,357.9157051534388,349.1224986877762,336.3947493543534,344.0464812883605,315.8866165655021,252.17837615812843,235.2748317023491,225.00587800619775,228.77625815368012,232.50568416867355,227.1649719052045,232.2946695612343,222.51154338501163,218.50640286734728,218.37775270886047,215.28444745765597,212.41148060140765,216.3637299789364,215.91335614980093,210.33499498910683,213.47005293530168,227.4528415025394,218.5165841114767,240.9529168600077,234.4044801988116,257.5396608573842,255.18744663321,291.7336653692769,283.6693958561937,308.8383927074368,334.2638786953197,353.7185714652494,405.06042445571467,429.7686013572311,490.8964495511884,536.37632435867,566.5628336765212,524.3418413754861,559.2399945375113,595.9917675179581,659.2659632057787,686.0855878292043,655.775280109496,682.5079126746402,692.0325773083458,658.9955906994554,674.0889512769542,678.6909624675469,695.5735760742058,704.937287309534,665.6365499604377,722.8961959524157,718.3244511164526,741.0533494308203,824.8548473921702,812.8279833277355,763.9770688413323,775.0654446916914,736.2074377070878,715.5714340374784,693.7367669448568,685.3006386763261,708.954157561995,721.0927068450845,757.5680613900103,726.3681213248775,681.0858520819173,686.9312860930952,689.0683866818056,717.0619295011998,726.48794235632,732.2489612007686,681.6593239457592,675.4129382972152,679.7891122268971,645.985452711618,643.8127416889978,654.7903148226285,635.1675957628202,631.1581235363496,647.0936886586863,662.8992713818648,683.4230417696705,688.9050762376966,650.1005783229386,644.2354039610751,680.8273960580309,695.3391398549813,636.5730047060094,665.0690407889128,665.5892953932005,702.9539524636101,637.3730588159717,639.6477086497372,659.4035140915864,612.7460913860932,608.0931974254452,639.3075460704814,576.5319987900529,587.066900008717,568.2303677588927,553.3448391560181,599.7111668739949,621.6875127368716,560.9369352145562,557.3876094956952,541.39541309934,574.4174445216493,570.3572878646132,566.107250112628,587.2363816484192,528.381464647312,538.964035706323,554.9154355181452,528.2841783372181,508.44539491482993,530.5373497340216,523.4964318785302,609.9959469506113,544.5035133212012,485.269468561666,473.8919607423243,469.96082050963145,473.3621091060675,485.918177194247,517.1726960159109,556.070587612399
392.15080316291727,334.1149744418538,293.6098966038351,282.7645804978976,252.858862820806,240.47713785575957,264.11103918979416,273.05396816715523,254.36612925624527,255.52484887002532,249.4424830346611,244.16300732300144,232.03631510574544,235.06167196329875,236.93782405229763,217.20664410364716,211.92805582967324,221.84777568394955,205.0655501326733,196.40780730630183,189.95137236968165,185.15381996415277,191.0283573537775,190.675630261997,182.9183101430388,189.76859634793837,180.7642341400599,176.58811527292292,178.28360707094055,177.82365906405215,173.39438379369133,175.4229641557625,178.02906094264353,170.69092481692155,173.68781034633247,187.52677922427364,175.3649723648595,189.13097270831105,192.50060350590329,212.16744796495468,209.19409425342025,251.70067600165305,236.17554074343408,255.36495704893355,270.8935758124346,286.465581993206,334.39181959730115,352.95971435394296,405.5012137813539,419.838393841607,435.98038538637167,426.2978852221136,446.4979891654512,457.4987050592598,504.5950081961103,542.0971342085007,531.9544104121989,558.3027469587877,581.2176223930514,540.2152237249525,547.8778751433887,570.4159759062985,594.427119506117,586.9592226497213,554.3754130589701,621.0103164722141,614.4556316195841,621.7030375507901,730.4626096473904,709.3772309501986,653.8402516264246,664.3479452334656,615.0316596270081,607.5606976918691,585.8169206263245,580.6365138306113,580.9314691386617,592.0582796838792,608.5410365903235,576.7228392704543,551.8006757720071,553.3303630144915,560.5799063550185,580.9257105654405,561.6197716685136,587.2252233866221,552.9275766746276,532.2867694345152,536.5319912201298,516.6217163492871,512.4392856644644,522.161016251348,521.358342656411,504.8844806752027,512.6308995588644,529.2900378392055,552.4272059989951,558.5940131882634,542.0299205533101,520.4393267470064,550.0679712562558,527.5386879967099,523.4771448162412,544.6618516589766,537.8188636472183,566.7788589702091,515.1321032303507,521.0610777985299,524.8505155112507,490.78731190920473,493.5879201948207,525.5581976522827,466.29154205365217,476.3481342812508,476.8158711813616,460.2929278990591,498.2551123212861,499.1055779672573,456.1442418437716,461.4155486809349,437.0651275224763,467.6873918263999,446.7902589451581,418.5827078452848,424.8605886615857,391.54040238274047,422.8809718194124,425.76156884375865,395.1963883592169,375.46504240077286,372.34484033013285,375.4510769175705,426.7871378770656,392.24481408302086,348.22710814950085,338.30442956294826,342.2363665437515,358.37800759356224,372.35487516416026,410.34847396997736,415.7812436712648
550.7097791642785,459.513544162596,411.0160490036377,407.2316601156626,404.4663880740253,377.2008280640352,367.9938602809098,358.41208190033547,334.1189383972483,345.27910468686315,337.85718184850856,343.98502467590777,325.6509778482883,326.79212152108994,332.8156191924901,327.6458031456329,330.4577023807232,323.4111032351097,316.6012559636084,302.5062177940092,285.58160968572963,281.1010245777859,291.72417005163805,283.5862372406218,267.67050757752736,281.1754538151251,269.39317533444256,264.95470989959034,273.8719521730315,271.2785660214827,267.87329194278703,281.09605861719604,268.1931168373828,266.22912077614706,273.4979135254905,278.5111487620651,272.3418233465587,289.63992700236565,284.0194737988667,304.6586115152245,308.8774094838011,338.00323491698305,345.3143484914236,366.6039482090304,379.171480767819,428.5272541546164,493.2249697371653,522.4978987520442,560.8668039237092,587.5945571649489,606.8628494754629,641.4733900938338,641.7374339090562,632.4325980916087,665.2342187596479,692.3120100305568,711.0985858904555,746.2524889402321,809.6498699210584,751.1618612352947,720.9051442377976,699.1259795941123,735.1080056680203,723.3711592936347,715.9454846875627,779.9254605260583,791.2072029269691,738.3225900958098,874.8312487419263,826.9795240795002,822.5918936553131,829.1833876993234,772.7934818314671,760.3140113899746,765.8295417327386,779.6076387463128,747.0294662420365,766.5575129400739,789.8263567554295,743.9250775781245,786.7956682216915,756.4359403347535,749.1316686875912,835.0769336887143,785.0194949587601,804.8218230929972,811.8834743663933,731.347810443226,714.5914202126962,678.7599833995338,685.9958771530818,701.560999898362,697.1232788608461,703.6331247735526,693.4276504264494,719.3010346881659,721.2688394983776,706.702882407047,678.2001081287164,657.4137392826804,666.2370610042565,664.1373695190172,696.3578112002692,746.5204187167769,694.8477894363501,766.5600861725744,680.31262558276,660.0330355727616,657.8073575264286,648.5256450758229,656.3709916079349,671.3367265956962,644.0892775324413,666.2254096421806,693.9501048046027,694.7574161392087,718.0938308540321,700.8642075928362,647.7951105310606,665.20328829135,648.6648658825399,672.5234483496089,658.8987114392224,652.4933394476924,733.6842685497447,709.9448912698799,704.7750638821425,662.7426227629231,637.5603771073115,630.1165631957105,636.0554725368759,632.8189995629431,653.0359869203353,681.1868373762261,581.3125193098516,589.0846071125145,551.0055826033546,556.5201887248262,563.1827924281755,628.96050298991,614.6059890056684
509.5910643014448,441.08739687288914,420.97629779110827,449.8628528275129,459.3706032577871,415.2570245440448,383.5489070859978,376.1420984156411,338.5603162118141,351.34005669759176,340.6208408602063,352.37298899279045,345.8800381609277,342.47598011304206,336.7507404506954,344.5157485192817,357.6239805456956,342.6830431411128,347.164111767548,330.5477255388428,305.5980459793184,304.8069055979981,308.81820638550647,296.7892490595208,277.8118672317773,286.84369012808224,275.50856366813514,262.6701429214663,279.2170829049388,276.9251531732757,274.6592689078702,286.34553122692114,269.0552067265588,275.4113147197792,284.5913238442744,280.48363142789185,278.37336463866694,298.81785719136167,275.5453457714128,298.78993198571686,310.42563277120973,325.64302415881315,350.3297015211298,367.9233070209652,376.5906687307812,444.3500045826827,534.8091871436832,568.4455660568422,604.2759729919944,612.2777455829481,626.508523638261,692.084661442221,682.5129620849987,666.5725256383222,702.5801770644395,696.4586175537529,708.8491560187202,713.4856245279947,782.9152807283198,772.1281662397183,718.9888156949111,682.355166252887,746.1289696454135,725.9642445903473,720.739934347585,754.9310171212643,786.3237761866727,719.0284208071245,807.4786451237575,763.6779870379586,817.7526447847118,830.7452963002738,805.3273706511785,744.3503197131877,765.3175360793946,810.4312179485008,795.0760212289022,732.8569674941374,738.2979780333776,696.7907021003698,763.5007219042775,733.7025707942676,757.4504061498992,875.5511895250656,789.4200136619288,794.7099112836381,844.5001542282862,713.5150932079658,651.6554859553713,617.8248757589399,659.183624339516,661.382158021199,633.9496964164708,664.128563134625,637.7151018621038,644.2246870579829,662.6703373790665,644.7936254819981,619.7283017212462,573.7021770347204,575.0817912786836,609.7468706401085,592.2032473875088,687.6605513579781,627.0619748741035,688.5959557991679,619.5321901673809,571.7093666559814,578.9697471289311,600.7433242622809,596.2129740080552,638.0920123517134,661.7401738444573,634.9347268743553,713.711919323127,740.4633879355079,739.1642841298525,702.9363526619541,661.193378908287,661.2206171165367,674.0690131687136,677.5403393884775,636.0379369717984,672.7992590435317,719.466533023057,694.586983148143,668.2107473902048,655.2615498702332,625.2343544743816,636.2951420906348,674.9300855766447,655.8665971978572,650.0654294799247,680.4191442722739,613.4154593005474,608.5475330733547,544.1695202559671,550.8227409589255,513.4159231421661,618.1367321907622,601.1440872663488
249.154648163714,236.3064889576968,232.78417698966592,314.3830349326189,245.48713689962824,250.2808175848625,253.2946411228513,251.4338624863588,220.09831234925056,210.3615904429156,198.21691785551997,200.7429541359616,201.1826603074586,190.84554450850655,183.98460311216493,187.71567995326225,191.9336639408386,182.0489560510523,171.99655939006544,178.9505245133776,170.28160602382118,185.9689580000656,186.00713643494527,179.56636480588702,175.14917603340402,175.10527814305465,168.42004157820077,156.35633875208018,172.75876756425563,170.29938404418817,175.34253964529046,178.99185719907064,181.31287633245327,188.25180059336105,200.6941016537408,186.1582476527807,190.92704985004224,207.02298451403428,187.0458049558926,204.23800503474152,218.32762721366305,218.98145308559305,231.9844676260348,231.49884021305465,265.1926346787481,306.554457765113,367.68712892783526,416.30718087478624,501.3518800541366,487.466657298027,486.2087516302578,497.1986123707065,514.7603652083399,502.6739855870323,573.2906268581693,578.8756733628051,638.5901185619135,673.5010988657186,663.6729419543462,693.9652516542084,653.4829680287876,661.3689136473929,662.8735503786785,604.0350479508589,632.350837356359,616.492646222369,598.0973524353544,602.1184229069178,683.5054639827495,645.3081936745581,662.4130628791085,646.4795752273508,698.1342463741271,657.5395581747338,648.5362623408288,663.1802033741171,745.073045703267,588.976418072292,574.1897934865908,544.2507078302813,568.5099203223049,554.1187217066804,624.2560579277514,650.8877400637765,577.3415203253929,526.6344259595676,645.0854622297342,533.8512049903071,459.9548051646824,444.1951983097272,419.8265770685093,412.195786464932,376.2651166072599,395.042715444252,390.5112239744818,387.5465243455073,388.5911483359587,399.4456239972272,404.5418188899641,381.8265759032316,392.14656790928274,446.0490320219215,426.0311805861304,452.8826406245453,436.9661680137447,405.029620379039,421.60500628825366,408.843342888005,446.78639742187175,418.7800214320625,386.5364566766965,450.17698512608473,518.0164011010112,427.97666726485295,516.7738947240756,589.5940558667584,590.3452171324516,540.5395065328295,511.4411266809918,490.7592951678618,503.01068620574506,486.12369643928776,439.207701939918,565.5075601269612,462.3115963315258,400.2297891615779,365.223957692217,338.4718012552622,305.496531424352,314.5966630370119,343.19878552921006,315.9432189368449,363.2582972502452,369.44656319208224,383.1556372838194,329.9301549009928,302.35042200469155,275.3068558622204,321.93777531318585,381.10408480703705,311.53520086060126
192.08766981785917,175.61531961067865,182.30975637980976,204.67967091781657,180.4210638817616,175.3488429746431,163.9348914796034,147.28454724604714,146.09754634360323,157.78839789343095,148.3815006887845,153.75468206863098,164.67170337484657,146.18129703387103,144.78495306414888,140.8814288466078,133.70855778138963,133.59578549064983,126.04354325724849,122.97744339497068,125.69905641691452,128.7237189852972,127.8877072308244,128.58679258873622,125.12314621198138,126.6773309285939,126.95563776055434,125.49528542013763,126.86987490256952,129.56892067777,128.79650827613074,131.26137686399898,145.2955836141407,144.8200777385989,148.25653086605996,149.6392738312996,150.03584966913874,153.9462244929513,147.13611067310234,156.61177587564384,157.600449663291,162.03647590577893,179.21183673293476,171.9811404349592,197.44836784434608,236.3258027389472,273.2105994873486,301.8612894391949,353.3556032817147,390.91257261520735,413.2463644306553,469.3019180175093,522.3120884059051,550.9532092337267,567.6154354470492,578.3677446671879,591.4316082995479,599.1724474244385,662.4867061136803,689.7969408432596,683.6619642382935,815.2645440785411,930.4066137893004,847.5382691994513,794.15841697598,833.2206312776314,793.6336291949731,799.6668664099454,813.7193432828242,794.673443841708,812.2208764127056,822.3370453039408,998.1615067421184,1032.0527286893985,1034.952260279522,955.1427423100891,999.6176728461325,929.0888076139444,880.2782704205391,870.4169558778375,806.7956744974584,853.1454472638165,931.8593733983732,922.132339158093,971.6002303954313,914.7110384013376,958.1532271227852,881.0910583070379,908.5443859446648,859.4878526779927,824.5784366475816,803.3845065530214,741.1720784980499,752.6227536316843,737.3531079951002,751.4118775552469,871.6077727921162,980.9335098578132,878.5359982309928,798.1053485232436,772.9804357835218,759.4636590744605,717.6313490921959,745.7786107260919,742.0104647110077,720.7306014246944,774.7342262070008,782.7651231908507,795.2370843388326,685.3812081535453,590.8350423660598,706.0935978693857,637.2458874116617,595.2230106932527,647.9971955013261,633.8601642225133,589.5032271243734,593.0946843710373,584.6073861963328,523.2642910460434,449.5830234056736,427.5529590317687,385.99020194396417,416.08633285130367,378.6964948161856,367.5000716872368,343.1713003715353,323.6239337086876,300.690743180634,287.63335677664986,304.5100032668806,301.96263580562487,309.7869889379675,311.55576785596566,345.8513341019139,307.08703012152705,266.75990085832547,246.4160566429831,298.09196727070884,268.2519816124801,236.55779752229557
416.40238132975264,387.01071059744015,334.5834231681373,330.95419339209883,348.20997065483834,322.58676355618513,298.2972047977693,262.2402147835648,265.3380321238941,261.4937719376027,248.6959860558252,278.28362331256864,290.59008506460026,254.4120943022508,239.96423422393883,219.40150782954436,218.12018870316317,228.567629384496,203.57936798797,201.30004887437204,211.44901213464112,201.6777296396902,213.44873652991055,210.29644652450853,202.5592872567385,209.42084022229068,203.60673395022783,210.98565346450948,200.78373233695172,199.7499652201262,200.7765636331479,197.75992558346408,221.37402785299352,211.909912096894,217.8316217734411,228.3453652838645,226.15965056766788,240.43842738282885,229.98940947881104,234.6480051577238,245.68225716898752,247.0833010502217,270.7683339780711,265.05839471930574,302.45906512550874,339.59852561289534,408.802858211746,457.8137855267696,519.8990072938873,618.4689885258634,679.2698075393187,771.1293241915376,893.1114561589178,954.7747739680196,951.530378680156,919.8088828213148,935.9951692124318,898.7634309748158,955.1483788404942,1020.0008164480408,1026.602094709502,1205.329426618803,1314.243554396797,1274.6814974107715,1155.4294926464622,1160.700007242824,1180.426705480496,1219.2887004176318,1154.5242160516736,1180.8629238882131,1160.5683064326106,1192.5182331608555,1390.6301760577944,1419.443984825738,1358.5201401265224,1244.1056888847377,1251.4186657742282,1214.0733881781894,1212.259381673151,1204.556345383282,1134.7183849279568,1153.923493900108,1179.4525829688578,1196.449696311047,1282.2030321319578,1195.9103034343148,1397.3997333243085,1280.9181325982288,1264.5105308082386,1160.1567012439148,1178.430391932578,1099.3165718443809,998.6519622997253,1077.127042132464,1079.6894078382215,1080.734275608476,1236.419729334364,1376.4093405789945,1206.7394523825426,1107.4375134728184,1117.0145235479313,1053.502040087254,1003.6488356500485,1096.9569151881492,1088.0774738521286,1030.6233085075212,1040.3731503029433,1104.9863087136205,1115.087617071808,984.2763981219327,874.7934872597369,1094.4923240130736,975.696997931333,956.9926735490044,936.8726343361416,851.8996393755858,803.829262060029,810.1756078871398,814.3605810890667,713.6885025191272,650.6249318322607,644.5953363507152,622.5256903923818,624.1760133886731,585.0576667850329,585.5453920334397,562.4971840865906,533.3494996913911,523.2102423495461,515.7396291662795,574.9710162857912,564.081531436496,518.6603290208348,528.9602420445764,535.2314210607127,501.8480702956194,444.8855803205851,455.9544008485999,506.8124047040017,448.75837618017925,418.19330191313816
407.8018650163807,386.0906600603291,324.52369727781496,293.6081758328366,324.08792814241883,294.53771966335546,278.63472695527224,250.97283048313423,267.0348687955247,242.90539467593928,227.76558308403904,251.699069754016,261.4975101101162,234.98434448733988,218.98073499828897,188.69134118707507,191.1964571836316,204.59087100108707,177.59819144727078,180.28455575410885,188.09028783418665,176.25103586533865,186.1060081854464,183.49545068462965,174.49901289971444,182.95937785124215,176.43287908412404,182.65498143302085,174.68569169131985,172.84604697328112,172.30601217205827,161.00980777880383,177.2387220240174,164.83856486151427,172.52942195671213,179.48297019348266,174.4726374285796,210.19082625009364,196.19851823626777,188.220316349155,201.03624717957916,204.02287356917435,223.9059067249799,224.29363993452532,250.95833403530384,257.8805389164504,321.65269131898594,393.3913913942772,428.3509402055488,492.57123985746136,555.4972692243437,623.4750655127863,736.3581649894163,782.0124303570365,795.3385095774179,728.8450931811572,753.5301189222945,726.4561848917032,720.8661432009965,801.008099269603,830.6648672642889,917.7323549645336,992.7145508230684,1021.4189842120024,940.6107526711236,891.059458618579,934.788497392903,981.5097167847543,935.5771454084008,960.7717978256088,917.2517232241076,961.5836198665372,1089.1181243425813,1096.1440881007009,1038.4185797181135,997.1699179793268,964.818255263031,941.716966868898,1024.6952890287782,993.9998753113284,1026.7955120975182,974.1064095090882,911.65303816804,971.5951375421464,982.0367870732224,932.4274038020768,1154.1979220298488,1049.865185592166,964.837707550566,905.219617645474,1009.0648359241128,883.0014935572968,798.7767985153359,894.292852882666,895.1616992922983,903.944325190282,988.2543880007182,1040.4579812295003,944.417093657778,871.1880928403264,873.0046288114946,823.667542769253,795.3278782453291,894.526455019717,878.6065186041288,800.5856943946376,777.3747950363004,873.4155085881164,884.8685287380677,826.429485108918,762.9767684719353,908.0944711549884,817.590271266297,861.3069586667148,804.5836951444912,738.4253194809338,696.7843878219292,664.0637465898739,689.0668492897398,589.1451581209398,568.0405523086781,557.6316214110499,540.9290732544716,552.6836107429364,510.33977194733416,502.85028503298463,486.87723906618487,455.82412666509737,473.4386926928672,482.5502381568193,526.4515110370379,510.00149259832455,456.85898663151096,453.3160445380413,433.6638237344589,421.1534528475451,376.2743546438801,406.46501065122027,398.6870567487898,381.9803585928137,361.99762979954096
153.84670437199645,181.104620154426,195.8535465708011,141.36631389836234,119.84272864931384,100.8761531870087,102.81998898918371,103.46867230758173,102.68889054095068,103.20009798032272,100.49155508293444,96.62593581759693,105.22172405963624,102.76907178825437,100.7778219018008,96.87789823472323,93.18693723886672,97.31336056612352,93.77755487610224,96.85736533176184,94.41054105149632,91.85321067684129,92.83153367963942,89.84702246243359,89.07001786230717,92.95586747828366,89.25437756365844,90.9012256033166,87.82338168260783,92.34816684020548,94.69902849643827,84.28942700409543,86.5079936681992,79.38631613840337,78.90125302485812,82.7509877028595,81.34316144817343,87.43085660477534,90.90111261129944,87.1825778122311,97.8237559549636,111.62281466050426,118.40805475911888,127.8107244021919,144.82920100236848,146.3470025192673,179.6296945202972,216.5641603884296,232.92716866748717,253.6740491678426,252.4357308506448,265.1219588163055,283.65363480769975,311.35590684698377,312.1152222307668,276.8334026628629,265.9712086556466,256.936807796097,266.106403006224,294.09991994737345,288.7370355638543,287.69957998443937,322.6171331286084,316.42207395820566,301.2195446540307,275.1365458458369,269.23701260760265,282.56233087677043,281.97320251098574,296.0752423803029,283.79556072696005,289.1976012475922,331.27145614568644,312.8727593608929,295.1346987775649,356.19859312371057,341.37241483389715,331.65740867878674,337.13792717314146,300.7333009664666,299.3091946277144,376.9285478267008,374.3016514969047,360.2545650078425,349.4714600022881,332.6531602724079,319.6595306498651,329.5076529695413,293.1197006107153,280.5473645848806,303.9723585631854,323.616845694931,284.0902299857818,292.2753347693876,286.2318389906446,288.73818059315533,305.4995695940385,296.2723659281708,293.73360120834286,296.8192365637892,290.4877307015909,283.7208986518331,284.4674285770029,273.34888441441007,267.20154057613746,310.8101916740137,329.4576691978528,303.29865393166705,283.99729106351816,263.48623269113966,257.31186191325867,257.8621744898357,250.8551415006222,277.768839778611,339.86043343074346,312.2327285927615,297.93990599901105,296.18043904623045,300.7950737268631,281.6725451389147,277.0422046283533,265.85650890392253,237.05675962429297,230.29060772293585,228.27011822131493,210.6896261031992,202.9906040152518,221.0138687765046,231.86097111273483,288.4161514018808,334.0937554314909,243.0738174772618,287.4942536189023,265.2966871615507,296.1234976197048,299.6569024204102,227.3013803535272,203.51552940956287,165.31599533277486,160.3360461123582,156.64727690278087
192.68967402636048,212.97510177137423,222.59602420731363,182.5563893061856,162.46070109929792,141.37951440820785,143.09637009474537,138.44119385104457,136.8267992941399,136.42344592618068,130.08172647019148,128.49243787807524,132.20987298551552,132.67882155367198,129.70005932436786,125.15883058615287,125.04912455591722,131.33294070710468,121.94751743328035,131.52771902915893,127.99400364099915,122.6620427773282,123.23693468497774,120.23633314632995,117.14742414547388,128.40625083553837,122.82215293282307,122.62945348920154,122.93462694012572,126.89712215679826,130.45319922713747,117.36801680666554,118.51411331255184,108.03830474565208,110.89364205343009,114.4363829554399,115.92353137881392,118.23507068920507,120.15361764472556,119.1689353201728,131.8854972465819,148.7657783988352,155.39722567635746,169.09881081669332,194.53994745578268,200.0022799902667,241.81644038473652,283.80304805790576,323.6577684911827,359.9051202529231,365.5152887156575,387.1069433119027,445.742278203817,478.5650377975896,468.37307895175314,412.109752399524,413.2073286174107,393.9584532118496,392.1946106748815,409.0818285266827,411.59777467185046,401.8105342471399,440.9923385458652,461.8685386833945,447.5969355925511,407.5121538264029,393.0552264522472,405.9969725527237,414.1643417108977,423.2082255146175,430.1545423061119,419.6844504084306,443.9040452188446,412.1921447263505,375.531066284456,438.64813526985023,427.3475909314752,455.147059740622,435.9460311477377,398.3040643043846,399.0425941891777,467.1125865766576,475.7675989845667,455.0522360132664,444.3987481158566,429.3636295053187,421.61936284642616,448.3733968199266,380.7279784170851,369.07141587343233,389.048319380198,409.1009422964287,369.02720698304654,383.6852959228757,374.09912858967016,363.9217181105206,385.7122725733105,366.0704834586711,371.8777345466701,376.679129133681,369.6330074517789,371.8342031237137,363.1729415051668,361.3036735436826,348.2386781306554,411.6635236984627,408.1166742174423,392.5413496942985,374.691506437485,371.9235552085368,378.9632939519679,365.5199579126524,359.1420106407817,406.3466316169408,472.7069111639574,448.2725604246895,405.5765982164742,403.5880553829094,393.7992840957607,369.5271412075787,385.5079223253753,357.8961287275169,319.1433633024546,315.0327492378711,346.96283763105475,302.3811815974681,417.2443185438805,360.4558093160509,326.9225351529309,355.24575143896885,385.17628971639925,302.977133327164,340.70703444273744,317.27335699712296,333.8933452612105,370.82365821305007,291.05379323375166,264.1062141994485,223.5476775570854,241.9450274786618,230.442989360071
201.9662329099579,196.8914768979136,183.46207043381736,183.57962236761452,198.1666053109437,173.79502241827464,179.6365511995778,167.56872325823454,172.18774998581966,169.51368952643082,162.78988790014333,166.5128026617076,151.76270164149471,156.62711368196213,155.46725611998465,148.65941015179774,169.49962412328557,178.27799716256433,169.21829858267515,184.7881365748401,180.4813843325452,172.170231714863,166.26472818422593,160.8961215371314,157.49852325904908,170.8504413610404,159.02745483164716,155.14068221435207,155.84033117416251,153.28601935500603,169.0135554217413,158.3304294188705,154.95146363027212,148.81931392319697,137.00987324643842,131.58762502837718,166.86752665943112,147.98745897429484,137.21669416282208,139.4469254143535,148.22646135827506,156.5342370923863,169.3969343647306,186.75070638304013,211.75169961431016,227.5771998554731,268.08815614380217,306.6035092811978,351.29146426618274,384.2514318005181,398.0562522422121,439.76603161664656,540.3379159768091,554.3393385642511,562.1774301109688,494.1180828134929,499.5691148700009,486.0829602119705,472.3039673073002,472.385505994377,510.1919143827251,485.4839262569524,528.4537190505072,567.603233626552,563.2326031693608,525.1499838329062,509.2750087248541,507.1698767876228,512.1324901528639,499.9741677914221,534.1932901303712,510.604437817961,516.942730229144,497.920403915241,442.65721038466927,455.7701186830447,457.77929622690925,523.438885033885,495.9078194423364,478.2372873317041,489.7866502286424,493.8288300911283,519.6215762784974,502.6427913416028,501.04592552779263,504.31291054806496,513.4729116065215,527.8478348754828,454.4416220493743,440.7583923959928,455.7839999641278,444.572229769574,416.2769495186258,439.0974653144038,428.77165264787845,408.8662259215905,445.9916493959398,415.5828980656402,414.6858486400412,410.3475831451772,406.6729560000978,414.0966438405576,396.5432263755815,420.2620979927604,396.0099008060678,444.09009830461713,418.39897078557095,445.5019598726306,441.73408062308295,445.1880077801638,464.9391284430704,459.1778039067768,442.74866219058566,494.6393789767085,520.2743698597303,515.659164410082,454.4858191667274,455.8765266786276,426.61998575071385,397.7520050278752,443.8364139076925,391.4140466452416,354.25576199019963,371.1751184711119,426.29667997085136,371.1135887358387,581.7663866405845,448.3529708239146,379.3861384324927,350.1120131035819,344.1512116564587,327.53640474906103,318.7172991302849,309.8590858469745,284.35997637171016,348.61369942759126,302.1057621065977,282.9542639488224,259.8524101707257,291.3625604741397,269.33066824339284
59.57489954159454,64.83346938268548,53.02339383206412,52.50571422753672,71.27261025764297,59.09336901067086,68.6471053612656,67.44454668999006,73.00032863205453,71.37286203477211,73.83205453978249,77.34554006076377,57.9198301649276,64.26438414917025,69.169060505514,66.3797990537292,86.07223385438651,88.19857274343208,89.24974091477668,93.87192964230914,96.99912645355602,93.48181853330632,87.02394323115142,79.23585579325459,80.22891921873861,74.95591404038036,68.34394911379893,65.20578664875647,58.43391767293343,55.79742878391288,71.8677559920377,73.3278242202842,70.72164765363868,76.53756182994296,54.98753935653306,48.88103384002869,87.84006604278518,60.36355679282238,51.662630318871145,56.48106661978607,57.36364123043159,55.9021858372107,63.45322720710924,78.22055867533719,85.17754234287679,95.06634155867488,106.61507946271202,113.40818628866116,125.30313810105991,146.0899440876479,139.63128476079677,154.05647543341172,176.19924652785147,171.92464200840874,194.7438872614509,186.8340308266453,193.62485366532692,198.79351446882404,207.16155801061095,205.34662838487324,237.28786039681316,221.19781845103648,234.24278760644216,239.0149448505599,257.1212430703949,239.9066560706285,241.89151462242225,236.4845657715128,212.08867557364096,198.94004991529127,199.1755772952471,205.32061575321865,209.52146222206648,217.06290441915925,192.77016386388456,186.52712905803915,198.93884904954447,215.7909197969428,217.80038928692537,211.51777799223808,210.12627632347656,207.73150257887565,228.86535852407192,214.15117790039028,216.69053930603852,223.59098312820075,218.79212356789975,207.9415475952001,209.9196725566624,196.35962495392496,200.17376282851916,199.90612177779792,187.22581043667623,195.90897708061604,186.22512347926923,185.2373584717184,194.2454688516661,186.79045669280677,181.34507980556023,179.93918557007888,175.02297191953716,184.15562402984813,184.89091973014436,180.53583853748447,169.4070716944017,174.83941432846206,169.8317790378213,177.02596795664917,181.47339176446923,172.64207292015053,189.6107988749216,212.00066029097545,203.7474260476822,206.8448367024301,189.84992510395733,200.7135848307238,192.3290801358572,197.02602567318556,185.92243607935623,167.31106121656487,180.88055809355976,162.1603669895338,143.86923277831605,159.3293069824576,172.5119268739493,156.78172900042662,166.3652728357248,156.60494389833116,144.37308099077595,136.2187753127218,135.85674857416473,133.18931944485237,120.04540524318747,125.30983205175156,108.0182483503995,114.8826469494046,104.40102886308084,99.01804492308058,93.51342211053688,84.47331545121523,78.40460478202306
81.47024156675546,97.96232353493632,75.39350419126237,70.00586755841252,88.54706272394014,69.99843663468019,73.89027187545034,79.15265704624433,75.8510217502207,76.21870848967441,79.68523724554134,87.09889061773146,71.26883004078223,77.83418180554847,81.36316279508881,74.92779950986721,91.81092408296708,87.94916916252585,76.57620913342848,86.04280235570184,85.41949808682372,81.26256184350777,84.37243576126674,72.9516132224752,76.24315292034994,77.00034174099454,69.65197062420525,70.23159472947818,76.7286535009018,70.54080803754421,79.3429116542789,83.01570557738987,75.96050158911306,89.99796211215808,84.01987321525846,69.823526248713,92.98361483172036,81.36514222292823,68.91922177031513,76.34375392981204,86.825416491838,80.18530069337838,95.23759823866602,112.12946048858076,113.50059041758774,149.89047009977622,156.18668801680863,141.61248093093363,159.59604769484756,194.93627170281724,204.89679785476065,207.17106875115616,233.09338787353343,225.0794621097586,260.3546754254078,252.5286735241786,243.50832817186716,255.5673328795201,250.60986916037376,243.2181069117016,260.3698524905418,256.10930621082446,254.67163874233265,284.0617643936598,307.0778927004691,280.25867878545927,273.52453352782584,272.975231661398,246.71194360573315,241.66189784393,234.89897014867609,264.4185803473423,282.76923417399223,291.16371218116035,266.7228824496158,269.75386665622574,274.11566916482553,277.8072225786674,273.9463977231959,258.0863326626202,261.96951161317423,249.0871964678504,276.52007260194625,253.71951690854087,255.2170549628848,266.65672961663955,251.7611299036894,236.85946938089072,258.80876885673183,238.49555264135412,245.32286395340583,262.9099139111699,264.6690405441868,252.43675759612648,234.8394297473624,243.42497555916185,244.65690113025877,252.6234992990773,252.87233176658896,246.9670550863221,275.3043136957737,271.05770707334403,255.6677366635932,263.05347181724653,238.2529973193581,261.54475396770283,248.25421161704008,247.0314468609261,265.5194543967074,246.3149919177173,241.4737765351292,264.66678637667985,264.0808975439471,259.7451552700311,231.3447217559343,245.1267718981697,231.5199016971901,229.8386665168509,223.13908882371123,207.2989657476248,204.28350964240627,191.41128612295716,166.07766399188156,172.2537775475137,182.50018068606133,171.9229603645217,170.47501285550246,171.06131333788565,163.86599906039748,159.18219837194655,169.55430665144718,153.2585033985044,140.5360229409098,147.09536438846865,130.3227623181006,136.38354884756006,124.08782063744508,112.98057472056682,111.12894700947452,109.57055972501884,113.71960294890788
103.70950781059874,125.16150214468392,96.0861968846816,88.41086103975901,105.10950050419451,84.01515213918252,84.04624646133041,94.00903681351971,84.41109672956787,89.54128060878779,92.32387223652378,102.79920753420171,90.62163053783776,95.33964022987723,97.28724007894986,89.05649060775674,107.46588771422834,101.1974578869826,82.34459563172317,96.99758805115124,91.7350681575706,86.94705114111439,94.7610771309222,79.54160365427902,87.09163301609601,92.03783000570807,80.42885272245076,83.63003090163824,98.79420808547796,89.06234575748387,95.14641214365776,100.17435210532244,88.99156538316014,110.1226550093138,113.0637936106862,91.89888361901885,103.47538016020071,103.49827269129048,87.98212919825535,97.28306246990184,113.19449630975004,102.94162309866714,124.61822002716856,139.10339507285215,136.78228704028237,196.82478141118327,197.4483747757997,167.78722354559372,191.30049565692684,241.24103076261392,262.01863926106097,253.9033647416409,283.07779899196936,273.19379120501173,320.59733499887045,314.2695040610259,293.8702585506573,306.88418661790496,291.6689611534783,283.03341884868433,295.05955878637445,296.79172170355486,287.6447025561088,328.977590927101,355.8111903839728,327.9936777633345,314.03231673463296,319.43563115166467,297.2286629275062,295.40817157964364,282.0741861364777,326.8392388426924,349.6080444656217,361.3008510478992,340.00395474386903,343.3839812131078,339.6126836940415,336.69416740522195,334.0715377096579,308.15628713438423,313.4665676007725,291.165598414113,324.09938303217865,303.2668227378964,298.0425010733587,313.77728126858307,292.76539292912616,278.84670988778043,308.75402808164023,288.63420011066654,293.8412158907479,323.4421072980921,332.4924623078369,303.5747549948416,285.79217729488624,297.23881434932696,292.33094516916594,311.86256733596144,318.05189250914395,306.78666059123344,361.08244832417137,348.4590995719186,316.6644528149808,333.982330351891,301.397628560307,335.19639559237453,317.2294306951952,311.36812079336266,340.0919048939555,312.90773515932347,290.28689668715043,313.8212149611483,318.5407245753947,311.6396948335737,278.4736765159391,291.0200814043062,274.32483875284504,268.787554802658,260.97123049827843,249.62417442595995,242.5463038766928,226.14571573826368,197.75371933020864,196.19665078063937,205.5098467868726,195.9488756183258,191.3375985980069,198.1776051391476,193.17211056348253,189.4408196016169,205.82566382648224,179.84767675082406,167.53151442326669,172.90348552199453,159.14174259359896,165.57052477480684,149.1505177528042,134.2859360143196,132.24295105482062,134.94242871031287,145.8489346101199
68.43056398468896,68.17262637603244,56.86660142971799,61.14712514303996,60.83403066850733,56.35402608107304,53.56860757755823,51.59909417708446,49.47358153797647,53.48952729105499,47.85728687608624,48.91224485101004,45.8060516601091,43.54999476519227,45.84217369283949,42.06326461235296,46.32120297508743,45.03369489687787,42.49312228391043,44.6071880446544,42.2316741993916,41.21391181649358,43.919443504571696,38.01438224981327,40.035374459650136,41.47484363615725,38.93952155682804,39.916863377314414,42.25487514242816,43.11950784847123,43.133639016858574,42.648294551998994,41.87977359517394,49.36481912375682,48.76533383057279,47.95687002476301,49.84316892038475,47.4728803899802,45.840123560580736,51.18406613764018,53.41963249218372,54.86106005151785,69.39407064957962,70.91063785104251,71.20228907946341,99.10708354144732,100.92018849456366,94.990171784382,110.1249662351278,150.74284549837722,139.93244799804674,141.7272909703703,148.79617903546452,137.79810772821216,152.24870202825335,159.89234965085174,152.10533969625843,148.46446291862395,144.4649090310818,148.54745540880717,161.3663413484111,158.37218531787144,156.65117521213375,155.18746379198606,164.24771228954893,166.07500377248712,157.90239139983856,163.34142507480794,165.65236920217563,166.8189638030176,165.3637479036306,180.9746927197237,178.22829686094698,169.47712402824578,175.3490802035521,163.72190627308854,171.30404576373513,165.25858272160153,177.62640578931092,162.02945860088042,158.83023272431555,148.647282487598,171.4684118592104,180.19571110507724,166.36115774952754,172.52553587701524,159.70184125968035,158.96282576583943,163.6881672885894,158.53328832276904,155.4757132688148,169.37559272494732,173.29247183530867,162.05985338236874,166.77590653683018,164.0111051648774,145.18854090541453,147.66424585300683,151.8002412781458,138.52888975112594,152.5790488650436,164.63836450122892,157.38766710406526,165.6614642007945,158.33286832767726,161.84301849601474,156.33733965083124,157.37192285368164,170.75283183745626,152.00913325711616,153.7305928377883,158.8606993567878,158.3121342612895,161.6252424863281,153.44042261341554,149.9514729614186,149.2257953425392,148.07886050050152,139.3587842233279,134.86799870063385,143.24508453357967,133.2478028051911,127.73594290219908,115.66680049291958,124.74970031822154,113.27490354646912,113.0468157040378,113.57418641166544,103.71345467787796,102.6656733490629,109.72409979638384,94.77221339531876,87.2246122383688,84.65425772185056,82.34152849596995,80.28088427729138,81.62046082479166,71.3888032182072,72.24894032792038,76.51061400335988,73.74432166597315
55.53009182658476,54.17508066249582,48.03888706797782,51.87072841944555,49.9529948146206,48.31425281575292,43.02491288183187,40.34630000204498,42.10300822325285,44.631761252691646,39.747578548550806,40.22730625298,37.75906519256993,34.193329460983946,37.29773058218854,32.8404994030695,35.04391549213564,34.961210506299615,33.634597433123815,34.6061042434843,33.86772207224664,32.21991779280768,35.053521638896974,31.511257299162047,31.7811780545868,33.108473396101154,32.71032291046403,32.373413183837926,33.41668255723794,36.82739785531015,35.11260261592056,34.053908425865814,35.62849914522369,39.80693550889896,40.34720613344212,43.48649331965736,42.36655062149511,39.82675631746589,41.38958837083199,44.71268076123344,45.79669233476013,48.057955594238095,60.66127224498654,60.45193648224881,61.99732561164818,84.61367493863781,90.26998667458682,87.165671755342,98.45552203010364,141.23237956757814,124.7584942507783,130.00578220179725,132.82676432005158,121.69047993446212,129.33794748711463,146.5971509393256,137.995643525041,129.17968623033067,128.2724035509656,135.5508969938036,147.20426798406672,144.3484331063691,146.97029025673376,134.17948012891267,138.73979625195977,144.3290674650578,138.55879805066752,147.8746163350617,154.16444546955168,152.5499848649719,152.40442427482083,164.76383437185856,158.61462745546956,152.05753786678608,162.79266106255812,144.73478360639638,153.92733975796918,143.50471993574124,157.9397205909697,144.91321293970026,141.52238485472185,134.09708437388127,156.3161822742176,166.9867100951194,152.0718750668047,157.53257027337995,147.71866832213576,146.66898185957092,146.3863661147348,144.95489945819585,137.08807963245084,150.40414551995892,157.1584859701907,142.64579324629216,150.62092167092464,148.58208462828082,123.1296282030456,122.89069055860952,126.76563393568355,115.88928382799284,123.0571133568154,143.34787484575526,139.7267975785132,143.94494696956815,143.7086177223278,136.4543375798212,136.02040835037528,138.21608300069283,146.98909767345344,129.0832540326226,135.11729979214942,136.51775271557182,133.77560815515204,140.514115608385,138.37314926933752,127.59564549620362,128.90117024674524,128.90472011542883,121.3347886362772,117.64193485252191,125.67598235135814,115.82571250290408,114.32329577726566,100.23584198393584,111.90017456505768,96.18295796642263,97.57200953254552,96.73829371919751,85.70463678858188,84.094451146521,86.34654014024825,75.92402148122763,67.38922644790475,64.12210430194922,62.30483291142524,55.58236169133144,60.659429034034645,52.84240698257389,52.81450830566048,56.04928322892024,52.02851398481732
23.56190763971777,23.971404261890832,21.679648180483024,21.11083036854353,23.073906715452488,23.524193352798385,19.088440051558944,20.607453848447808,22.679316475937533,19.706580971511944,21.8278920828562,22.81429395431544,19.481586201993483,21.82250305924332,23.083063397781267,19.21373077128303,23.599707029739665,23.226957723903023,18.767318134172864,21.37830533327882,23.29269209494114,19.57198238756717,22.477820427568982,21.64304826231525,21.582532884377333,23.276749946970988,21.28225177918606,21.14913324353616,23.58383178184163,22.82921749329669,21.76279304624864,23.45111369864862,22.487831312541577,20.744104168763325,24.499124743956607,26.204408822319024,23.55880204858656,25.90909106886416,27.889230431630907,25.5826409270206,31.163077115507324,34.71077615162201,33.7606088990812,36.75863649509886,37.637099833155965,42.851207082730085,47.44229659666284,48.36344819503212,47.20680335690238,59.78001532598088,67.51189733595477,75.40794425313125,76.298043140196,70.98593553903387,73.39649628061845,83.7253166449372,77.23490496407184,67.80023082771088,74.52229477025267,73.2540789178305,70.8412905191798,73.99314858393005,84.46936884356721,79.41241559586587,79.32021775243496,74.44211214684883,71.74363269754038,74.11287851127263,71.52200488392397,65.51403004649642,64.19548837660628,65.57501016445634,68.9601521861481,82.58170946191957,84.28396270953546,78.20575125379301,74.10642292331545,67.59309755369486,65.67317263262842,63.33542808304321,62.64759498534676,68.06615075475075,74.92863019740427,78.86261384929975,68.08484601581625,70.16994586686108,70.72239855127711,67.7110931314693,75.30326149417466,70.5752654751376,63.52267206000409,68.30706058358257,72.11736721339183,69.66738413912506,68.30522448428556,70.43024555389543,65.62012023310142,69.74976272660086,69.46145524310677,66.9236100786504,72.96365103421213,80.48729577330698,72.19430158434017,70.95645157888546,72.73213487780689,69.31392476656377,70.43961274541938,67.14624267364844,63.877984231130746,62.99331503255715,66.74556918042266,65.02524733406223,67.35405698510424,66.11339757636534,68.5744733715496,66.028138813707,65.28383850516029,67.72752536303346,61.7963702917588,58.66827173038829,61.36487263814369,62.87885393331389,56.25841115387055,58.03601496578765,63.05904601155903,57.8719577653695,55.45686600368414,56.736768382690656,56.311276796952185,51.77344226115374,50.963029849263954,47.50603936877104,42.03850695415752,43.45122148440536,41.94001798269427,36.98875887595452,40.01804332675406,40.79834329167667,37.79820940409129,41.27275961824888,36.00353316525657
207.8739050343856,182.87792390339155,163.60115001287662,167.43505700515743,149.96697222636118,135.21431177602992,142.49573706308658,136.38766705474023,131.62038165529384,128.29650124142654,120.51168992324804,123.18433119775644,117.0133616836612,122.87489791935371,124.19261732478655,120.21899076617954,124.5109154620698,117.46053057379598,113.26859845772726,110.78980737188904,107.47274783479666,107.494233627341,105.15796851108514,111.6230089273405,104.37853895353338,102.45226503841376,103.46783656809448,109.3926108507773,111.249563626554,105.99989832343404,105.84589758459732,103.27166575797833,97.42935185827776,99.58656004468328,98.99926601216777,98.15122297220654,122.74366369931276,138.95721693782102,122.62323351277703,127.84340124297526,173.77700299858856,149.89136370315848,160.22403126427236,168.13027049622394,157.73375807434408,197.9454231541164,204.0150185730241,222.1955753698984,264.8765707338498,316.3811890323254,288.91793181754304,283.854238290032,309.91410809582123,292.6865979048342,317.084886938646,340.9570946535688,378.08696496074543,330.7662699746772,334.437099469428,319.54268627955594,353.7864057573191,324.6339434716605,512.6843426098931,405.4367832135375,369.8773297752458,326.3994973041721,424.0185158865954,331.0688371960883,312.5154543228871,298.1296390740696,291.78806490498,296.3700913071236,316.0570493430304,316.03818002391137,322.8010302129412,332.6804628752173,342.2527999573796,328.6441748798771,336.69464564423606,392.16661709401336,379.23549788797794,347.46657069522064,335.6981283075873,352.9941698074919,331.0263370854056,324.1424191515836,373.3618164648355,336.2861634849364,342.7693093577431,359.7794033867328,362.6403641394681,377.12839479424855,323.51056573046554,351.904300215882,319.145608919857,328.0740777411169,323.86277043818785,308.45303688469426,315.4387630654965,301.43337010728004,293.5279566246604,331.9928796413171,308.8766237871179,299.1336925082582,307.02165927652896,302.2335502619196,310.2304168769381,298.30958149919974,325.45760580860457,308.04533219013217,287.4845916461959,284.59811449976985,282.88753487524446,313.80233125598016,303.5489828437836,285.7374174652517,290.5546614174779,334.9826268726864,307.1587837554237,307.23241062274434,299.11222956180546,283.7855263335003,315.0255866143008,280.3286111892483,302.4453547560676,304.75875776165856,345.3663472567849,346.13051156488314,312.00488934192435,292.75074121654336,310.85896304828213,292.72054245396674,289.77523129272265,328.3058971360986,312.00693171375707,305.81781902024187,300.78571802376734,290.64379056015446,263.37185834544664,262.3355216054576,262.0999488916593
209.757019075374,192.6952522928235,173.9635602841844,177.48812886721268,164.65364923104616,147.9353548581778,174.94336420294397,166.5021381754772,172.49075252770768,171.55010599289182,160.6071761149123,154.99145099873115,143.16896639161322,137.88849672289948,151.8072460447901,151.3025291370545,151.7165675468552,148.41422873009674,140.3389384791827,122.35358130531236,126.05103835546689,123.28601297371291,118.75750468446088,138.06057382486253,126.73297137148684,121.39184950091207,120.49323519848063,127.86223294314765,127.22241645164584,128.81632064021284,129.78420432333087,128.64125988828005,122.18144144247138,116.837383004637,111.31002251086927,114.77012373841836,132.52968859267824,144.9122596450926,141.68395022534546,151.96941790353526,210.0866915874097,185.07411575622484,187.458642373834,187.0184712921439,176.68905300837284,197.5094982104737,215.5105214807313,247.4441407137733,296.3424757550014,403.0207150766556,339.5080006020754,259.25457678680084,259.5107538064023,239.44316556825,297.998493034557,355.6440562566532,440.1398250895478,395.554909503532,358.1709303672056,330.4169034317827,359.6440257554602,332.2349233876177,413.71482340133207,386.6829272387784,440.7892990950378,404.0497697466191,495.1732689441992,417.3449589336994,399.86899247913294,383.65119569148027,360.76296461772046,371.41832722541096,370.0653246460718,352.1275611036993,364.1788087295909,373.4013285817335,394.3906220070857,413.7038874353876,410.55486951587096,467.0575036727752,454.59998631925095,413.22238303452616,419.7846955110159,412.507712120256,413.2744243413469,424.1952031309018,487.0303489488117,456.0603224563982,438.1989945311408,437.6165064604266,450.870803300368,482.7528076152743,418.0233757697244,432.2831486512599,386.075892830831,394.8425545889805,375.74698959629046,330.94354845179754,351.6802629929157,346.14013672087424,313.3010494479508,347.33889630742453,327.23692496308524,323.79733530016665,349.3432925773632,338.71899593735543,320.2180300171742,301.7187701349532,343.6459691971554,312.2731234358384,295.09899622654217,287.8180676162474,277.3653345555546,272.5854374998969,247.5189359592436,256.25829259207745,253.31808396318937,278.90511263521086,259.16044292189736,272.49810632193305,304.59145942415097,262.65105683374,277.852599545498,265.859020998355,276.83048246087066,296.5851896389672,292.52113529541015,278.3788221932816,276.59108674333424,267.57791838661944,274.00898580418794,280.0255797207512,279.0544621691393,276.84698689054943,271.74919403681633,276.7056637242091,269.2235649425272,264.1572000353915,242.35994100736391,237.29977854457937,239.02401054597263
347.16544193717647,413.4028259525472,486.0251477698822,568.433346290511,533.9773716628368,243.70332832415585,185.20869780812748,154.825084821474,145.09922242069428,148.59974162537569,137.83229624390606,127.93282861032002,122.39376557194352,119.60437238996688,277.98550585722273,420.1197698811477,499.6212639023847,540.646058923657,516.8233821017993,221.0857349710425,146.43562654298364,115.24624063851417,104.87468945347554,111.29445102710856,104.46393095550891,106.24228064260264,101.36868289730658,102.7724759226878,103.36455478263264,101.21039121902716,101.03162115732889,105.86572302429992,98.29979457748485,94.52845156023037,96.88943762572052,97.5435926617552,100.1511846746011,139.53403789584786,123.76841357021476,119.14053798554698,129.48906212650073,117.96766535155722,124.2598408251548,131.0080059064749,133.275955640609,148.5935277355722,171.61257836104306,191.64008090734777,213.06449715741448,252.7340198713129,261.48688331992304,222.48615297098485,251.70436369072692,262.2141451480086,321.3138301068579,403.8967907078736,423.9741169231918,440.9482384477277,394.8357218739836,365.6230998382002,408.4369419193103,363.6840334709223,353.62362678109974,366.1948678494989,385.5694228383203,372.9145701836545,388.81440040070726,393.9146129411423,398.7323297048427,407.25047215240113,369.74057513082687,378.3991673706848,393.568581305263,392.7970312295296,399.5041388966086,381.91626958989576,422.8008931343874,433.76711081482415,462.646825245488,464.1060946683471,422.831373829868,401.06535100972,404.6489964046628,403.100627035746,472.56994230050026,469.2145517828519,456.4740939324654,447.9231103985752,489.83384046163815,446.4429342935906,464.93994324156034,509.4536135427263,443.5222837578157,463.5293966885815,435.84425294142767,446.46682829891046,446.6508089986912,439.4732914587959,389.2355755519478,388.231015634651,377.9934582995801,518.846113643626,407.2485211953794,354.6675313408222,337.6751035999336,325.2300001792883,313.0112389139847,316.7476438605733,365.05566902365695,333.6250719495265,312.5687626804836,312.57633823711564,308.4561493111529,303.6958976692844,280.48981695863654,282.56896624896643,301.8131738392889,294.1575663155175,280.02972881106353,266.7529718623501,282.4867558695449,257.39296488029674,228.76627771889403,239.84253302302776,243.446130685779,251.3409750575924,223.313758839807,211.52047465432312,216.3429115671669,207.2468475149606,209.97217977943947,215.9082126397423,325.6514905737175,270.4145820886733,206.7112466012327,195.75132094211145,190.18187617546,178.7847708226325,172.47967389523214,166.39961993527933,164.17190418251354
425.9321669458757,468.9579214723353,540.6668943817524,626.9906196039889,580.1235255517523,269.6958314532363,202.30287192504005,173.0884310428604,151.58258449324651,154.78436189595934,139.92414535401755,132.10430861706269,132.99491522836894,129.22967718443704,298.4509626318559,448.02087922201065,527.5601488823612,570.5403769659584,543.5652100092212,236.46329948105688,154.24594075124762,121.15514027174736,112.44590180098515,113.9581022014769,109.65382399010817,110.9542984798004,107.16731139026707,107.12461478783614,106.65851349561856,102.10464112797575,104.21723050682613,109.13548346381032,102.6183342872001,101.32899882253513,103.9111284578454,105.62243522495189,106.90108642680966,149.73801004256774,132.7806051025801,142.9775399901397,133.4786212449591,122.71254080331542,129.13318342139098,136.9560566001747,140.71013992058596,157.00651348508978,184.41141373943415,199.0515748923481,220.46590547780576,242.6132195982189,260.8182000919772,245.95329479152844,277.98528720741524,308.8357786997999,377.3582700779459,401.4199184092541,383.2949880707126,397.351503101118,349.8049757503996,338.6011261989781,366.8070203059493,325.9157280018984,304.1889459564904,313.8049011532835,305.25389798036184,314.7932568652726,330.1930833949931,334.03802026586544,349.4878506957189,356.388853559894,313.64180706013707,307.2176984953178,327.9847970390107,319.71222318327744,319.1189561239373,304.3699365191531,330.4341128461691,333.34376426246007,368.72833036245567,358.59478126965746,333.16547586727194,314.2300158729125,301.4609742486344,315.91109133597354,384.4940564485121,373.6231823806804,351.1837291137396,348.4842900008843,394.7201861381062,351.40397017503795,360.1181765642593,404.4264791056304,351.54781427958505,364.6200302895378,353.86053153420823,346.4434049964665,357.8577901661633,400.15953988058624,350.94880196914323,365.63487646893793,381.3456425062322,522.2855934398929,404.5785351440315,348.5952710164234,313.83316396073104,326.1957984414842,318.6466708504132,348.93555916921656,368.5234311101793,333.3604026417704,311.84223621727523,325.9536081901996,317.82170117462226,322.51019750724,308.74023675892147,310.5105487035999,349.19381253235616,336.5857761157032,321.3860962141476,304.1932331244737,314.0704403743843,296.5971170237417,259.34459249210363,342.91351004116007,422.2243346734981,353.33302502536174,288.21386866159327,276.4031287460056,281.66864673472395,275.9925196325979,301.83536128074,288.3340879814069,416.1345870147916,338.1441693081794,246.1947669817322,244.97977602591783,239.73200590700253,224.27095386155173,222.11959512934487,208.9776297511542,210.7403278324117
496.775443875268,387.9774903352759,361.54535689413376,374.2943122899,318.987495256374,266.3151654166359,281.28986894251005,270.7529801151616,245.46536046402736,234.34614100366568,222.3687732193421,212.26000187866688,223.9194869710033,230.1813577266766,264.8526861799186,262.5846936944106,249.9802706990493,238.11109599612948,224.08283595739084,185.96190292943604,170.41253635096922,169.7347414895768,176.06462486360067,169.21094571387107,172.62930122831872,173.57983821828634,165.95097790603404,172.62930565674094,169.60764844708072,156.23846502765733,169.8084769762098,172.75949740019826,162.02850925537024,173.345680709976,169.57611173870487,169.36742041559688,174.4852066530924,189.8798829815304,177.8172082865099,240.68790068698357,203.64455268576896,194.78843386792315,206.47141580375552,218.31270221646545,241.08291160443943,259.4252209603593,283.8159744801215,297.5105265059586,341.04405265282423,385.7652259254203,407.7787862275295,381.52138763851633,411.19935819928304,458.28260962902897,522.345305857903,518.0478328155161,477.198834445396,517.026391577924,509.6035351282119,514.8230465804193,537.3707974874679,514.4183061610019,503.2422688132961,508.906614216425,492.4926535987615,526.5628216082913,549.2259752642209,526.2589822257939,589.352750780385,597.760423522945,549.2707122727875,519.0880533728733,529.6840733748081,502.3931775098512,505.0559323010816,496.6311984174628,535.5309298743091,553.0346588625004,583.6474192999319,534.4596501050252,540.7413455005855,561.820553124265,544.5823904374116,578.5203137601854,603.7521864341743,552.9790606920495,520.6017026124682,534.8827864680032,534.5844423903253,500.76347118794047,482.009580225482,500.80847765226,475.8625711083124,483.6453795420245,505.6589041525766,498.3846754356655,481.74684545907496,461.9733113929033,432.9545223698063,453.0077111941089,472.4748241784268,507.7012844809668,465.1141692766251,486.4676936086386,457.151680364354,497.0559274064008,448.4264478457565,500.2059319975522,533.2252365673863,466.1013027865394,442.1624569993364,446.68507004588565,431.5679934357656,440.8932577765726,406.53116157660367,402.9310055922946,436.7019426108318,477.85983970840994,452.5546419475865,459.2988482117207,468.9430574933178,484.3238255048681,481.0594946681962,522.8810680595983,549.487356887405,468.4898065627761,452.13842347782463,479.7781744615209,500.0679549060026,530.2124353171758,645.7770839776259,578.3991779114341,620.2027601886825,557.8679868017036,468.8309227266057,486.8095026915159,497.9309988877589,481.8395256292985,477.2760719712203,459.3944498537788,484.9697418239695
465.49982685827854,363.2479274106239,323.35226913950805,330.12568838624304,300.6761179402956,310.21301010444927,313.4308221049735,275.5715861625386,271.1791905493414,263.26385923181783,251.10321755252951,248.72654749931388,248.8415956599275,272.52694850567747,282.0395713371085,261.54621910929114,242.0234990655219,225.33171896948323,213.97310320371557,198.43059607128927,192.391925207047,194.09556637209167,195.67903244044345,187.20513660852745,193.89064110576825,200.14169368571004,185.20600709038428,189.7856879171229,186.98412344143009,171.1104802801462,180.48604159106927,187.29778607149717,173.7412104057854,186.4060250870296,185.6189943227972,183.9100683761241,192.7199194886128,191.48093328011944,185.3333608110115,213.9571870925614,209.36837903795936,216.01384828465797,229.42368234072936,251.4921886018877,288.6351538410599,303.18665614474537,318.28411122801674,341.367892905883,386.7851985773842,468.2885722551804,506.2202565624432,445.31983754819936,475.4253325593135,507.8996650281742,564.0755460760455,540.2096425348839,512.7766238915649,549.4463174340391,567.6720679183987,542.980635845905,526.2373558421424,489.93554248715407,483.30631355744254,491.6497292495434,503.61957949697126,508.2258509687926,506.2544965497372,501.3189131043196,539.7863649886069,521.7948705331607,556.6784361075105,511.478734398309,517.100967849056,515.2824166219133,514.5633608657813,508.61461308804354,542.7182454193893,563.5099557158059,582.6335880184075,547.7486695203957,544.9623218548321,576.7126242625867,557.3812214418824,578.8083422350245,601.7030866086066,566.2196237365604,531.8405341127909,543.048678173398,543.1433848292108,519.7163202891716,500.6489671906587,502.8076019420079,489.44576877242713,504.2533493211387,538.3441049491097,548.9876484173767,528.8463746683653,519.3749402370267,484.6577879360148,512.9392281315663,523.8949992013748,526.868228394114,528.8794782104018,588.6971724734359,573.4477516455001,586.5600038534039,508.7107162521192,512.5647849503763,553.5295669716662,524.8015490131951,480.1684567147864,478.0339531808483,458.0291825113724,483.18586451425085,454.2727590876627,454.32168699099486,473.76436717365806,524.299597370917,460.7204711222655,472.4862970000876,466.5723692736339,494.6379658371378,545.9875179245687,593.9993281341634,617.8097151498293,535.5585424384313,517.9178347401389,511.4460652656798,507.2224478907967,524.3193560034541,581.5928959871719,550.3427162268475,567.4130666158183,541.6082225817936,491.3653790874012,496.2516801185893,489.3674638349671,467.016436237728,490.005161327328,491.2001608946998,544.4402331049325
447.10166149490783,357.8447645217764,299.70118671591314,294.2385824077961,277.37222553541955,266.2876647514197,260.80056242970653,245.8577777088868,233.02386594990213,238.46948289702544,231.4530624180584,229.89975447219035,223.69849722093429,221.5878565710576,226.83478167231863,227.99331356188176,228.09584740676505,209.2426051078349,205.05536002757773,207.5541545955447,194.3948893768303,190.8113249895005,199.1841131167188,189.4498629040307,186.839942654684,201.77188414708849,186.06940942529317,195.77960499783003,201.4478424102595,191.16882041240456,190.1142524170354,204.28685344674716,183.35420577852372,194.69878462938755,205.1939132561297,197.53667553908423,205.96183732216932,213.3785838742569,211.33731060425893,224.6028926557136,230.03893550073363,236.87107906434665,250.4156718396581,265.88336792358183,283.39616572279795,312.2104908366466,323.9264514572276,348.2381189541715,390.6118892532784,430.1105868306816,434.80349911959325,436.834014109762,470.9127341670923,421.292721205012,449.2850736631151,449.5409723181028,502.645336373483,574.5366991357783,621.8460383731225,511.5686388929892,505.12250314458805,462.41978090548537,457.1936034939776,440.0653937763193,464.94775433845183,476.28086014369273,470.84069760910586,448.4830006825553,526.4762091105337,507.0514871560263,502.7653401947027,465.14343758014735,462.3153125288318,485.4848428077677,475.42810080800274,475.3280494946978,481.5726758136329,499.4755074189956,496.58484564435656,481.1685192856583,529.3971478454916,514.9952983695257,483.9051097861539,483.565188811962,460.8261323128217,463.3897083236649,491.525892281397,456.33516673993,493.3223407055756,458.6102481208157,415.1626504463167,442.4449827848447,422.22353683311474,444.1655431776359,460.539858886684,492.08068547770506,447.6926027725728,444.7730141411893,429.34119347793694,475.0447463478758,478.9965305527064,477.3275718550796,559.6834511572335,541.1677382584845,495.1515396522371,560.9637479432688,478.6281450448903,484.1946769122488,500.3572083676492,465.2953113442082,459.5762986700366,449.0383888361253,448.3348236364674,467.451138520878,490.0268510162707,511.391180053254,518.5370668537207,553.3316158929949,502.8339220343333,523.0957667036965,501.3210461597682,523.1881569766941,524.411011640419,563.0795889600284,597.5613789656518,575.7703146060186,590.0887228545635,504.68076906927087,487.0814655299716,493.0702689981762,479.63917391340425,459.32555282988807,498.9726976290008,488.8195386833469,402.31005318517145,435.653521918356,415.49198944790055,396.7247994527033,487.29563522356034,505.9213059795416,467.1240194783509
671.847187190666,531.1851115584178,463.33021751909934,461.56692388211655,536.58186192662,502.07231609957057,430.5346387781696,383.7598033688532,337.7746225829319,328.58716796515347,301.1378989322398,310.4825787131993,288.810453659615,280.1905353716665,286.5104456307206,294.7293258092814,301.8690611657529,298.9905077100208,291.0865202853226,300.0538375355018,299.8822127369825,294.0257388523058,297.6569989613324,313.88646578848824,275.8264638378153,294.33785733405495,281.3060142593291,262.20747613987857,267.099338416457,270.0873453230902,258.25784990955424,268.254106362444,245.525680359524,258.02105472342663,268.29173564646544,267.24989008565467,268.1728694588119,269.04113024764814,260.9765391213131,287.7002233044565,291.1152335341994,301.2646657664812,336.3502539781097,348.9511118299613,369.745462312348,427.49300459435136,496.7160575916098,486.5764539441801,528.6364526647666,589.365741559153,693.9013145860521,683.7399892010415,739.1264997765642,670.5331517297915,716.1933869063565,707.6622176474449,706.8644769515074,704.7742821840286,794.5562222104732,787.2750592357031,728.1133570802616,819.6615805436126,937.8789498526694,842.4374644919186,828.0408333107357,848.3454741004763,830.5031439285524,812.6561796923246,870.1670204261468,1020.92743366207,995.7243375793744,949.5222367667758,888.9889703175801,941.3858912743216,993.953289492012,930.3358185198472,973.4223698961814,855.7851254296124,861.3209262038841,789.7592879759674,887.533222310025,887.8282474539965,853.5032393407052,884.5184415642431,761.6256633843697,736.0740829670161,748.5217633921865,666.1916546380291,670.3680746006053,647.3511179793425,639.7891824431246,701.5833926098616,729.46328929466,694.2065404296394,687.8245704872592,675.9960089169452,639.442370187333,625.1612925900793,653.6420239789511,610.9453939156348,592.5584893576822,603.944008774844,608.3388841457498,621.7636115347398,572.7974572358683,625.2040937700373,665.9995961473376,668.7098913471071,690.3229096428003,704.5734086040653,716.380607496045,721.9149745636878,680.3920452129436,681.173378379824,726.6461333450726,744.3948692753443,773.240813477905,776.489380636099,688.9824961028289,678.1243300653964,623.1643278072447,609.9842244869327,585.0648084710382,613.9440165199616,619.8201888550242,605.3825663227182,584.9912683873953,607.3259700508162,553.123371398002,551.594114898723,545.1678553404881,539.9949427391323,569.3995957685389,582.853866680587,573.9373014062714,585.6328256221367,568.6851934354622,557.5935723419408,568.265095633982,591.9143317536465,569.7371205755447
534.3141673537812,444.6982798857912,408.926819102997,459.7546742633128,480.61810646289456,460.5129909827661,439.7253773302589,414.0812502896719,345.1519571633479,313.1532045911161,287.5363520679965,303.2517198952242,295.38264105710806,273.9176475132772,273.7591168416861,273.1507461505783,274.011110070814,271.8562564062469,256.5731671597849,266.6168463610855,265.4113795356345,271.96104037587054,267.30448326580125,276.45945582152854,249.2737423224783,255.33548926176772,250.65602014416208,233.0820338149065,238.71896786005271,245.8047246446101,239.7286189262421,242.719889809066,240.501710986588,246.72378215177272,255.45797209759857,253.35939624948875,255.89774841644532,276.3907453660543,256.4841751868795,270.4770219762563,282.8598670648165,291.6308494417085,321.46427645518474,331.5786462463907,377.0534307111293,444.2789904416758,511.2665209394382,530.0563275756277,598.649335952573,632.7333036063965,704.1769882709611,758.8814212170231,847.2322120255601,772.4692298423439,852.5473622944272,843.6337969804462,825.765672009143,839.3549184251491,926.619459132792,944.1243212805604,914.4563360452016,995.0867635433206,1064.0328390892323,977.959867088362,971.9679878890144,968.2932534878472,956.97373323652,950.4897542545672,983.6726747000538,1062.8973652917134,1041.5288896584186,1019.9164819296116,1063.7041222673895,1091.0634537521532,1123.5766666072968,1107.331081315308,1182.7934995250082,1092.744507073974,1052.8793176102067,992.5886631888168,1014.7516328868212,1033.9090373572865,1019.4678718765148,1003.7763236471326,908.873438182662,892.6150363341449,998.9019624802372,883.6235584303483,861.1280076394365,822.1146127030124,765.7758943287964,808.2642521724277,829.4306116063088,820.9863430701461,775.6248459489767,795.8424683740982,800.3107578364519,791.23879139512,882.8941140362191,834.4113166206923,758.7039873725341,779.1296408834854,791.2198192567537,861.3224380411814,801.2274923699812,745.2918809266928,789.7583837117652,811.5699114816998,786.3013581661812,769.7475091164529,736.5123236900569,791.7737145903703,856.6442058842168,799.7993312843482,828.1698947455418,882.0983247807534,880.0738675135567,870.7474786591235,847.2571171156834,806.8002664612762,741.9164553583984,719.3098828476661,689.2196112905714,768.5258605046946,784.7534578052424,710.3079880997863,674.7286137610839,658.3168262102787,586.0323186039967,579.5204285333325,600.7196747912612,591.2356878485139,648.0260311835266,635.7287318352744,633.2495907087299,595.9230740059317,579.731108654423,545.2263336012246,563.332600140025,607.7161670642259,576.681823045505
361.5732050557335,315.9941707557261,310.4215846619574,333.2663257785488,340.90788923629617,327.4410523273682,333.8365075747903,322.27347241033,286.395922600251,254.2266089308731,240.72231009576444,253.2567399751567,259.50573201702275,231.86069280179905,234.0936801507209,220.78593891692825,213.8119503142724,219.3258411097886,201.2652212196324,194.35483840483496,200.20983716997435,195.76713866749256,191.9965989012161,195.21330223081156,182.8770742013469,183.52896270702485,187.9516548452344,188.29642226482312,184.9356047681976,193.87136339248005,187.5694761604932,187.57751072519463,197.78852365102716,193.12069785417555,199.3800693213841,211.8558799302392,215.07997149193997,240.8881555901117,221.64436150636973,223.62152413877877,225.9106131134321,240.4274258858424,261.9656406834599,266.6534095869162,317.4640960036401,373.5485288786521,407.85199624046726,443.2912920363312,503.4831807808023,550.0331591075832,599.2546402326847,721.3644504355635,847.2924528716944,810.2714137868167,844.8191447927006,844.2479615882567,792.5684059683115,800.0550233582887,890.1016921683777,904.9332862933696,938.4713867909156,1064.865210575215,1145.1808899220712,1077.692266603556,1051.8733452836252,1076.7658569442551,1048.7894561561295,1033.506697481807,1006.9692413565284,994.4925906856744,1020.6497971476624,1028.4743555577113,1177.105777153685,1237.1668604416463,1248.7472434933773,1210.6784723548687,1235.5169840612807,1265.212340855069,1213.188524263795,1188.9162627224498,1117.510062734616,1176.5626654911682,1159.1458901677906,1124.0532357843947,1156.2655066384664,1154.7951070911454,1259.9335799234564,1136.0812020628632,1159.4337835651618,1082.7034716925752,1029.1978276325676,1030.4926701475492,1018.8441766272076,1033.5729092115014,979.7480156404752,1050.0520736564415,1154.713561124215,1190.908878314463,1240.0584143466883,1153.6454587036426,1042.5372308938538,1018.5272249285732,1037.5100383909703,1135.8607812163193,1081.1716668044342,977.8707100203512,1013.6835148786288,1083.4948306011377,989.385083511539,929.0730315557172,851.4614879753021,917.9047124228572,942.9689374292458,911.1309698536464,877.3955020069361,890.0973951747152,835.8931545432258,894.1955570353113,938.5032191005848,847.649513165987,729.7879497325321,711.2995973810139,689.8896861527295,714.7836372949907,772.4104885148606,716.2997773846146,703.5235134774526,657.1216287543763,596.9350211303872,573.5635892993957,601.1257239431004,609.6079291863886,633.2899242872859,602.7019052962556,592.0705538320767,563.9492701174439,551.3849104235962,518.1966774801873,513.275045589639,523.628856317664,552.9849142065452
227.06182918413413,209.11609106638403,211.68342483833345,196.59845079481968,211.96529914204035,187.5568976601231,170.94955938411064,155.32211469736205,185.7503975964285,179.71434819154354,162.78340743232943,162.69705233250073,180.54654669408055,161.6215884601527,162.44058523840985,141.4741127782236,134.4322355339687,142.79071484435383,130.67328725621158,120.7345566645097,131.41137584909598,125.81313981860374,122.484922487109,126.65280848080322,121.91798232317204,127.14926008298248,128.1731798274365,132.04793846015596,130.1312811364066,129.94315139204943,126.92812057171982,122.27026666084907,136.66537015790254,130.29218896176124,129.6195672916334,138.54405867576736,136.31915630903774,174.28275355259402,151.86939530679447,144.0964988721625,143.02015747526832,150.28808475567882,170.74311522068282,163.51393921257602,190.19237243629684,203.47606177824696,233.3033912927929,299.6558567790418,332.5878260449497,360.6434637307695,428.687281264614,524.7050983117507,599.7824375043427,612.070405795593,612.2559798989446,599.4982793972657,614.5589175326611,623.3228343070439,650.9990543818789,705.2649758231591,739.1780193961018,898.5102940417687,1048.3918760912238,983.2711120594182,922.661347684112,941.5951776391796,889.7775478639851,907.9228655595856,906.4081885977448,905.3155461470516,944.0224573968136,963.4201951611284,1138.1028657329305,1223.134573745,1217.4845461694429,1109.5170145702994,1113.3584699835196,1078.405008325185,1119.2218512420086,1084.8319882015255,1089.6695683247224,1068.4974013821793,1078.337083858885,1137.3704595134127,1185.157068632641,1135.102706974653,1193.8507865102697,1084.922913600848,1094.552747588277,1061.5170017885016,1139.997792360555,1002.6368996875171,920.1200069186835,963.8342386800248,941.654232137474,1010.4503524067952,1139.6415901541377,1203.0240244367417,1079.054283566098,959.5131780056222,926.3402951728408,889.8787385871182,868.5275976451965,922.9085711194152,924.4971402107044,838.8821583412588,905.5368466193304,1010.9006985213374,967.2965539471718,865.5713109232142,768.6812804644225,832.538207637083,706.9964087720114,769.0720692406975,751.5656297466767,735.142568740397,661.2629578190708,649.7750355574784,708.339101301839,584.9039754543122,485.881636779012,475.4920806168111,421.0735878066489,438.084272161467,413.2805605471534,408.8004885821903,397.4566214864109,359.35553154273083,361.999290139579,343.778691878773,333.1100243436116,364.8111344975591,329.51075114552026,319.41752294926795,328.0347091262854,323.77515533348867,304.5664806633754,308.07094671682813,302.22150230511977,272.2234673991855,288.2807954965822
170.02764899454502,153.9564018854962,152.1291241187196,122.51640120958916,147.5835333665537,123.3936448707715,119.15740920259012,111.68784190772956,149.22819824737144,133.13059211093662,113.46437229941424,108.8594846836739,122.41783523183028,115.964806319199,115.64711897162178,89.94300906099747,88.58989544270777,95.9374051063933,86.27864588638202,81.7820555654651,87.46705288098308,83.37535471179609,78.44256716236475,80.99302218506594,77.44028735011099,83.12163995676664,82.66475202342903,87.11680525649679,87.53197361375013,84.39043431082924,78.21881347887724,69.48314739903266,77.16426723083845,71.37076154669906,70.19025664477665,73.5508093141956,69.65784107548811,116.21700138482412,94.2037912662563,78.1699178329387,78.34525027119201,81.45553217284417,95.6219449841994,93.99857554598304,102.72742951032438,97.99880248229697,116.45487771892932,178.6475120192912,172.06465774314327,167.20245184961627,205.464893146926,260.86965060212674,307.62879707906274,307.63452272214533,326.77056500827763,298.62582857970204,311.25171219597087,322.36212020576914,309.1763242383273,365.578967447004,416.3574793147458,484.8902634418865,575.2099293417242,559.7756927776348,529.24268921152,521.5480570092285,495.7888854977325,504.02528770316087,521.6679119433904,510.5970288476629,516.9855031952189,548.6467090252329,652.9511007430116,702.9449825492325,719.2908798211795,664.303512454319,640.8235426196813,621.662656623189,708.9367376288923,686.6056621400558,747.9178116736753,665.9884259577384,632.4020452192765,690.864769778894,682.210223653043,675.9609611501769,737.8106633901115,672.6217632425727,639.5013954892117,653.4480272910423,791.2523298458486,635.5894668102158,577.3732066300942,637.0078832044288,601.7509512036146,652.2669519983131,708.3660887646738,710.4277755432996,649.1885964617627,572.6865010150749,544.5353146586176,522.8195067582525,507.2487267237057,575.332768384418,561.7902158223543,479.99173715408926,508.44119395146936,624.789636365637,610.0795887598737,576.2731458741314,510.2299130219364,524.6688876838745,439.08435087289627,534.350262360762,497.47051913638734,506.9427718614679,437.87252139844014,386.6251163447205,452.19816253737,361.9156059323119,301.9666661703748,291.8156254986337,256.92448189384965,276.40798005132984,252.82625376645169,251.5161149151361,236.28279735766407,196.3091135967698,223.8560970864631,217.58192133198708,194.57615172773768,229.78752061283305,187.18463189853207,168.5942037641538,164.38670553208695,161.84663353129437,157.81500734913388,177.02060081208847,147.51767537540573,144.34191995124283,135.430006925307
475.151024444458,430.4640967620732,394.75771473213575,364.8458490090378,370.4053335362144,334.5200545401312,340.9945162251759,339.99644385796086,352.9126732349005,327.6714976661538,329.7494652039513,319.2479595256316,329.3030535856129,325.1076030726918,337.31031668752297,295.8596158716987,309.5950728087419,298.0475841260168,286.42700254965206,313.01340675546464,284.18936420055434,282.96625863695795,279.9250074471247,282.22918637157375,265.4746576538924,271.8918787234049,261.9313512626727,258.0733460703754,256.3052419565762,255.5246556028306,265.45360697066815,237.19253536426135,234.6367568561343,230.46085105718996,223.10426335830047,229.845136411874,227.95445059169847,252.29802014378396,250.14905727915936,248.2838077195687,267.2314259542601,275.2194309592217,376.8307097730312,431.9595927949603,401.29496577686336,378.3443602184356,411.2537727955669,486.9052471601368,516.4628175293228,541.3029301669196,568.6253105304299,635.449564527521,653.4044106210158,667.7735831036259,735.2130362577265,720.4573410744161,705.4963581574885,766.7937708656921,743.651104413799,749.1003910276787,710.4565548284379,695.0138024781268,765.5773160374647,699.7334629594653,660.0164197638902,722.696749911955,762.7730737849251,774.9733263261581,815.2322494210173,776.8898064065913,705.9773872836097,659.2522902932294,735.6126398684113,745.1526568075742,674.6330269813849,805.0020728760395,699.3971479258901,663.3021999386738,709.1017298851194,694.9094198245589,746.1007961547311,893.2840859205745,773.0610826482841,775.2503906688363,921.151842773354,798.5131426738438,830.7543606170992,713.9084042731827,643.0693010178416,632.4820617396737,735.5702171431451,734.5331965142049,668.4666007768783,705.1935974098825,760.3223600468343,724.6114437141285,837.816268170796,792.7820300699512,768.941140606026,700.7607732320482,716.1557652749608,681.6076743887775,717.7774969451351,705.943654772852,663.462320204156,666.025899577024,717.3256002565922,734.0925362238496,691.1190795670248,649.8532191416449,647.9913408068661,658.8170270891438,632.4391573194666,718.6542371829237,708.5067380801286,747.2571824375037,702.2084149600297,714.7572275772958,723.8773768788544,655.5402229374059,643.5803097809401,631.8028937354138,614.618520232674,615.5906870814055,573.2368866901676,551.0811109424317,608.7504812728235,608.7760511268682,727.1737317857252,828.5326376646167,880.7344894660271,791.3005198449266,698.8251838559331,669.5102531948285,626.0212189964541,796.499403127459,684.3935246158413,671.7979452821362,562.4573531656639,564.701554445946,524.6672260355801
492.7101241632552,448.6410605485808,396.1294750249192,370.3839691405068,371.2002200238728,329.6615610654213,327.1174899340665,346.444031212898,338.1645266881094,335.7892538451528,324.2101563100175,326.47493970736633,327.9369316841134,322.02105239833264,327.99924065249974,307.0700006248336,315.6709083922915,328.3495210835746,302.94073677221155,311.6154962367134,300.2188085713922,291.4081444898252,290.210449877549,280.5218750073305,259.91531451737853,272.04744228330884,256.9495406530272,254.05080567496145,256.972108960066,250.0032755102092,264.4973736301377,241.67880847036173,242.9570674967585,230.85066645881636,234.39882255865004,233.7703055528546,234.4988334463972,244.9872982283199,254.0780757633912,249.8496630279279,270.16242053232725,297.3065211398092,318.99520873062994,352.5254131939328,375.1654213391389,380.9003767177781,439.9302874911498,529.6704018585893,549.1169740531752,560.8945903095075,633.4785152461398,667.8949653593668,724.6930487163786,846.0374978333913,773.7416321367601,678.199603761238,728.0394200883967,673.9456538028646,660.7357205217129,655.24370133011,644.1356598574008,626.0968953935508,716.3321423987221,714.9061764906767,684.490833908844,684.0399114380838,667.8365747373025,659.2555563903114,706.728916981221,693.3186468002542,663.7397261307592,637.6941404758268,661.4578212792247,656.6619883268252,601.0410041223128,656.6746200645697,606.1093583553865,663.8190646869748,681.6378982753624,688.028789069826,725.803519582784,728.9012826836029,756.6255040830873,745.0180654285119,737.7126286089228,782.6356296115231,756.1224962499804,699.0454967670972,600.2162415103139,565.1805099424791,610.646174596104,607.3711563447824,562.5919124575365,592.9110622538898,585.9625603936856,550.1265987480891,606.7370770421362,581.8561571291507,605.9772405858703,596.4354287537694,598.3192483507657,624.35842726916,602.5628985300414,633.3717731857633,627.2023801275503,673.6267579806371,644.9637936531412,664.8975535059695,638.8348972576683,625.7727845356759,634.4700235697547,612.1163160862064,611.1893365700467,687.0532013110179,780.345787190551,830.4177297287338,714.6849932735214,694.0977499357953,738.2068250632179,751.0542416180477,745.8592719844017,708.7234581688407,640.5041668484753,649.3331683560376,706.6250997558308,674.9790820123789,936.3489285726438,739.8156930629111,671.8381549629863,693.2214896572549,712.963584444695,645.0518729830156,626.4353640152035,637.6305486913113,590.3497549295599,660.4677390444581,610.2718964736896,547.938517799907,507.5274656907814,596.2389336273083,537.1364150541895
296.85356146917377,288.0428280788416,266.45654411933555,267.5480380302059,281.8471666702567,247.62673282216497,246.52813649752983,237.5312378585212,238.9176498659592,232.58104690079787,224.39820503962363,226.21962737720696,212.15153757781448,217.87796664503767,215.3857811877677,203.93141188266117,227.7870248113444,238.99176899373165,223.81825240801984,240.135600231582,234.8314926846623,224.77692058846853,222.51779844855477,214.606499612942,204.84741004937624,229.60547695041984,214.51846627450692,211.49865311716889,216.5895349657953,210.7829033797626,222.3957361771897,211.6023160767172,207.4004072380218,196.0487047978,186.9400717555082,178.19840891058038,206.15493728145785,200.86316582092664,192.39051020308275,191.0073062077845,208.5901672534457,218.25269097133636,233.12448351657784,256.5443768145229,290.6247132484315,313.2084978474484,377.31075242357855,438.9409059721203,485.09695111943375,505.4358658065134,541.2533010678669,603.1345071774683,753.1059780030045,784.2194382270532,775.0770286211581,660.8896205644024,661.9494771875866,641.0342497742458,626.2791398860114,630.5178801557455,668.0250827761732,638.1832726284432,701.5854783216815,755.4270062426223,742.764397754403,700.8877982064662,662.8868950692407,657.8952118321921,672.7439864203482,657.65418449161,709.4844894057799,670.2219344194218,680.8138621290989,648.2233804467911,581.1545638172386,603.0640739421541,605.6284235906322,687.2176956641769,646.6710999620431,635.6802920332672,664.215128945163,661.1532232108427,692.3442985760415,665.5620161900496,658.3047934852303,681.205789083256,684.8846095977325,693.1093241532725,592.7835870720706,572.478182407705,597.5572354994199,578.1626776341527,545.9185641808606,574.7579736922708,562.1695164633793,529.5416321048026,589.8356394273089,543.8929371487709,547.2594747115302,530.707879693595,541.9576125205825,546.2785738945968,526.6846625644928,572.0152194729162,537.5976548280111,609.6475326333015,569.9527812573037,606.2837328508924,594.9202141626128,593.9145373057712,614.7358473937362,599.3320946114925,598.5443767497579,667.0356852088154,731.9628741422081,706.9888579500855,617.0934691710517,614.9149013665614,576.1781492339924,549.3200370949857,613.3104217303182,544.7948375997083,491.9198186232589,513.4976981587835,582.6099313628833,521.453455715352,856.1609179891718,636.8451446939687,538.4253448891517,501.0524310066172,499.8422863910145,469.2997587469005,460.1700338510764,444.1097725394395,397.3768796677792,489.5187915995775,439.419130473589,390.7123360557025,377.1708677465051,441.64472752672685,396.595147976921
109.94190472573862,111.18027843105506,94.2029104532323,100.7483155051338,111.5981248457876,94.74933196069688,106.07308881163549,104.34872933345652,100.92869311717044,101.87998368526726,105.67668639013496,105.43273155712863,90.5654474819916,98.1245112394296,99.1387888455486,105.5964146219303,112.90022035078044,111.3049418291886,115.6392155532152,117.98922352463916,117.76446839923572,118.10841160631624,114.67793248150588,105.49314409878028,109.05720146547309,108.9515722794581,102.24776941732004,105.9796677077146,98.96464570718688,97.66659664843615,111.1425124862731,112.30593609352113,110.41945808884874,114.46046693318075,94.07041848182888,93.5675850705066,129.41588912274457,99.02763087070824,99.30579758929404,106.02235602260738,108.66345785655294,113.97854296152504,117.23627242876476,133.48719430973193,146.6897875148722,161.39649907814962,174.8042701913615,187.8136043906833,215.13679646590063,229.0792055261985,209.22604284850647,230.07485651881004,241.47508910320352,237.6091936708557,255.76308831077716,251.05181485073115,250.95438537100975,259.91476563188786,266.82991966132056,268.5986834926019,286.1190966569698,274.2044879834728,288.39819693104715,288.8049048431948,301.2589961995744,308.0077942913609,314.4206026746153,289.49072783980563,263.8012896280926,250.8778594836987,262.9815477679804,257.71090665435173,276.4017488019608,289.1951117295255,255.58710821817215,265.9662032526835,265.2796214012064,274.75629890390104,271.29866718543826,266.0748421798303,255.019470874054,260.81035320851214,275.08077642438604,256.5791174937012,263.97592659775563,277.2637668462143,257.7458324375414,253.6892000428607,245.53725416115887,237.12156949667232,254.4653574593773,266.6007943256164,280.3404304581556,276.57383009266374,255.97255707404923,249.67136178884616,258.81642020078215,253.26621120914055,245.4483854523144,242.4688586782056,239.57387034462784,227.95938585612365,249.0494446566774,247.10262630587712,228.55795736129787,240.7870293520076,234.4005165464417,233.79218152894416,247.44394910270617,227.0339273827363,243.5527046783102,252.81995990908285,258.5516462639731,262.1373683204608,255.59323323182844,254.28203396317912,231.33277361223185,235.63908419182903,240.24673465274643,226.9848191031763,246.60178675438863,220.80725209843231,187.3984238196644,204.01323995275408,218.65155030701055,201.8961068039534,216.1853281505429,199.5224172284197,177.4922599581703,190.23649540749184,189.81055302554995,175.66832321634504,170.96139842944714,175.85355540762205,157.30772200986763,160.39985255129452,152.92558188177065,141.1566701639216,142.10783465254713,135.85086621628938,123.47460010518074
217.02094038455337,222.02508940547017,183.11290887369051,198.32586278724685,207.0891628650261,176.65803380342896,194.0442389528372,190.14990477282817,176.20738961528048,174.88108706031724,182.41767018355057,179.52148725031924,160.45876729951635,176.81851838889955,174.85619712802708,191.41172281267384,182.993335104836,172.83429850415965,175.71752184620203,174.2118824126454,178.38287399199285,184.26469626595247,184.5208333086408,172.65312975419192,175.25436197521637,172.15831897826925,175.5106946143947,187.82446558173567,175.06354748444076,179.2623358665306,186.48597329292312,191.29386968567127,192.05516499438812,201.72747631275016,173.90316738269428,183.76990346576048,218.28090485075825,178.4661060133612,188.68737040885145,205.33315112651655,213.40723534696227,229.8126694542096,227.9084574170809,263.0842685010373,285.119872517522,314.2258310669647,329.61723100754983,352.35310739654904,421.7817649293937,448.4736584882104,399.26591574075394,438.0715033787171,444.8403806922538,440.218502826218,459.7064243391176,455.33921411137567,445.5153547764253,475.38149235632966,488.1715446626666,491.9116933648064,486.9456505021562,482.2910282288244,488.1257909930617,500.129292570625,523.6199192622939,550.2855235324458,560.0982013619064,498.9339613392587,445.7569741326156,428.4211522219575,448.27022528859646,446.3808464140664,483.5643960086184,497.4519378323087,450.424326706628,487.6491515553505,483.0021794325256,481.9124331934628,474.6409209806699,465.2913102955198,444.8255065343304,461.0057906636837,471.3299407470151,430.5493394537255,450.1697268222008,472.0408468182196,422.2765608187947,413.9008384915767,418.54427105380097,397.90573593242414,441.7757155150633,475.2958377341791,529.6059969828053,516.6825766734272,457.4118737809192,455.6453285505438,463.7034349043148,459.2689188055279,454.4432933771061,438.6078869762316,434.8873418366686,407.1415596264475,455.4307609853951,453.57016433416817,418.2714649227815,439.1124157898427,415.8330584482416,411.81923321838747,448.5601189150435,405.3612803609891,431.502400695782,442.6119770803801,462.30143813559147,462.4957123964079,448.5183300899038,448.5913587519992,409.0470115476661,416.66725929835343,431.33981361589593,408.40050262738936,424.79977558221367,400.3689218156613,323.3767803082527,345.79377453136124,371.0711113847549,346.9974857092621,360.0257566198204,339.87781148325087,306.22415026526625,341.050896074834,345.300461909603,303.1905466598454,305.0453729345828,305.7512527898753,275.41671126198287,276.3719477340656,279.90708113989547,245.6980788704664,262.4194306472904,254.3918969812155,236.07189433481977
41.607005183634655,43.33944475429662,38.53006330637739,40.30562561673504,39.80934489918721,35.772710470349494,36.72178598460636,41.21890413254639,38.51321060191065,38.39519058662018,36.76370023752055,35.67148877636788,34.38959867908839,37.2182534084723,35.73984361252735,35.59197253755563,34.337122273822146,31.308617397929847,32.38222064174441,32.925916566327984,32.46065284306348,33.86335921098263,37.18907365979213,34.01088529886609,32.00355515619298,30.27922254683556,31.40847038743167,31.72777493199755,31.27872559025303,32.725106923326976,33.14520307394589,34.12480786659811,34.988922310771365,40.48589927916674,33.85521536488841,37.47775333581943,40.78491554796585,37.59915375656534,39.52914709814748,41.10382693729289,46.12898664593413,49.68309874448559,59.943249561042535,73.88970710635566,83.32037806379944,110.64948339672326,99.53718541258996,113.1591603893204,130.17362267989657,151.43455786305253,163.27247113184336,239.69199866511715,280.02085551982475,278.6275641425266,275.57591630568186,272.7617726592922,294.13780145788905,283.3550822751409,308.17792067398136,287.45107267294355,282.9161851410041,306.4392675013255,314.6689776364856,350.7362976307786,393.36163527255945,383.34467865921823,416.8244867904637,347.9953658724632,356.68170231736707,339.43696508832835,402.0949515561715,409.5775411795973,377.5463870916589,357.77547863675335,388.7270381818507,376.36096030009423,325.7976675588394,352.84866529025896,428.3417049408615,392.8132963514371,387.0292821094445,414.53287591466886,409.1969898625369,414.248897486313,382.1677225325338,401.5259538674643,339.9618107605476,346.885321342198,379.6802201965636,333.43996135624434,337.0614234225814,346.07661856776184,318.6975332131448,321.966691292485,311.32222519733006,304.7973225143428,309.78281894733493,331.15587252749555,352.19442072817384,372.27306459078727,429.11507250473255,453.4099370016469,420.61839964557953,398.5440342741563,345.4565499208861,323.55842442327867,292.0012981018332,282.73340193427816,318.6563221023198,293.4062194502325,334.64626513327386,344.3107306852227,350.8226452339025,337.77347172997713,299.17769173300724,346.1504954992156,304.7686564427213,291.6389871225054,270.5410956556338,258.6375474456151,258.21326340825937,244.593129950627,217.66430907127955,182.6106969650248,159.2437428563955,141.25872414535016,113.97328546415636,101.99270568486892,82.87006617713561,83.9625121002296,77.94443186373523,77.98011646242477,74.30301063797755,70.51283875611367,59.85546044711016,67.28666749253765,70.94138547699399,57.07699309305944,81.57161224582343,87.73621653608716,79.90651531102549
76.5645070348963,74.9476973037627,66.94829994187799,73.21673500020447,68.3950977139072,64.64206705923704,65.22387444126765,64.5905833183383,63.18659987935929,69.35649511262176,64.80096288309015,58.536308699985895,61.44798042322168,56.39634309699126,56.77507541836295,54.73533850506555,56.63199860151103,54.57825586429346,57.39637136812861,57.25787310873426,51.72936161346061,54.51245115578472,55.92232407990858,52.0707918965557,52.14692575354132,53.62986872985179,51.5299327196198,55.40363334166936,54.13673033022813,56.16844448949583,56.412964789347214,54.523352854320805,55.59348462336681,61.67601802931717,58.71639775138796,63.628474178397695,64.74821377907814,63.872292105377504,63.39567638681117,69.42251604125579,69.2247899991753,74.32285337153473,84.77575254339945,86.75682438617626,94.18809755816848,124.4707703406348,122.72454181774444,126.70007664721064,143.7689965373104,192.9142414454058,185.43816942675065,199.11037286884095,202.55165083444945,195.9350316835108,201.1594860824422,210.8560548809181,202.75943208789695,202.42441799997945,201.44527901856213,208.17691589300009,223.90197695803383,218.4014620101751,221.97227886076843,217.34826558893428,227.39977661424615,225.94815658128184,235.0052110999752,237.32450228821853,259.98163165157274,267.46153798099937,260.57768193562947,266.31979747590924,258.0978677709184,257.20130748134125,270.59025403044706,256.80660367525854,253.84588512144805,262.43911738544386,287.8465323409491,258.13601952932,263.14625755089173,274.78804561238314,275.24724690307534,277.515501791966,263.0289482173572,267.34449059485456,233.3028727172164,231.35889091094933,225.9185796807512,222.3080180874376,216.12631818388135,216.69797965307225,221.97009196899776,209.72543141086868,214.19353054214352,214.23746227693968,205.8989673447233,199.6052995232893,217.98830951677144,193.43140458797416,196.19441697654813,229.46373985861356,227.516458016514,222.7126679870157,221.1172952505504,210.39087834043107,216.41979036275475,212.4160499898779,227.20634848020703,204.30584549091571,220.4173231503084,215.0907579316382,202.6452914153403,201.44238214409452,192.31400483517095,183.1711539443205,185.2003884738215,190.8444948737814,167.41679538892262,163.9302975542151,173.8042452380151,155.87319607331986,156.3800698296624,140.29672182143727,139.6069782256814,121.34069919555137,123.59673722287702,118.95758841284264,112.10419481187856,111.1519622576851,105.5375406066165,101.26974712124246,95.63555535939447,84.00081399392509,84.59462378262985,81.96979466339941,85.4598887669589,74.58259151675848,80.46148133382725,74.07869448120275,81.53257163881884
86.10096779373292,80.74764898668724,79.40129758168437,85.77287019705808,84.38370723349088,89.47706574758028,81.68521249363145,78.06054464368538,72.04328879597026,71.52680775908149,69.88329541957675,69.64837854207127,68.32578323243577,63.82879776755311,68.53809252820253,59.56452353287034,65.21373832941215,68.57399559269976,66.20753721119756,64.7510948581772,67.30190587839127,64.68340297601408,66.24670282009198,62.77182640618083,63.88871543133808,63.014405906854506,65.74042937033514,64.71212002106314,65.37810393987503,66.49071880419234,66.77927105662646,64.00113617332522,65.69108923694587,72.83092733904073,74.30964603234092,79.79175943648119,77.49494635431768,75.80017563335333,77.49490215724157,85.95187051010763,84.53355169725944,92.08492751946868,103.51391647925786,104.29971191022152,115.48333025080166,155.635292504282,152.14817045627643,153.875176199705,169.96947455078407,204.24577082121704,183.88630693785663,192.6891840618933,195.47392343561995,199.23703705294875,213.16479208562845,232.381766097525,221.30725862596037,209.8831091245088,215.32229894432967,229.29165999510107,212.7698504353368,209.3730990571344,235.40645010487185,201.7275194009215,208.74364940150875,209.118673354413,212.11916952401805,216.51362538331867,248.64433083066956,230.89535141719165,202.7102920647957,209.17385803529,208.20118825059885,209.18334220223133,217.5783533113427,206.27537833948395,204.6927324908026,193.26543472145212,208.69674652552493,192.58491728583223,191.24144678728783,183.74958502280876,196.5048096244443,214.70943578368195,205.5425679401702,214.80801301435255,205.07374732696948,194.72571053058223,200.3709630330748,207.8987413232956,191.582613545496,199.45637711790903,205.22427825676476,185.0487643191202,195.25382405461096,186.6456667973004,182.11852340832408,179.36642291271662,186.2030821463796,204.74632663087013,188.75529078518625,204.0309908467597,204.1972085856068,199.63710496277972,195.2144498928882,188.60561528910296,186.6543730393433,183.00285760718552,197.47633934202796,178.15118851897554,179.51810458069528,178.2265897626278,174.6409140781859,179.01971278938353,173.88128817045646,173.2073845899587,169.5204513124086,168.78711228532362,162.18917568713317,161.9039457230292,166.8090259273647,151.28595734884357,156.15698993690344,141.7470763703061,152.35680132019053,150.02329872862424,147.10422145222103,149.08111042077226,140.97175657277464,134.8178065373378,131.46391202325043,130.4792084330289,124.24248035646131,114.14457566361904,104.40022863310114,100.91728041174068,100.43099167285608,95.3887332190968,97.807926189794,95.25193665464042,87.9587012329667
75.79094542487512,69.95041018873631,72.88553453353211,77.33892701738274,78.20436865523232,86.93932003667345,78.14746461359003,75.76201262319829,66.70270938824285,63.34541020941975,67.18804906952023,67.21361830217411,66.34577710086215,65.36194234368712,68.61176140438015,58.88965315152374,67.30112699577114,70.87395432959006,66.93757116016012,65.12536880454878,70.3302007161331,66.41332621141594,67.20865810175968,64.59849097662871,67.00972014050038,64.7277337686105,67.27095309133871,67.06080241506314,68.0942752389432,65.5342073254785,68.30384721388955,65.69706255670846,65.03919399407653,71.0297029450612,74.55853228150282,78.69235060324525,76.92901143110883,76.74331772233712,77.34826666663271,86.57398547834002,86.31529025817638,95.01504027601834,99.33006119152066,101.35232578815123,113.21773653073328,149.00551836254542,139.7368198290913,144.22899488703885,153.51134391933005,156.1424193470572,150.9129598220306,162.01666930148212,168.48626729393857,179.9728984617278,193.40635392277665,205.8499195970591,193.3983701055972,182.59713021268212,196.10605808754573,207.48558137521948,172.9157853375998,177.004598599925,211.69039885809207,181.6710265798901,186.6400698770744,177.80574455005765,183.9351666619472,183.32897901764176,213.38730043279693,183.52173955474697,149.26669516335156,149.11213009266925,155.48617944179134,171.91358997491955,173.67636161263712,169.77359073057622,157.2461144446757,146.38949865659066,151.2482896396884,145.8209286654997,142.43723826307723,143.6698453669575,149.78514131485608,166.5451370384727,159.63196061492724,167.83074861011372,163.30367926075232,149.95461772291614,162.56374742918388,169.3330593987465,154.890499554003,156.3683000243523,160.34197445299495,148.55622981646826,155.09156969949356,142.09645977239583,152.49029531684295,151.65752797898747,152.30374487764274,188.5440344242349,162.89463269203185,165.37525195092786,167.77100824931352,159.63183151648502,155.1113911154415,156.29009019453878,151.21332681601916,141.34447685032893,152.57704548117104,140.92136018302114,137.05849518265748,134.4542862369403,134.94758520165416,135.8875594627508,133.78184424651045,142.43721613629864,136.27580186691216,135.5318001700859,130.39697408039137,129.8185341240414,133.97179391182175,125.26554311308152,124.31527526119372,119.69236114591716,127.96078106569593,135.31747651080534,125.0985457201846,128.29001659262525,127.2687970012696,118.7663825106856,113.0746617382966,118.29617816020745,114.7979363991732,108.08767676783278,96.13477946810426,95.85163207720302,91.59863975658068,92.98913768594488,93.94869064751452,92.05356567228536,81.02929571641062
377.0337972233492,326.90297591143013,270.6721788439078,265.7115054664178,206.15016254325016,180.78349365877077,178.97448140928643,166.30702617493714,160.68068186904364,159.18159469444404,155.2186069068723,155.80309931487596,147.36064157974613,161.54795786726925,162.86231520270977,150.48343842403094,157.41625957677024,150.77859104709964,147.73520748544692,159.93429012030015,142.4717011268551,143.238042345424,144.42525386077173,135.78931066498922,136.5589343757429,134.37511511012534,128.4545479111875,140.067381675755,147.20976926988402,131.37439471827807,132.2598565561707,136.37928140598578,126.81291483030712,133.2799290468516,138.84352765056292,131.7168378025658,165.83888158444287,226.70918430253897,160.60231570599478,158.54194738252187,179.59606534153573,155.43827070345372,194.04137891242792,205.7078239945743,205.7502175984941,226.78695051479704,247.50146900379312,306.3622059772031,380.415712995476,375.87723531983664,368.653460399699,352.45288562009614,386.8027427986999,359.5320963905264,418.1509628547568,418.57857801152113,488.3059829449018,442.349987632404,464.1578918198156,422.4943769567586,492.44487514860776,503.54306924629566,549.062570290308,578.1374457386563,530.3375055403525,445.7747016680486,498.2376465686297,478.26118170041,460.2146326812656,446.62569169207785,457.36315199125886,466.7239091265708,458.85294651223165,444.29006795256817,464.6880091640992,520.4316005050684,536.3249272691811,553.4310479314923,570.3581146774198,592.5971893980332,555.4260804212144,612.9501104478168,673.083626123559,731.6714591895787,663.4887612238705,607.745464420254,596.5175335435522,596.8857354667449,607.1808065094712,654.1899462702868,616.547517239431,579.7402902332326,574.2574378894145,599.6238704908,574.5684066143415,642.0923728616712,618.9506330210721,517.0164636732104,564.1900387302959,536.7674116880204,517.6128874677871,554.0528700140353,530.9285666447644,530.1524247552834,533.110220229865,509.4495921883554,550.1274163146988,527.6443025727194,537.8899189544234,484.0865655527823,469.6549350099587,445.141613028008,455.809567247057,572.6058808253513,474.9275668455638,415.3964983568859,419.78323490119,434.7210786071906,421.1138406122175,477.5755726261194,452.8055247955544,488.2068695588003,490.1108278751838,476.1636037644681,508.9861039853152,491.3160620190863,653.3597735026146,591.4214654047228,554.6868931269955,512.7134483299773,596.9812133366247,542.699589507783,499.13894006917934,583.1467926430773,568.6299047213361,518.8604187612221,517.9335692068396,520.770542729424,477.8492704925262,480.7590809365837,483.2506177719776
207.37963368499112,200.80469225723,182.59730102433087,182.3840630317183,175.1648422741796,163.05901068204886,209.27244609292777,190.5526395850609,204.6247236010696,197.89843647057688,181.68635856164957,163.76401795101106,151.77467129393636,150.81506623451267,154.22898679707535,151.90201626101876,149.03143441133375,147.30613055687635,142.95753368518146,135.8535684692371,134.14671615492023,130.8398800704653,128.72506595111307,136.67529096863012,135.3410991833729,132.72576745496548,127.34982108203982,137.34162140294117,133.0506664965777,137.44566838521524,132.75590781991815,142.01222364899854,135.50316666594492,122.13733273298818,120.35184291697864,122.00901623720594,117.23502654231348,131.38250611848684,128.28612050987527,135.9058083067225,163.4640037635691,157.05776111684594,164.7212865992022,175.05546054296002,177.78222926940822,201.50023824744076,253.9016567185016,277.2788830443621,346.77016859457024,447.20277101261047,427.5905182009281,292.6674593009617,310.95941373765646,294.10787996781374,352.2918291034053,432.7858776436052,468.8430529794384,428.4301673362255,426.3652388649152,387.32761074670873,444.2606961497997,447.3402330807977,448.4161451675584,430.6294742771913,543.8593373836904,484.9314369059265,516.2509481196942,522.9489841719974,507.295081198669,485.3690311676415,475.3730367752895,503.23842277210497,476.228562153173,448.6772239858857,468.1005472462682,482.48197113594966,494.9655560233269,562.2015751831417,560.2793363336726,516.4579002382662,495.8990366528751,530.6233805317387,571.458894229963,525.8171822523044,572.7352790318362,583.2878002784446,595.9605823033353,654.9233663020576,564.2251989113382,603.1703315350685,561.20591859367,542.759395299336,535.3015437795597,529.7605085610139,494.6490866012997,569.1958981743165,521.1988501741492,431.9402994313607,518.2894774540656,497.1453916156821,437.3813494818468,424.19360192267067,423.4220784988833,452.4720891969084,502.2606686891392,477.2228667129406,448.5739876351333,410.1125945080267,464.5896115050763,395.2499018415775,367.6258057925435,347.67270967157526,335.0166519433972,327.52101851907724,281.7122185458283,278.2286837171926,259.01239124652307,273.8983908330715,260.5081481880748,277.7181584499928,341.9006898960544,304.6255505959037,281.4293571686536,283.2371994063571,295.9582182380313,277.2890346692176,291.64662936298646,245.52404618411708,247.26433128871133,264.04918014214985,263.2139718030525,264.3026504279265,266.53473993414894,262.2657669673698,267.9471398808091,255.8572453413141,260.4824213089979,268.3884329139753,260.17909406568447,242.72144940331685,219.08365492047608
300.2811200019967,277.6362727262704,252.88887871040345,217.1247127908113,210.1090182074832,184.5195051890121,190.6613820974999,182.75659106987447,191.8732744575494,184.8669318287376,200.3942156173198,182.37195887262644,181.9161201565473,170.8200865876414,176.5464690948422,186.9767469260861,187.17468919149536,197.1180479661851,191.585632565215,163.29536298472777,163.2501133717934,165.47210750481614,158.28187883316238,167.51365513403775,161.80122808018828,161.43680504899217,159.11207576310915,175.43057720272787,167.29954025300793,167.30517645677142,173.4438142820006,168.10077599523208,155.71553773881013,161.03763105070198,155.9001366522991,154.04576184146998,168.41805313115543,175.64655359293218,171.98819583372438,167.06780393994703,182.4612778930765,185.9366762354012,192.05678807181752,199.0320650776644,231.9140380645959,250.44272536278072,288.5726844147951,325.0768787763556,394.823535283093,452.5080092265265,412.5397307793602,339.6066264516789,359.9734577305837,325.22829216413487,510.6929208723822,726.7588116987221,725.739457071368,867.6933850642879,842.0004279254381,698.1948691443066,872.9896988112685,817.0230313486892,862.2877736497221,906.7273340525146,913.7605365281776,857.1315108952899,891.8010720263628,909.056262378722,909.4010833542756,939.3949564881996,869.1579276432459,927.7048656394152,883.4525696376026,962.3110524116204,1008.052731252248,970.103026687391,1284.3582900582644,1261.8018576885206,1176.6607886886616,1310.432684148121,1160.7695462716554,1192.0632842572754,1117.7669007794643,1095.690376827289,1030.2968116470072,972.1985010544936,1064.112970245632,1117.2334421286382,1220.700682299833,1177.4774737491305,1151.3757150420197,1278.3632369479149,1147.159248365801,1279.945719958136,1194.2745236431888,1197.3556085703556,1071.1507813752069,925.5470208965338,893.0215311621037,848.0870960884258,754.9721214178272,825.3431267093088,727.5372797793616,737.2893431893239,668.8638609571921,686.3383553060141,631.4439145504919,616.5596631540479,760.5087902103794,719.5398145076542,681.0376355815838,706.5786215657034,645.51783660217,638.606331366305,562.9594471993652,520.7803135974308,472.6940774666687,435.71059499954566,455.76018405737113,415.2080263373649,420.0617064365065,405.7061224178765,368.8401698146458,390.27530438818457,455.6401215832688,397.00506584463096,361.62393169632986,313.918050941766,354.12949306283696,369.2811303525686,330.5591714692019,320.4563030026632,353.5892748306529,332.9927035435759,316.17457127410154,319.9394477560165,337.0330062403559,344.7999093652142,315.9668186380733,283.6002559155573,247.15772520134587
390.20686163694273,322.0009914317193,286.2582487037168,268.2293814171107,241.02927544343532,201.32290619562104,192.1513878030744,183.86539380236417,174.32794505699152,175.0378927385117,183.82429418593216,159.86946083680317,166.4160019232271,153.95528304044765,170.30430226380656,185.14990873606948,190.6527873110475,199.8148575751628,188.1864453359369,154.063639686746,141.09786689228417,140.98921576550896,135.39119163181564,134.87325779364014,135.35789387313974,132.5043859562579,131.18922680557105,143.5290484595675,136.05889915526964,130.0963043931366,140.20940417816485,138.5543717187278,128.79614789162312,138.29098063390518,134.95317027464978,134.27297674261794,147.3051091951102,159.8444918645597,149.92843733432514,175.68928524481962,162.3030415195839,156.78352641005495,162.17464893217038,164.44242066365987,191.6872253164908,212.02756402945883,253.61186570072016,278.47246013793625,306.01823226580166,357.83254043407584,322.2760484067807,321.91532203024553,365.4183938159039,355.9106629327506,482.2800141944417,563.5506209831037,516.1960566940539,621.8247350885447,591.7479535052736,506.8207640054107,599.1451882960221,563.2332184037052,585.9896262457748,619.320191184137,594.4507496830273,585.4853060932713,606.4689713084317,602.5510707039085,631.6309186775154,658.5196951233441,577.3957542303734,596.904237906172,594.0922434726937,639.7239506892802,663.9747604010444,635.2384185032267,838.774137492455,813.4235018718728,772.4508393951427,840.6554984506345,768.640153973496,788.5501862499814,717.5738986071957,727.5594535714082,685.8973877032923,630.6893103388169,682.7260983007534,710.7814334125956,797.5356244693257,744.2640971777387,732.0283506235901,827.4068305788858,744.0270933079229,830.037284015543,780.872750219701,743.7262420146398,692.1631529588764,703.9470662349979,674.1206613914418,649.5141025613331,609.5377992581876,665.4154015735003,581.8127354404077,590.0633262237277,520.1584955274224,571.2392817641183,568.694906191509,642.3172172750197,702.9467383134325,625.5731705116493,586.9365765316992,658.2533657040104,594.3920500525688,598.7949837396989,542.415535521878,519.0710071596433,493.0109938044793,450.68149687448977,465.30937122732,451.7537095297126,440.8712959185549,431.42311639218747,384.9663778162718,543.9050618558986,709.7790350617049,513.06178506531,412.3708828169261,369.4161704240223,396.6562659591893,415.8135297163316,422.7528957188391,393.748298170069,441.50971770028985,398.2765417509263,343.7433001607283,349.9709196543594,373.4910894341867,375.5121974730398,355.50545908007524,420.6954773220135,345.5859566681737
461.28735887477256,342.08526358260434,317.41650353808626,329.19858611046334,267.1079947777174,217.230942460602,248.67142475485585,259.5680883683262,218.39098709976747,204.38281718287536,198.32369089552367,178.37559106479696,197.5633982500379,183.03183064454396,181.3066229467551,181.1999538984861,177.8683860120422,170.58544447845162,163.22689489888938,160.64554997499133,150.37730259559666,150.57220618970743,159.48342524063878,145.72909581235314,147.96998201122722,145.63956307534855,143.86185322597524,156.22783621575545,152.42418310422613,140.1794212441687,158.4402294879066,157.9434493848558,148.78559326780436,162.5033835947481,154.47385935163328,152.89971044874954,157.52478142139483,175.09602254835949,165.83705140854167,256.1283919820436,191.5939054212109,173.83742587453574,185.4588859331593,187.02518857070723,199.8733508817764,224.2721454504573,253.16005917192948,257.62533199923325,297.6225286332026,311.0511194902584,312.3713422406837,326.43738502458,355.25604096265425,394.1524507403368,455.8843269338918,429.54773448440267,392.95565748151495,440.8398626438852,427.1786791679308,445.3237472878693,490.6111439817713,480.60307094211953,467.73862651569794,465.8604920879785,432.2400315560522,482.9640827422373,527.8129557948488,491.96909053284224,572.9177608316579,600.0170246621224,486.98512099489847,460.960131932419,479.7629964965677,440.5046845815633,445.10057547595744,441.7910672410064,470.493056220284,486.3584335950256,510.09877505097785,452.4341435660322,490.3916910359532,503.4710107284426,484.2167445988632,516.5865690531907,517.4199212062383,468.2606004194637,455.7784579201494,471.9161187490837,460.2300154736848,434.259688000692,400.5785876703308,425.7382486366433,409.3989290443116,407.5149016160155,413.1871244974456,400.4192372466733,387.359309703332,387.0147535252052,384.1302903064067,396.04532530750174,415.974780760901,439.173227853312,409.8749262253333,401.29401979058736,352.5050036596705,415.2018354013124,399.2736106807467,495.8389853207204,514.1787812558987,406.51351420551424,401.51456101674864,417.7894100513518,411.2018278761354,409.2117390309039,382.4840191085259,378.1035749409554,412.80399941192655,439.8954638604523,447.0876539789703,462.26203001376,474.2527212559895,482.5735797274884,426.618980272451,500.6285121824682,565.0398108751004,450.1643198289332,429.1964212737586,462.0556946696112,494.3783490786437,541.0669902966822,693.4040048860452,591.3234201781315,614.2672627585266,566.0297869595062,448.9513791258447,481.6606270771711,501.36610010496287,496.4725568849728,481.1629703965729,459.9465298882872,433.62244278556415
546.6694056542118,430.1616960867205,390.1952178563779,402.8570953620841,366.0658054261736,380.9679907913971,381.82604257336703,331.2177271657765,333.31710462645026,318.48796193013845,306.8216015041358,299.0449534234829,302.4363536330892,332.0762423892168,336.9232984139498,315.0021991401684,290.54409442996644,273.49002798216543,259.1553314499833,238.5287821316055,234.4523429919261,235.39138615214137,231.9108437686065,220.41909535544715,231.12270066378247,235.9614217914824,220.5085425197769,227.7340819245415,220.35305167629772,200.49051554547805,216.2769879049382,220.49534762404463,204.96978610796236,223.7775667177635,218.93281023531225,215.58945670753104,230.86374858504183,224.65767170250209,215.83452070162093,254.38035987215085,247.71208909480816,252.42135395700956,273.7708030757462,299.9372541351616,349.3476890201623,368.3887911398576,381.966797184404,407.3915500943292,458.2756562727779,572.4969411479367,624.3459799837534,537.1818878761012,577.3060261576179,625.0943019382627,691.2804615915963,647.8072964056796,606.4870088574394,642.4896575486148,649.595210507901,648.125181471837,634.5663028121214,591.1185122004131,582.3585490923239,601.7592620336762,616.7357298037429,614.126594947734,612.7231897747008,612.1450850159823,638.4398479340095,620.2905284591494,673.7940449132352,614.1258879787829,631.9557952573825,629.7295317818837,629.346274084306,619.10293003515,669.9058122824546,691.6811782752313,711.3473020913154,669.7288638634185,659.36747188539,710.1387637113203,684.6217044948027,705.8018454530787,742.5293960690897,695.8397722553253,645.1087332389835,669.0424857545245,658.7295322457685,634.2023861548228,613.9398408465004,619.4423439198199,600.8643749624557,621.2041167874412,659.4951356150356,664.034018458867,645.9432086230318,649.0510200000169,609.861708270507,639.5776776622083,636.4766031028443,643.0015757029154,625.4278283123652,707.1879299848148,694.6901214665304,699.3579824553927,620.933804308656,629.6828708303432,679.1455365704273,645.0013731886999,583.8368878077156,580.9361722512667,561.4933891208836,585.253107217722,544.0832823186181,538.5617808210005,560.9501160552416,626.4906601182684,549.4622209288655,562.9053320483561,553.9401412518199,585.7322959970193,653.0185163763326,712.9391871854675,734.4320372517099,629.1472257090022,598.7703003652259,613.331095696934,608.1743947821458,626.796002362932,712.701685962396,665.4432789723667,675.2441994269461,664.04399179631,614.7359276401327,611.0464742446283,597.9456196903177,575.7829713959925,577.7437954955775,573.7002757580051,652.4996375449456
1039.867607636492,872.351072378493,764.1400722510435,785.5234117668736,733.6452324481526,688.4176408021781,674.7562573266229,628.5152029472927,621.7909383577704,620.9371533708444,597.442336395786,555.2014920910034,550.6483848324467,552.1931675201822,518.2425330660677,515.9447834123413,491.4015437183898,460.95669822533193,451.1054917828662,436.1338669741809,425.7159770892399,423.41393644829935,412.7713149649463,410.1405414309093,414.2105506573527,414.6268991668433,400.6407703689645,413.795187620858,394.6882096976551,380.0987125266209,380.0042870413994,382.7799950106127,358.1217889263938,397.1022732100055,401.9477595923267,386.407332467379,411.71059533779777,415.6542327782416,404.6867150233229,447.129613953885,462.089463303249,487.7142695155147,535.2502015233443,606.9010362490067,655.5463546383272,732.3234338818147,768.741700821991,847.1869396729938,929.7918971411166,1072.6211548017234,1120.366542424047,1105.4682938893566,1489.109195999332,1316.1685751740108,1303.4251977470278,1209.9469065366395,1138.7281896341533,1216.404126379935,1117.7119311960323,1093.2414433230574,1099.7181500161128,1137.1027084851276,1131.2822171200016,1134.3623536378886,1217.093589417782,1234.9140326047916,1213.7698777138612,1168.1727785186026,1215.7634677213773,1310.7530795137357,1283.354537008157,1161.914401418009,1138.5479301547189,1176.8820801664026,1182.0857105255038,1164.4828042579686,1257.3603555298166,1238.7005151006183,1260.1552303622125,1266.476844414854,1303.0204332832095,1418.647277165472,1322.6321368298877,1285.2271902397538,1205.376974182431,1171.8964059852187,1138.953972090794,1178.4118674670688,1188.1010432838757,1189.2869559616383,1129.0628041480545,1252.6358520702877,1157.992107070589,1168.551796564088,1199.5606306018824,1202.6459396988462,1143.7892353351465,1135.630424549751,1115.6207625391876,1120.1632781152327,1119.8873175279125,1120.9717543631075,1148.0521306143144,1167.8388960997315,1131.0357967936754,1156.863182876966,1073.7673193398937,1107.285127903614,1158.4104980808925,1190.0983926840602,1132.0805277988036,1157.257147050673,1112.060228123869,1063.785183852009,1070.6186311528184,1118.4914665659408,1115.417475487048,1186.8631745174982,1092.338869801499,1164.9278428004554,1085.565281237917,1089.4088603810535,1105.2555237301,1149.5836050098994,1194.3912831402954,1157.568674517221,1154.059886944808,1158.8976967533797,1121.599200167244,1070.6541097183808,1129.8243983588272,1095.3245036796586,1133.7210884626454,1192.8706638442409,1096.8849335563248,1179.5726503992462,1103.4258751722898,1048.5746241863765,1048.4424677960717,1075.0066089039951,1140.5030990303978
952.1421980489672,807.3827339660376,700.9701428645291,722.8035289299137,700.8023939872531,642.6994462994685,619.4210871976903,590.8841550461174,578.5914045522997,599.5877014732656,557.5363643729795,512.8642856804855,510.9001938362616,482.1603748794773,452.6579656155543,464.34841425716223,457.053238120434,436.34331157202377,414.1839430722951,404.3769604777538,399.05328967935367,391.649485644529,381.7491497256706,391.8194117964457,381.26917131663214,385.56645421823833,377.289768313553,381.15384711539895,365.251527180493,366.14516343483655,350.8677798272441,353.54999197724857,334.3600871507922,364.61210453414975,377.4630744609841,368.8424696142157,383.3910548124384,390.05966653540986,383.26627063990986,417.8223761776259,435.7526605237069,462.7461124933164,507.8208215007151,585.5876037944784,609.1304162400423,690.2875897837815,727.9785674500388,797.0592579067111,870.5490356413497,975.9275442381916,1020.2523645226204,1063.8281785857816,1493.038707984252,1229.840939578537,1178.393658883722,1139.5094493393651,1059.399487568582,1105.7566001270834,1023.8121933345057,1009.4712360568726,1018.4215303695076,1123.008297325652,1141.6970800771442,1070.1714516941574,1169.4198587115443,1194.303893114892,1153.5765362187894,1102.208168080163,1145.757773200784,1283.494306905921,1221.2930549778514,1147.5551418392886,1090.6557782011623,1147.393225592577,1177.8729018775502,1107.2210047599635,1178.2284765102415,1148.3304555515867,1171.1060957697273,1185.2205152274707,1245.4591121667625,1350.6434710497683,1225.9299311886518,1218.6175622398127,1069.8914296810058,1064.1022617456065,1050.2114428571674,1090.819940367592,1091.8962191014557,1110.885230326508,1032.5945310393076,1159.9141007699957,1077.8767888082807,1047.2400880321109,1082.1228412745263,1074.2935467979078,1038.286755958444,1046.9806134188975,1053.037894325628,989.2505391368314,995.2853826716126,1011.2478599301272,1041.0816124609498,1012.9861544245878,962.121738016594,1017.0476963783424,980.6254989319808,1014.281512862623,1046.4158086372977,1126.2323528350332,1096.2897105797488,1136.3216806212215,1070.2213393252498,985.2159090106774,1034.2143659161682,1094.9692574723215,1101.755412983387,1144.187381126235,1056.4108921523218,1124.663714504709,1052.95567846754,987.2015852346708,954.319323818434,973.1799344271463,1001.709681936654,1008.3360192758996,1026.7574951007234,1032.7868119699397,989.5240770879636,928.4291027527652,941.8528450149336,932.567030426695,982.0928586859742,1030.7295656442104,958.61544472246,1043.0384076558507,989.7551580575404,921.7947694917004,916.5791187845356,980.3763795562912,1010.890427392932
514.1634028935306,431.3067356311843,396.14509248004657,429.5814168178683,450.868123846368,438.41276464908873,432.1968369799693,414.7251526056523,388.57702627671824,387.58128055762216,330.61403223079583,323.2357064372812,339.57192604895647,303.88332431107943,307.2565483631215,299.7661369249831,302.767865676308,308.50184694811526,273.6670248462271,265.49948150149845,265.9121739673641,255.42412470778424,249.21853264025864,258.7115364595613,234.1967452857795,244.84464187056696,239.75570512266103,232.4910674348385,225.9915773993131,236.79474823495832,226.51588491005367,228.07980536552805,226.7407086550483,227.74347292894592,233.6844613632143,245.8714587719608,245.1281230941471,263.46815017713544,256.51161996474974,270.2413150978052,277.45949104641574,291.3802686624597,317.31803597639373,364.45534027628986,401.73698765642615,454.242165902813,484.9735057232215,499.17422920894006,540.913256002805,616.0738527203941,673.3985696380219,746.5016198655352,876.9468011130318,782.4134188576402,816.5008062598679,885.3891898403276,827.1856933725381,801.4376324030166,899.4805157944146,881.2704334286544,922.0602279146708,1002.9573975287188,1041.040049718933,949.9481465747012,974.990508016049,961.350659693339,931.3728141040388,918.5810255770706,918.4431518145386,929.59965475611,928.8757831336638,943.563190233214,969.1633892373404,1067.131911128781,1118.090192547805,1037.4347144025307,1071.825926605373,1172.9220943755531,1140.2775004066978,1086.7102295607751,1060.0224367408875,1109.3041275357564,1027.110736964953,1077.6641026843247,1002.069924725415,1072.262513407334,1090.4881862583893,1058.509500690038,1018.758868726322,983.1207353319384,880.4204672250764,945.051075185864,945.1776800972524,925.0431810491756,938.800397980119,943.9176736512132,960.4613746372526,991.698207977029,1084.002049497555,1023.3565835040956,900.5751957711041,947.2497990593786,949.1773129289676,1004.3924370441008,914.4549892185717,912.9796642990484,895.0463776503897,945.3209955250148,900.2658697915622,931.5829990911363,899.3932748505614,939.9597156960638,984.0067190646276,934.1101334251576,938.0826434992764,957.9830310575744,1007.4397106502712,1028.1984643575372,984.934536320334,981.5932435007996,961.0900538556826,863.3617572012399,807.0095281480143,790.1900904468337,843.5359264226693,781.6344816377125,797.2971801745871,796.9860931322854,743.5696510646516,715.6782704902573,745.9563901207728,711.8918194181857,749.1077837795019,715.8895082140436,695.0029644080432,668.8113811904228,682.1913955931352,662.6807446633125,627.9305416117248,705.0256792612787,739.9596690784091
430.6472975769163,395.1954690420091,369.20616332007296,378.3671255617619,390.10870499333686,375.6600720940313,389.3565240515183,386.3014497961773,347.0655890182003,306.54990809619665,287.8376818738301,282.8665941704982,313.88465523955995,270.4800808524273,297.9043774571056,277.1385104591264,253.9323306789678,259.1403500065319,235.8792858441703,221.37364512704133,233.87469357710447,226.0086214085119,223.67439653262144,229.62914804995435,211.81748848335383,216.75131551476505,215.81721122970265,213.28198361727016,203.14740430534832,211.35360339487863,212.09461181092055,210.516806757513,219.4064785083115,214.9208552448882,216.07471851394945,236.9184565589908,240.068192638402,262.57717909682816,254.33291078729184,252.01456707247,270.88938429662875,291.05892002772765,314.8491409943578,327.02923010467856,413.76288905548665,438.5745154087911,472.4775716752499,549.7277652511225,626.409270523488,743.4943555835167,915.6577227728224,1326.149205968457,1882.8939002040763,2060.5379377012146,2112.250589141489,2204.8703569289346,2400.4212523832293,2669.590694332608,2667.8813343729767,2853.595123984758,2970.1213895613,3317.505476716587,3637.16089411684,3409.4531679267543,3608.192721781576,3798.62046343288,3414.0878092261614,3340.4429013490626,3127.0891229930644,3203.4955451611545,3386.1056065861785,3370.0785517880354,3449.101135597588,3631.8020608208662,3285.8206713249147,3118.490556079654,3200.6083168005493,3266.352391689018,3345.824647689309,3105.684214599554,3192.100972546599,3468.5311178731213,3680.938116354968,3868.636323091798,3857.0149723689383,3432.4039239038507,3539.9702591681444,3413.160022995513,3385.791546997762,3535.9019204033457,3470.9029598359093,3311.6241132497744,3250.9868818120626,3400.712684482822,3351.4572872355043,3677.521264063572,3863.314631099664,3699.844808089427,3626.60396503424,3346.2126173551437,3040.097799460661,2999.3411725492338,3216.0149588916524,3302.011135256734,3197.659866958162,3147.126278649673,3279.556597112929,3502.228416244934,3035.245134207549,2887.2969506604563,2729.506623848661,2708.2874759215406,2589.186274154224,2339.264353356979,2122.806215948292,1894.789262776231,1824.7190859105176,1791.2021996807184,1718.7615078930598,1479.8756418128364,1357.014961643744,1353.186142300508,1133.999081639835,1066.386979478414,1019.334502842781,898.8528944027153,887.1487626730317,834.4600080680606,751.8683311876918,741.2344688536087,723.7508607333663,719.2402623089664,730.5612103127169,695.1470983400105,618.6365188188717,634.7144088653628,692.5278892346166,646.2752860064228,593.0022969477614,626.2700694105632,727.1647363477512
327.3623134808212,332.1225275427732,309.7604003562499,325.0308665306565,335.5343748229643,305.6853444363477,275.5611071884017,249.76983009644985,273.23273457471697,227.24738698964805,240.30266594985775,231.5659959974213,244.2107707816742,220.79346402766117,230.39526559143889,216.6198234462003,216.5962171785001,234.76507012865812,219.65752907745892,178.3884120800897,191.8244219488416,172.07096994521217,172.0207243875456,184.7267194281327,180.4500529248524,182.84011823598289,190.99869457711551,200.60548152907197,200.84346371164665,203.07159603339545,217.7982100921491,204.3123295567838,203.5275048547186,182.87256456683093,184.45653936511636,214.23750187632896,228.93421777832484,253.3900930496177,228.601034422314,238.8385693467241,252.49524794108925,268.2262133843156,296.2420353381977,270.81999524092834,347.1236382882619,346.4472349517566,398.6498424006484,512.115616577413,627.9110012899375,676.1854616831545,891.9270681886138,1118.5516532921465,1249.653035647966,1291.240816935629,1247.8121991304488,1255.3109756585868,1388.2387084134791,1414.042273153892,1334.9140530346226,1393.7687440203706,1443.7222076404591,1705.0108862055467,1950.5060061721224,1882.4796311088496,1884.0015474025088,1851.0138764978944,1737.6087356060618,1788.5191171688425,1686.482118211232,1764.472164251947,1932.9432064948944,1884.1667799855632,1969.442161735309,2121.3450831373248,1981.9190207941376,1939.626222103924,1872.7383380638405,1803.5638985785424,1943.353534337277,1855.8244405734335,1946.1755230796705,1945.8740613850164,1958.826049070197,2141.34619632857,2277.675259166725,2147.1501667442244,2199.984889696081,1910.86104462379,1854.126733738916,1783.401555066716,1863.5857992321312,1699.0912404135684,1597.4730243465644,1597.0364700346172,1674.055063235332,1888.4150166786628,2072.0187110959773,2011.6272982943397,1884.8619718541183,1670.8167648739468,1658.5824138368089,1586.6744381990109,1699.735200664833,1660.017972651359,1693.9833106279916,1563.322686348677,1682.6212397810375,1909.4687606403684,1625.2551913828008,1494.133681222257,1439.444536073852,1314.309804813426,1221.81824372802,1279.6721007681851,1181.5482227523837,1139.7422008557533,1052.904954593268,1072.1899020883488,1176.4344417574716,976.5080847227928,891.4933866534841,903.7785957975412,791.931540487815,829.2975462033788,746.6280583579579,709.0012495520418,757.2834253311308,706.5527086188237,675.8163064215896,666.0750273908188,644.522336732093,668.4998161818241,604.0565058746525,604.5720817935796,531.542156549673,615.7855362359697,658.4366176888759,682.114039325986,563.3597357460098,581.569765886228,786.8290520184094
497.2478299203472,478.9512695698861,477.9272770225482,428.2528169636725,464.9479162182541,444.43461516757577,435.7074094807436,411.9688639395508,412.5598043434095,371.3012181662082,381.425847947947,338.65375190377097,325.3088690440549,320.0532852710264,336.87359186613446,285.1503380000348,381.43997184718455,418.2299469384681,473.0956897359828,365.4366832546081,389.5844213132799,295.0206281999939,273.1658654023604,269.4425503842724,248.8473843672372,256.535247313519,257.6509302768281,230.8302111570154,239.5299618118412,249.892545442399,247.35242028673375,256.8582700082189,265.2041228664471,238.36091610536195,250.2532545870627,249.76787384716755,235.2010829733206,278.8416138942894,267.8101815593809,274.5788524301276,310.541556597748,302.1311218132141,326.64565589210343,346.9454077462614,379.1670360935845,356.70489116932964,428.1620526788054,522.9838388984642,538.9048137095824,579.6494815951489,640.0241251150564,807.6737513227301,791.861042811509,776.4218083248594,733.3074169247052,698.9536219995742,747.4427143641191,737.3483462231467,869.9266302481765,956.5010470433776,884.7402376992637,892.3811293279728,939.2354134292858,901.5955542892142,878.5415595485321,858.694835151254,782.5399779100298,774.6209083657959,772.4854651936304,742.0272218954957,760.244040540494,849.3994200259539,871.8174752646079,868.9839692179969,884.2811649639915,887.1923692912445,945.073108070775,922.4145118940564,943.1907835435916,883.9884658540291,942.9937689475804,879.9833555931871,837.457939412083,895.4795289456115,908.1000790039157,879.7993232342734,924.7466231657096,854.7840153382128,778.4112503843406,793.7860073918339,891.5658050938449,829.5248000842985,730.6008904883363,718.7686357238977,714.1449494816069,747.6172747775087,811.5897876395236,880.4273918936901,843.6064378340361,745.9161191211813,745.4017470961624,698.841214007914,698.2784737422139,734.8861249915614,762.7677667683558,719.2613941896136,891.7304326169947,1374.9346461144676,1273.859026346819,977.4294643519698,789.2687757753841,755.7722658185262,722.591379528619,767.8460803909151,769.7252516245859,845.190878954693,796.4873027894708,723.7252601654329,773.0330163674157,674.6630462017741,650.4550984834839,727.6459692576428,641.3169641318008,657.8423132572419,742.2268119098977,679.0559702285212,754.7936365670543,720.2981779623535,732.7951376862593,665.4674448826192,681.8512201007806,664.577334267894,634.2492832166537,678.6486214078271,602.0678744674714,604.3269407074392,596.5561234567436,701.3913003384412,603.7054817830362,564.6707665238351,646.8621464265952
641.3253853568251,565.1400399057698,543.1028758004344,491.1745868164254,488.80152438303713,433.7495838968538,500.6291057699525,512.8440219014446,495.7998856752964,445.73536362080114,444.4237988932828,388.9777723668624,368.6073563669409,356.35428960637194,368.32863934327816,322.4822529857421,347.8874369375545,329.68711229543925,318.24552674853084,321.3529912639083,312.82636917044624,302.6099130057281,309.42597286925644,297.74366533136447,281.43576579293926,287.9315803928434,263.7206396006479,253.72051214988844,265.1831142466317,259.91876422650154,261.1115738575993,274.05110172234873,281.7582385809156,253.56362481512505,256.88930878161773,250.97119013544875,239.81161368324643,264.3888160366012,259.1522135349157,278.157960479756,302.21354867962145,301.6110577271733,348.8747377080997,412.5453341180231,447.0864375914815,428.5830455203797,499.9684225335107,561.2383535911642,575.5119382121704,629.7671168833702,699.9395507010208,855.521337165512,834.5168534508244,845.5028841676834,806.6547905976241,764.6497832105667,836.3722657425816,791.0723130682208,763.8149279385455,762.2754389548807,759.4073774897868,763.090840957628,800.0411959669735,817.6169685021539,782.0475846313693,823.4256939936506,800.8619489966027,807.5476207748538,817.6656541507535,772.8891262945826,723.3140076168637,731.3984244377855,763.8981270980807,782.1197602040002,839.1905006491799,865.0028755058703,820.9574242796401,828.4797052327795,940.0051871968028,885.4161272650032,972.5432753239742,867.3682104928425,785.9453327922147,820.3931675967974,867.055804142168,841.2791355204747,916.1162354795366,860.3026913247683,736.6746199941064,743.5340583267345,824.0378330520325,736.0129216606904,700.5956523790686,708.5450599368306,755.4298692736978,778.7762935031734,844.8985237009327,966.5849827789998,928.9475540438912,787.3225471356224,796.5528205211041,744.8476931306942,739.6674374625909,776.562211942465,767.1715160102225,805.1407855102434,939.0237516418388,1549.1712259663038,1504.7645188180993,1052.635889386705,915.4117508977258,857.8157918153074,844.4191791480479,895.0749851801695,915.9614352237732,997.9270541974043,962.5142852138182,881.9653114090386,932.0812553695628,854.9020555903612,863.6677938145128,894.9078762166273,821.9979233329052,838.3599453012173,899.408057630395,877.6822106101581,908.2227353205344,870.7110831617853,860.5800585793431,901.3861938243476,885.5198550536433,837.1509577198119,772.8656928743831,844.4788109348542,801.0782724601686,801.2899090054382,814.4803687371282,1020.1203527594524,838.0942524841614,795.0006621562084,815.7250006903328
270.94773697957515,233.64688714469733,194.53895114202308,184.8008484286616,190.37727876705443,171.80158139258194,165.83989920244238,189.20392557918368,179.26822792366136,179.8236284234515,176.3352177354147,176.5580345401174,176.2149612554381,173.4607706499063,185.57112156778803,166.91250644766515,170.52724167037343,175.44660574650777,162.9834875150501,163.83985796485575,159.46969879691667,153.6617162569535,154.83960232067827,145.9404499592749,134.91160237553572,135.27058723076442,126.38025212195608,123.51723613301596,126.89887948982305,120.59387565471783,130.91953502391485,122.55118469223908,122.8284882409762,116.98361394727176,121.9188472609447,120.02303804778435,119.75955672480676,124.42825015050062,131.22951239591805,130.5147686221761,138.4137655609824,154.073556270559,157.6038786172275,176.44878265111893,186.67652726978423,187.504784504414,209.2517252660309,253.40990497238067,253.47379830523465,258.18900827234614,308.90837775112067,317.3298966582749,305.2868961021041,392.3919683706808,330.9826747093127,299.76477109577706,347.6239587375279,300.51305765253073,301.7369254388264,294.697924117605,287.06057511885507,279.76973762456834,323.3232200135055,302.38946699205866,291.127709784035,310.9724281471276,315.7399102075654,301.54049664160306,327.7734958977814,313.3319732286443,279.77337149133973,280.8036654172777,289.6148479398825,305.88649758629026,291.7072924619495,303.91863103245817,269.80703150528603,297.63199564641235,319.79466673546534,335.1800825817208,354.55387695617225,315.36991960984994,347.31734432462264,356.75870428920666,345.26617461368687,390.778827505097,359.64729965884135,310.4746176294229,274.2902830860291,254.723500891574,273.2514607878356,270.20580599929286,256.0385793173624,260.4220741482572,257.0881619956779,246.95003594281087,256.0145206733299,266.1832398662062,281.8442793460338,272.09245005436543,273.2699913904264,299.4757173119709,286.0047548456158,295.7297608549673,306.1545927529425,299.8557710844877,292.0674561322128,309.4564447824699,301.3373137628991,288.66613138570534,293.03655320302914,278.16632578177314,277.67328261581383,309.5321002968449,344.5141138345808,404.7509581792641,342.9456385404035,319.2182124699985,372.3813124542874,402.5640414827485,379.83179024277183,370.4038932999806,334.6019802572436,330.6746289686232,361.0509607120243,361.0546310020986,434.4812812283412,355.6063914661012,315.8043349178457,324.437897751195,333.3683327926843,318.7848384750164,294.73140993381315,324.8842811179772,298.5230215619179,298.7459307420697,303.3242244826592,275.83121431894665,258.7091779325832,300.5710825497371,271.58630920775033
137.73996070350492,130.38011816169873,127.05859413976236,114.8445169418969,109.88042278361284,102.229215412911,103.24508988336048,114.94941038163194,114.1595274612885,106.83632961845846,100.01968683092416,94.5598017050428,83.64719499988735,92.02506408048804,106.67839254081764,111.63066594987474,118.11863438192309,109.13287608397552,101.15907294469184,97.3027481164286,97.4480006606291,89.78641884625667,104.53563661417974,83.53398068930022,80.55531833896026,87.30426879786562,72.63475176729033,80.26885257328739,79.71924166950913,75.28458905402825,79.12042489559065,79.28602242904661,82.23217573257983,81.52202804767555,87.01231802758603,76.65144267482783,82.50877826672743,85.76394724295322,98.249516826258,95.8353297562067,114.01420127645493,119.8783275441116,137.87078323559416,158.76127372707913,197.0783211497501,221.12532842517575,255.22722670129423,273.4260020817956,276.35581738968966,295.5588743459773,329.6138492167442,358.8163404764891,405.01928890200014,407.3348522181157,385.2687771103425,370.06079917671,408.35491646629976,378.9249234163549,391.8965508723705,402.29168641540775,460.4217733679543,493.5841816429848,509.92469975263054,502.5502402539806,495.0059404577154,454.9615818706745,455.7647321843321,469.8432371847156,453.98359491963936,395.7521830538488,417.03393757634353,398.95106491313766,429.9444562100622,451.8271611428832,435.5251321127459,430.5937278504125,467.44192080067467,498.7733939814463,519.7560119704839,481.89176255345296,510.9788583286031,490.5065042777321,496.8110011020061,478.5783298183089,448.1354820570374,504.0431394686968,452.19642099070745,450.0887367555399,442.53370633497656,436.44151242665725,447.7142333481968,447.72887553978296,429.5732528564229,404.3412838506449,400.5654968042301,406.09465782627205,411.7914048012386,443.0877875301221,456.8676023265695,420.14673254125,418.6036274997188,396.4173814942197,454.32118597129255,434.6122302529015,417.14810651171297,422.7308114284327,441.4537752329687,408.4976995731517,412.2605152648071,434.09002739015307,458.0087226417062,447.5607223406917,479.1194711929149,495.64185923267183,482.5298158545731,526.1621423140672,479.4656670727612,435.18456414936986,448.960062796694,393.9810424528974,405.3109984663575,386.8552118716031,368.11885396397525,368.8149376491705,386.4924619852473,356.48045961490664,363.049071356326,324.06806292134854,281.0401266065636,275.90514340596764,283.0967356703435,286.6048294863521,267.8931466799947,293.3533776703743,257.45328152575905,260.6383776414703,264.59171085342047,250.15225934579323,226.2293449633837,243.5059402748537,198.23351819228435
53.7566126154577,56.10354327011635,50.97065378821508,54.88334992629452,54.84939172672801,50.02176853957128,47.57634469342278,46.23449162223943,44.387401375737184,44.4608209869419,45.53258725680079,46.35073205435396,41.21485462035649,43.86993029855879,44.39278115211373,44.12090682301877,41.21223461074514,39.38214497422114,39.70274724634907,39.55616124380321,41.632536555798815,40.24098310278384,43.705394397253045,38.23190532555224,36.491180700408606,37.56012087181723,38.7560027358968,39.67757571803364,38.64130422372823,39.50900370822655,39.18764452716175,42.05686389653623,43.815415725884,42.065617795487945,39.39052766105523,42.19622821701648,48.47395599658755,45.78266523753484,49.89596902209608,50.47981904559189,53.78783114449818,57.71169247019302,64.89968049566602,74.80357865180991,86.09843887017777,92.84238823909226,102.77334200024735,110.96775311257748,116.35039311821492,122.52835839738476,116.86828580173352,124.50536911933168,141.18350079220343,142.8597749814582,148.07151479067406,146.22959369908168,151.56202588419922,149.43917962368272,148.51053302007142,146.98264042691522,158.01468967345423,157.79548386645226,156.58894148224894,163.99160330810318,169.87794930964813,171.97186326264045,179.58698542116284,164.61096183747114,151.426396864533,149.9405769999354,145.07044384634025,147.83553612977127,160.31070294643612,167.5585296526208,156.1674737633283,173.67846234985225,171.80331013992503,175.00993272227885,168.53427246523665,158.03516167033715,156.66176016672787,157.51531228105597,161.20194598051032,148.55953623373276,155.01219918218814,161.99007476585328,154.00334206436128,145.71715145305168,149.87868644247757,151.26065257981747,151.32214052577115,159.763208689075,170.3420236902801,161.43209560411137,149.9404600935527,140.19566858550533,147.24936213300802,155.43888136661838,148.97001242248248,141.14476326834688,141.62301264192155,133.7446697998519,153.16189754910894,150.29818225848322,140.45901378529453,140.12810759671189,136.36392808584253,132.39604223183616,139.832190238303,130.67743582291905,137.6299401013444,137.9588766167108,146.31057803397428,155.43260572719103,150.54088714253714,147.0212396200298,137.89454738665586,135.58704138517066,140.64913978703623,136.68971585866413,146.89040389990677,136.72258007850294,115.77311126085992,118.85416550876356,124.87784601878003,119.91450791497488,124.10974599995386,116.4685038340901,105.8528852095682,106.7078580801905,106.06333011186835,101.86777876131876,96.51155047784468,102.38601785062951,90.93493595001974,89.67109854042475,84.11730501575131,76.63822417412803,81.03392027025461,84.02884490968665,76.07141944051158
61.16346992445979,63.78045697605843,59.51624126400719,62.6941287257283,62.97218437221342,57.41677430140199,57.195085053427,55.03252878269488,52.41301182879388,53.549323306388565,52.9086763528039,52.9446853394206,49.19426002625164,52.43871805964664,51.9511310465905,54.1367082322006,49.59818763418712,46.45310692688938,48.49840467029949,48.31735915538502,50.58189410737841,50.1062106197149,54.42042564712155,50.00466147293864,46.09760288921716,44.81031477746373,47.41863907950943,47.1276485359813,45.249236645732445,48.01273001194284,47.60981828227921,50.865894295790206,53.15801763922556,53.39591840288408,47.07900780854461,52.55092879035625,59.06302833799073,51.46540384971484,55.72790870215989,57.79333076706647,61.423066683261005,68.34939809322002,72.04577373361117,84.88182435993863,100.4484261872084,109.11842012516618,112.3957998818337,121.5724859676536,127.94301800138751,134.06616152170548,125.96457143568564,139.18998483194676,156.008200157908,156.56512260638291,162.5500995894545,152.28994061804443,156.69972715815305,161.3425376829848,159.83794352971557,153.3760804586234,161.93956054350426,166.99776697739264,170.7743558379923,168.61505127957702,169.49942112462392,174.631563874678,182.4676424344679,166.53886740746822,157.09584169958325,155.15161436897895,154.77970541804137,155.19234463656417,162.86664409793113,166.60145156119344,159.4591110181465,174.9426488353014,168.16398622998042,171.0246165099996,169.4883415236299,158.72238240634638,156.90307759274356,162.99371145451877,163.83426242565525,154.3456304208024,158.97437037338943,164.7807417117629,160.17256964558612,153.55578414336782,157.13413724112274,156.87403323478205,156.82562658865265,166.2176918451646,176.2260582412264,159.95971032818224,146.2601275438575,139.73158958913436,151.19941866101442,148.3240412492729,147.9845973839975,145.05934396453242,143.6038430908466,138.9357637982216,149.16286009315252,147.60148043547107,139.1984082250252,141.93086157337063,137.74575800531275,134.94884778720612,144.68433055504838,135.82174299706173,142.7371200594363,144.15538470057777,149.91732609945197,151.3383376458509,148.79493631804485,144.08772219198443,137.72117996864347,138.52438617483313,140.93525508593598,140.72722393837114,148.15133165421852,139.06344983691213,119.91565381112868,122.60379118000284,124.64334657930422,118.13408225237409,117.70058922370772,111.51798615333868,109.73319956180748,112.15080819556616,108.14811264377065,101.6799286298872,98.15853169378695,99.6322092830844,87.14600431920543,88.95208317189825,88.57174705273827,79.70620861802358,89.45625990164105,83.0301864094538,82.53330430913637
76.35302687017622,75.04052526936111,72.82450429557699,76.33319865165976,72.4889670292032,68.27273711174325,71.57778873284244,71.2144590751692,68.85511069721292,74.16776413033224,72.62760645016719,63.83603867595822,68.30415810670941,66.73685737485582,64.54879905700356,66.05341201780851,64.29260166469487,60.4080327899321,66.25980830486088,66.45026070458901,61.93371749590142,66.09943842167833,66.27120737484205,65.40147686292157,60.865878701019966,59.67265934152958,61.68003381311316,64.61176073279047,60.61762715288773,64.1380017070024,64.81433914654959,64.43641066330521,66.81677680809193,67.74598547938602,62.64456250464807,71.65643419923094,75.35117073836201,73.66927965337972,74.57647039313383,78.10052350963294,77.846105722838,87.7875065642364,87.68866765733131,95.4289327698931,113.59300690309612,132.34047530919906,124.9457398215519,143.4916963872238,149.79829219607956,172.51785916688212,189.7837155005637,206.32425824097987,213.7844605021382,211.5484739396262,217.00823632318625,203.5130884223151,199.87026895123148,212.26246200193157,209.7313189414313,211.0204518697209,228.20697831597977,228.5860011321186,230.14675280687845,229.11189304172163,230.28378756299296,230.82911303102784,247.8285307579904,235.5118236696588,258.61270104725725,272.24283130856355,270.1741840410985,269.47880636238494,272.0809918730764,283.4053328745133,288.3679639684213,290.95924702418745,275.8860491959487,293.8445276880227,306.5651964206839,287.01254580490934,295.3188092840698,328.3788710180342,300.1401757284958,287.52292834400214,287.48788885917884,294.929809358996,251.97548646603715,231.43987625017724,214.3394913495945,221.1998604598911,214.5990340761425,202.93952826067783,214.4444664057897,199.7971296585883,189.7255149313669,193.52265519955165,208.1544810941353,193.7341088261737,216.93352844203864,196.4664313406164,189.8459373817196,216.7066573647763,226.5281670070914,215.576354882863,214.7369698261089,200.4869966839546,205.5822400770403,199.87998370267383,204.04301627978933,195.46226773337796,215.23107729642183,206.7702464699441,196.6921227489765,188.2350705670725,179.3849388336265,168.34639206096486,175.89240398485148,187.79809480271604,164.98416892284044,160.61544818029572,169.91707396435848,154.30540663870676,146.08386612259795,144.34686786656212,132.47004187214404,119.9881635526473,119.22126649010752,110.8147017162662,114.54452796139664,116.4211780717287,101.41672227428526,105.22136911825764,105.7043318979777,87.78458548662601,85.13420412822109,89.6601771707547,89.08207002997386,83.44894162867081,93.13186738189772,79.28830230849707,95.50069169888016
103.68485850961022,100.13411637526522,95.34314667794638,99.79163962405168,95.28344654682547,90.46662924963104,92.15531271768606,94.326021741658,90.74715002138775,94.6493637230212,96.33707512318746,82.23716845034045,87.86055324101753,86.6406591688877,82.26787931607191,81.64719396847383,85.26307654168835,81.56574667153254,87.31801205621657,88.18581096247642,77.75636958029257,83.33008651822819,84.65086533261145,81.99374976197049,78.67298023384704,83.51129788760022,81.2536943450854,86.19181539806824,84.33821308991469,83.95706680053215,84.55209717682042,86.435783332432,86.81406290848679,87.16857595052905,86.97483305137875,93.72943673884896,91.92452629452248,99.75183901092132,98.0979034993332,101.33882005993765,104.14118370735568,114.46202712376174,115.4844037040817,124.90183631644108,140.78574492752526,169.6347147356282,165.03827482835663,185.75391931260384,205.89373772372804,242.557557860797,270.2841014604395,293.42961766908513,290.3898221775456,287.59776008424416,294.32165960242224,295.6152726376168,281.3599117835777,291.6873568768321,293.67750956937925,298.8024881900078,311.8489843547513,303.51292311147745,311.1525609087126,320.19206470154154,327.012060721172,316.56719737605533,350.4400735995111,342.4580352089182,381.386284695945,406.83295779144055,375.3392000933302,374.2466035096371,372.6790991030267,381.4703155884389,387.20745821502845,389.56793090383496,379.8751407734094,401.8344777270656,415.0342539350992,385.2758557464423,391.2042155588731,432.674591614516,398.6141245604258,386.0372813179496,379.8808520927821,389.8628966521754,325.3758379337148,309.6840492553938,289.2535357241061,291.4075760531381,283.22309368668004,274.2719830704134,279.5850271397546,269.6937780638047,264.1851525350866,264.9697646759558,285.5101407054143,259.9093311139272,290.50263710303835,256.40196779962656,248.2182271377516,292.13250943394246,304.8759566772292,285.0918176135253,293.04140068788297,271.04387886362514,291.43468661549167,279.1338996872996,284.6483835330855,274.90755600611016,291.614589397356,274.4770753318901,257.24897504953447,241.7401967941856,235.57096739188935,219.6195991946693,227.66799565339636,237.86836663462557,202.65455322990465,199.9398583664989,211.2129517926909,186.7767925798233,191.14535129892616,183.75355986625752,168.6511202205803,151.9174561074378,155.14391754659968,153.96916721289375,160.32022096681425,153.3247798307746,140.6154411531714,140.4630030890131,144.57084325307517,116.7200108486667,117.76831493253223,118.11172115012867,122.15800008143876,110.92679761049077,120.27233544065687,106.97611870575354,122.10520192714525
77.42249101082668,71.07640286922994,69.16476336431167,74.51806175354002,70.56292221498195,71.97659672598674,68.36451009561037,68.6154724558664,69.45215447705007,68.47957575663808,64.56984065140624,66.86060530328008,63.83597040541881,56.52455943977237,64.95513326929631,58.90787031291659,60.192528516449904,66.43287520469741,61.53327655298854,61.145366959615856,64.46509590538253,61.03941770588369,64.35513150960654,67.31347898277642,60.91591368633991,63.915312088465576,67.81079677344279,64.56090778856485,65.10292534743634,63.32361962095901,62.12318327812507,62.7999766331497,68.11695623207285,69.02317300253817,69.87903835694112,74.87681929171103,66.62361593731353,74.65786120803865,79.10516868409724,76.86109843432025,79.63397454167857,89.34513462418182,90.14905084372988,91.69382290650609,113.56553562299597,130.4556668484597,137.36469951213238,141.91566669666696,162.2656759474197,197.3469746721237,204.4901479203297,219.74354965090697,207.85466464093705,212.3683088859186,225.02206675518917,224.9769770903811,234.8533588299113,223.27637344017955,224.5633744089266,234.71033305971935,196.0251729527154,190.4378681987113,232.086065969866,192.4462437819496,208.0275030623776,209.4983602933613,225.61753324561477,220.0513113337829,258.5139481409329,254.05030284442665,215.85374444199564,194.6639491141964,209.37651355435491,210.33677217312103,199.48870765674843,201.84884695715115,200.9192550319177,202.42910353247603,212.6584712953513,188.773901501347,207.0490870785056,193.43933293943263,183.54198412271,192.38111174957933,185.2856569518025,182.5806274235475,184.18073288791808,182.3494921140478,191.72014538950168,197.74231381239915,167.8900480683945,181.17748688758925,177.76643043025302,161.48719266648757,160.4496289010356,163.98560668736073,180.66972544993664,178.01631810303832,205.2873567081256,193.20095053430092,179.27848429448932,202.10565192927936,200.18925138773548,184.2655570448196,181.70105627646893,180.9693247224129,188.17681416931924,188.0277270961328,187.42884732735635,185.59518850135663,179.181579698852,176.75787835559245,180.9449712519236,161.94677193569223,161.52048198058412,161.25114695462756,152.5783573138171,149.0967603017384,143.5862936660628,149.12669184551234,148.2314164069365,124.62493611872848,153.08521536511492,142.67743119020668,139.93626912691008,140.58276865409465,140.00689147443276,163.6003033561529,152.8451358471466,139.5973808329575,143.44198476476595,127.48114815430822,129.3549318699372,117.27540892311796,111.40945588814364,107.19625081454836,115.04344159579452,109.45624544960911,111.0475977085368,101.87357482782548,93.13096686890069
151.56941209548327,142.91536841089302,144.78788300811885,148.46048309892544,144.06167270422668,149.0595997014637,143.93387100334914,139.838086573599,139.58429112952763,143.41758319678158,137.0287182089508,139.47569716240187,140.23125084084103,132.96797899789175,141.22070705944543,131.31288328357664,136.30434703924357,140.1127992637437,137.93486079997032,134.25590793928956,139.29686835001965,137.69080649642123,135.4577898962044,137.74814377410962,135.32737474770184,136.46346524588117,137.85320261357668,137.75367056741865,138.8485052481224,138.19286265122503,143.6862266820354,138.34308144002247,141.805305027733,145.22037123748123,145.2411841277175,152.18426317414406,149.90464737849203,155.1756040426605,157.27934251193992,165.6091934366407,167.06064999713212,179.95181635904555,185.8264127074147,186.1590284321529,208.74995125147095,231.31387056502768,225.05162193469252,228.73121012098267,244.313415051663,260.7445944332405,257.6240848505083,272.961637053241,269.3008732226299,280.55352349479296,297.8806825815804,301.6025611250436,295.7117539281707,292.92046775379936,296.1571405439011,309.19930742228536,272.4201214521816,276.8620491000024,318.90648017915845,281.3615892831136,302.09122414788555,290.4705483406183,305.2118994649438,302.51769251814864,344.3185283411971,290.936831389345,235.8422974013383,209.69749897591785,224.0973520910591,222.49505240395973,220.40326352661765,213.20874433824096,202.75750402798576,204.45100658763968,221.6595803582277,210.32159075933032,212.1003969382033,198.86340302243755,190.5123557449361,200.2179531694918,211.08456828773757,204.41601244175067,199.0508059185697,201.9024052800281,211.3408846584913,209.36099657319372,195.71422637486464,198.91188001986316,195.7378725573303,189.11242870888327,198.3265393810834,185.09180766262503,208.30359978350293,202.2263007011101,215.4853740003992,233.35149582968972,211.0502300999325,211.3388226996729,216.8036733191022,202.64722000573548,215.37802784683024,237.16062102583533,245.46995765603057,212.81775209794304,216.227525422338,208.64368765184105,196.58637184889585,199.30151204239849,200.20286263924257,194.9336379834364,197.55948997142892,196.72523930271535,188.050951602403,181.8152478439737,178.32720604184408,176.86126983719078,177.0830576699875,154.47451769487304,163.4614681306687,157.95344256853684,161.3098414022329,162.44354474100714,159.0856340777102,172.13615863704226,171.41797143467426,155.97935375025637,151.44125099599594,143.11877098942875,147.12197807873525,131.26549903598112,119.93158681205551,121.36290158648876,120.3029441894786,118.38348966467174,121.05360656322463,113.20230367928072,108.5275408677227
288.00783048732126,262.9292453205768,228.72520602149467,226.6987484463746,201.0815521677514,203.70866328671875,192.1681817318247,190.80806054770483,190.9064424338141,174.06389377418998,184.92411604668257,168.16819165610718,159.97856150427788,179.66051158379696,164.85789972885092,148.71866251758817,159.32337984712268,150.517260100937,147.87110631897065,166.80871401619822,158.97973652100742,157.9020493552558,164.53809202587408,142.76103333073738,149.73575933566974,146.6067510474013,152.6383643336188,154.55935858185103,159.07893565846098,147.30358632352952,152.94750454073775,162.74531252594412,140.4283589042507,144.45410688890735,160.6376588387457,153.40416325837,159.15850513795763,180.08883524914407,161.37328259208638,185.47502564618327,203.0352139415232,183.29755076268805,205.86022193470055,237.968347705324,271.11426624404766,288.2156993294811,319.6728397508573,356.9678512632357,422.47154700717545,420.5471787798404,459.7562895336591,465.6907641196338,520.7445534530178,512.076983376205,589.5060718521952,630.1138619419362,734.9174367699708,672.1855130436312,706.9611678995612,689.6557522468056,747.0336075194444,747.4453592219844,708.4802784664115,754.0533767587488,706.3026449043425,688.4457737956656,790.7288094118443,856.3590701541895,778.3988477914482,752.6342257732609,768.919100160389,823.6921090274332,819.0053496767217,761.8179109058062,769.7576434073604,823.8176630627787,862.911508855389,741.9193414385337,731.4691238596234,877.9586805308352,833.225158317612,936.702527397424,1170.9067053948445,938.8322414941111,886.8617722114581,856.3323728410955,842.7903083846874,884.4645098433248,809.7287142691436,766.737439949687,748.9923096539898,732.8430738360353,759.6784952287395,755.7417016085993,688.5573205929514,824.9540378448536,815.6807469033986,697.7707896370208,727.6399058228156,666.6066328047219,716.1418759197621,684.5021518637255,643.867452071664,631.9022449647614,619.2414305605062,629.8717236953524,645.408788284965,627.9166022853877,639.0442068838465,601.6721250187968,595.4236737390038,578.195658178518,548.5611841451414,600.4085899177029,570.144009477713,561.2460142680549,575.0962607346745,495.1611202082119,495.2094122731426,542.9068081686028,501.0587904380464,529.70601683816,532.8880367387629,483.3054781931447,493.24160175517727,480.7405618583626,579.9345271550244,498.8349161602936,496.6121004093707,447.5303211756991,447.6808445039518,408.99889441246665,383.1568729608233,386.83904949691583,388.6749434924187,390.34111447784215,394.8660450327365,407.8200133719155,363.0366628681835,349.2829571399147,328.8517273626625
246.6617828628704,232.62690931698668,211.589287568434,207.776779227138,204.0144419908818,179.21396690912647,177.94909108422493,168.8788375221705,161.34148123758575,148.46759409168527,152.10182447702243,138.7465813918716,138.00346693142535,147.3105318564583,135.7114543223844,130.20349257231618,137.18490677704466,134.3598281374773,132.19197519902738,138.60408845694985,136.12030588565707,132.78311435972483,134.15659450593378,128.0050174897827,126.60902071609078,122.67180420796636,129.0065220914038,130.7562430471686,127.311722598689,126.10077729790532,125.96064462162715,128.39353396649153,122.19394902683416,118.7836448766545,122.9999092008524,123.94270918009956,123.69128121428407,132.59835430419224,132.52382071841183,135.55681739053105,156.60283116037144,154.0858032230267,168.77963501898162,189.9467283119388,217.32340854482536,229.05244744153765,258.8168885695671,285.06950056929924,391.39276974413247,382.45735987073306,422.8693319796873,378.4418854793794,406.49784750153606,409.2148068517935,470.508328927078,458.217741372724,461.18577562409627,406.8111068721126,406.31029738318887,397.5247569218502,493.954216220755,450.8031166232192,408.57900446638064,411.9360937995512,388.5932570131628,381.4087932536178,448.0168021259534,492.6021444478248,427.78725442423183,416.0065855063939,460.19758119562766,495.7742248834746,456.24580027415135,420.9607538687496,421.0037338285278,462.0242961717671,494.58973126975263,449.2767403308043,440.1608705645827,481.3327703678266,459.80145002044975,500.67248781550666,600.9286376974305,500.85302832710863,466.63921589773946,456.5451739930284,448.12025992159374,507.3678292022027,441.634633618728,456.2932057351245,418.0948519144666,398.84560265708944,402.3764251666325,396.37248250696274,371.7536191091784,468.0730305200497,454.1721126518698,424.1330107930708,446.5869697576147,435.8250663224128,479.2417946455198,483.4350865114526,480.1302546534175,477.5196739291992,462.0036483793369,470.29909809001686,482.2020706676004,474.7557615665322,503.1345136616689,464.8418208547009,442.775791772316,442.1300443315421,417.1801315402109,422.0006846814324,423.3127067431007,425.3139009402505,427.4713102605506,372.9297925492152,381.4944708558082,397.7438248239257,358.8524148596905,372.4083411050026,354.8946428550813,327.5930874978536,355.2241613925839,324.2785843388624,358.54096757165064,324.19945487376947,334.7411322134007,343.4410846730756,334.5166900188851,306.56535951817773,299.83423071839934,306.9109626176464,311.8698573320563,303.28766154037146,302.14884256092256,339.0718493059015,302.9680935090475,288.40977360896227,265.7313197789882
237.84111161581652,211.38335362541795,196.3211405996826,197.34661844705312,229.71335724979755,193.311427630186,202.88428749859088,187.48291352420523,176.93454832510548,168.17235306398348,167.11495827822247,158.450386684563,158.99153519985683,155.1180233373754,145.74417834682382,151.3683794486868,154.19811425406542,159.23156041662867,155.99366843032644,148.5416347552395,152.8028176626148,147.330568152986,139.63864116619712,140.7269584226448,134.69727202823694,127.85158143010328,132.3500680498215,144.00268046643615,133.6165976942295,137.67586856460196,135.91464314860494,131.369753831448,135.86677834355643,131.13173895557253,126.5296518672068,128.09612469492615,126.9000521512018,127.28073221536197,139.8159734122818,131.1305187627535,152.64177509497307,169.22443864511465,179.3246595408552,197.6098444306644,222.3614126278624,239.25594160845628,273.36946887970606,291.0211172531282,430.6200446502109,434.1100190156732,471.2656327018055,373.8096353285847,376.7733662357926,381.7107114719871,456.70334598754334,356.37636317878935,269.61885920601145,207.6359526265112,181.8189214056352,149.90778494306429,250.76154211875445,186.4095443517369,159.70744485845253,142.39206445254194,133.85511117489156,130.6756731602713,162.9857952384625,211.9876197227177,149.96424013364904,130.94132696239927,176.3944685428737,206.5162111451056,139.11956816661922,132.97206199381313,128.02165547510694,141.22805983686808,164.54530780859395,174.0592988529553,160.35923155999933,146.33683535068434,126.83545520851408,121.2172672520061,112.93037443567052,104.88498928112472,96.4933364880048,100.17644975399614,111.9355941215839,174.9880732396658,140.9994144713287,194.1808345942013,137.18256996179994,124.58311448329836,112.05425131915432,113.69383553489266,117.96707414221656,177.6464084716908,172.88145564103556,231.7012661295421,270.18828668763325,298.7972184603128,343.4298197413437,368.2949344687344,384.60178598448783,410.6239396758689,395.8155398340819,402.5569050959202,413.526862175233,408.5510362501992,442.3397657036,410.63473777582703,379.3639237846122,405.5780865326382,375.8940254974052,356.6774953433247,366.2393378050475,371.03494750522566,368.0485211828862,329.88271153883915,341.8632158035815,336.5685892523725,290.54591781063493,301.33083242914387,265.7843708391257,255.8206877449684,297.92899647543885,253.37331514179365,256.2223722438424,249.8876782499925,268.1920806070054,305.97609527078987,291.5653472993552,269.63715962495166,266.7763331805231,277.4084380839458,300.5168731897112,294.86753148070085,293.21925053064075,339.5294558475041,313.3437009866068,272.7632206640828,248.75503122899804
399.48515463805205,317.7250746984994,272.7144650172174,274.438839622065,256.8805585564578,247.596354142084,232.61371095728109,214.1996896332666,215.8119077544244,238.82456962672887,290.07228239718614,254.92044855642385,245.4862275530603,225.4974861356289,191.17740467269635,213.5112185693272,230.31815965562117,271.3688300862935,251.2956801303447,222.48679533888503,259.8301029253652,256.5546329215562,221.3191311397792,164.9144640971574,153.49199678167918,135.99154277053265,127.9534035727848,138.67363213889874,132.6079316146734,121.62012840536468,131.65467783567507,131.63243575551147,129.90421872325166,139.46405679283865,139.54945912847612,133.48184789939995,145.88804529000907,154.02560037470926,145.16275724506627,165.58564828942636,175.66705779598146,179.4519432411876,189.52103183505943,198.18439758823564,232.0939711354093,293.8264650989327,337.067485461265,331.2766467959882,346.2037224602743,409.0569043279429,404.9395624656435,392.0609157947255,436.7617194893106,422.8010450114297,414.87200335751066,233.9480070537425,166.98749193604928,153.71920822814357,122.37101654172866,106.10313944796506,107.96998919671088,86.76454664690996,74.70507110966199,74.62595471404039,68.40738832431163,61.51824267928758,65.45584276423537,91.94585663663852,76.03901744487963,63.30977110343189,56.74093623100645,52.36994798712669,51.44068693592462,50.91678344387566,46.15569508698336,46.398648214768336,49.85905084656573,45.76431683072905,45.1375425268784,43.51880394772629,39.46239759485747,38.85345313959639,36.95379566815462,34.780644427035135,34.71973575811767,34.94261902123703,34.282288575377535,40.04608888481719,36.79124027371083,49.498317729999314,47.583149620444814,39.82769700499381,50.04997875775914,51.102734869252416,41.05992176068028,47.12450194615487,81.78514715183402,202.6339819081916,294.412078819998,366.5012665059505,426.050168810972,448.47058398227375,443.2276525201669,472.8518577751837,449.7915181490103,496.30788755821743,580.5888827510063,645.6612923377724,653.9650272707825,556.2822396479313,549.4622643649614,621.4176702676191,566.5325832737534,571.8879341258631,578.8371511530786,589.4704706736034,610.0108757837977,563.7375578045979,546.864188095564,548.1383001899162,501.4953859762769,526.2428097244747,505.31762229188064,568.1142612283617,620.0160244555902,510.8710306903688,464.3659480722524,473.7962254468241,449.868046936523,439.86092179600064,408.4540283821667,385.0433087688968,421.6780811564748,433.4105212972239,420.6265478123339,433.1493285736109,419.3251419031289,448.2912861171391,452.5927294599605,546.7548491122627,445.079743559916
591.3839683171523,465.4055644450333,422.2937635461601,434.1679024710761,385.8024577234637,372.2568559282114,358.9563470221291,336.18958405401634,340.62696560441736,361.3130013250422,437.9696693796541,393.6838143262364,382.02578750166094,350.3583993934676,300.7045868005292,330.81617117416727,351.6853841004451,411.5712147773595,381.66367069699527,340.6850027895703,399.5752849689876,393.0369772739414,346.30803013525764,254.32261180721065,236.1023320241756,214.7154322982448,201.1052798731791,215.46442664979415,206.61540026107463,188.95397129958977,209.61935952499496,206.6521878132464,201.30936769309932,220.24355320247716,216.8736987564296,207.2417361927727,225.8768989252013,237.52738732257507,223.9824428184004,276.8059682268384,269.37650549053546,273.35526033281457,292.728793385152,304.474622278237,354.619547801812,448.9473645244937,496.2360025828479,481.10290180192334,494.9305838438226,579.3876556764662,596.7216895444661,568.3219712097174,614.7589266769601,612.965956625869,602.4418291720449,409.3810582404184,326.5548069626719,332.7566293206114,292.2459491585178,281.3356556430955,283.9503747936982,260.4805491986017,245.3847065793096,246.96530850341807,231.11787276222145,237.9783038239384,247.78492236472087,286.2847824386872,289.76357611901614,273.772747680838,239.6077792684392,220.89866481930883,226.14667018224077,218.2361279548413,212.7543875635459,213.68394936008767,224.9976784241852,225.4692744310809,230.8513265493508,215.6154234972209,222.70955540883423,226.35190179666225,218.3676997716567,222.95295752575703,223.36246827328907,214.179496633342,206.42705575465607,215.62197998735047,207.9166243344068,216.30173477378108,208.78518124578417,205.05525354981276,218.19085974874076,219.51530011677588,207.51354238601292,208.607656256669,260.5333870230338,428.8392409947388,524.4182510670246,614.7290928641555,669.5194183366241,686.0400656275009,667.5113062941841,692.6148708856949,651.114766516618,714.1154202254799,797.8422802262546,863.077139909646,888.8891215225748,762.7611744593306,769.3344389210832,823.6030432744899,774.8280396077411,785.8384872726016,799.5799665566946,800.8765765589859,863.6025315713839,844.7632235616124,798.2036870612559,790.6661586336272,749.1606186544368,784.583780242885,769.9779733616285,813.9322371442242,839.8817808192334,732.655131788492,699.7134031771238,747.3231184537062,707.8569804824472,687.7946106525575,707.7554858988343,639.7110573307698,682.9106819686028,706.9356849405535,651.2128409243646,686.0717300129512,652.1013119814662,678.3802599887543,698.852350724679,729.4518039860795,642.2388577666972
684.6871592726657,593.7600486929831,543.502254102271,562.2749403970819,518.7529907211771,483.04840967495454,472.08170659634266,429.46600662808765,432.7847407681494,404.9897248935182,402.989267945318,372.1601120466905,380.1542241339061,387.8381536433823,366.6363212851656,355.3450230336384,342.61469078262434,331.6668035738388,331.2408292641571,319.6458255877968,311.9945056309267,309.1680472543269,298.5407539186305,280.96377032602567,283.29261839985344,283.3587231203152,272.5960393615476,290.36085299268103,277.0822756659829,259.25370653111673,279.1028868576854,273.43053144996173,257.5667336607761,282.21385093171347,275.7819009790962,262.58170862079555,286.6721600746442,291.6316920891651,277.21342418470493,314.4529111399711,316.6304712110133,322.88091609182646,363.13010670722576,393.5416698325442,449.4742779340847,512.2317645330055,551.1119927304792,572.4511636544399,621.573824231352,744.9947330001448,815.5652898201623,761.76291376884,794.0815230446506,829.4144589091386,894.9336980361886,863.778571038292,900.0388815021665,932.8845301848932,887.9009244180318,868.0949255707534,915.3054049106006,863.0976924090234,843.9003441516718,896.6818776709836,882.6140624704974,868.2628070132196,860.4583373005906,856.9473692305019,882.8611872847836,852.2831561551195,858.6292126538037,780.5909859529357,810.7945624988948,869.0014637612319,853.0100941534864,869.5125255613902,955.2298431035766,1006.091065840406,979.2621657749256,945.412977981004,942.680560094274,997.5257075818384,999.7278247941388,982.1944300149,996.3058159403728,1020.2011903078784,971.1198114055928,959.401681630242,943.3002801146904,888.1120420846461,868.5538263495307,957.8826800649306,893.7858271852997,961.0427371131644,970.2472613620469,970.7833947464476,911.5678214286892,925.4788270163272,908.6100028348928,976.8991741987192,881.4112286635191,905.5798123682218,878.2718011803719,912.1376565165016,885.6714422783876,895.1654780429031,842.6368581738886,887.8135047876774,913.917972426668,851.9072540365833,831.1663769476983,826.6298258097285,856.2471911494681,852.9307837351055,857.8626261857137,829.4089927332635,862.3301587495846,902.2003405764468,845.1130783743098,881.9132208768601,856.3010238749727,906.1409328000992,884.896717532376,900.031128519498,929.6777502971462,866.4464695125412,862.8332842994549,917.1465761671544,877.4140308108603,842.1367138269936,941.71350124014,855.4968629574075,851.7222416629487,921.6924423945478,884.2173957289594,883.3750000036422,827.4147204770153,882.4521185924299,829.5771843577156,807.9072878251086,852.1377001855401
650.7756979927777,590.5012848684779,538.538478609009,567.109584418389,531.4721845279429,465.17709128301294,446.9785593619169,416.9842516165456,417.0307419245523,389.2326309888372,382.6177615723519,348.7783540205967,361.73776662072254,359.944604938212,328.5301455920502,319.5036284426699,312.9143186592632,309.47638081984394,316.09930537824187,316.5442667505553,298.57512322556585,293.2434722356634,285.6700963464318,275.3793714780986,270.00773443932576,270.0641780439672,260.02601832934295,276.9746498227709,263.1696762730349,249.31531503961776,266.3470677452692,257.81634898942457,242.48600962608367,266.6612738642066,263.4405605092589,247.31509858623863,269.07841979884296,278.2069074418448,265.5599061523316,291.929135754548,302.9478491235032,308.745836829736,349.95564201672505,382.893379924977,431.938951119264,500.1892541913744,547.3898724140214,571.5069673360475,608.5653370486024,721.9950918431298,789.9659402604444,777.0415697788701,798.8612323716894,804.112777312752,850.3227578317828,855.2290070632081,923.05653111111,944.2537224690144,873.6870031135248,843.5336380819219,912.943491867948,865.3203827478684,841.5747563142874,900.747910149955,887.942222074125,851.9282461049994,841.6926794775527,829.0546999274367,862.8417870827872,830.0892798383343,811.6314761171936,732.0982388388763,761.2829136161733,854.3256675058727,830.1790838726023,847.8853753650038,950.0721246312276,1000.7788825067348,961.0032118705988,932.9525103469916,927.495525643358,985.4697876511432,1010.7789634437778,979.1983586976804,970.612585022538,1027.9625799920773,989.0762946555836,942.664112133396,930.5694289897611,872.8260496988718,850.8496141272955,991.8070943178644,895.8331970728085,975.2174207323102,980.6865834482664,971.8927357694952,876.0084568497434,884.4177161546942,899.1586604082435,982.223600573212,859.7996714531621,899.4277864061356,875.3091757310763,873.5415067188012,849.1091169304395,856.8470786783757,816.5906863984122,868.2625393870505,887.3174911605674,833.9356495811519,831.610839324623,828.5572532220486,889.7729139357825,859.6047909473239,894.3644657286394,861.9465621569852,892.1646987905053,916.9082980562852,863.9266855861899,919.2999000663416,891.6046040859941,931.9605834359622,869.7050899131491,858.0951739083376,889.9116868315689,863.3942894967477,874.7029790760067,931.5096881137198,892.6412056265551,829.3987429201007,923.7515564189266,824.4926769665607,819.7658254589019,922.4318067047373,906.9383243867544,899.3443630824339,824.6445893305784,910.4153317229084,832.7608562234567,821.6201519031733,848.1649581893593
408.3074213474255,359.8848369480588,327.9929102055619,363.66572773808895,343.64968376508807,317.7016330306444,302.223580116598,292.27101864319155,310.1652111990303,332.9013817101166,287.72068518365387,265.79739617658964,291.1596551559547,271.0802028539681,254.86896039362173,249.9516847353293,254.49491764712263,304.95164767012545,273.1510254628648,280.0207444422756,247.50393244769757,224.9614304071364,213.24606430738737,211.8415818309254,201.3956761413245,212.10675197144408,206.4333318530065,209.25603496293647,195.75225882693533,188.25090998122823,194.2001440574391,192.0273728212669,187.6763874374832,196.37013440903027,200.8371163406446,199.92167991650695,208.5422435685218,205.33334745982884,206.68376411833916,228.33086997842707,234.45258763205007,239.51423808887267,258.6106337001506,303.2967938386638,320.5568980379016,347.82313331632605,377.4182808916169,393.285736211524,415.5883779594325,489.9580391243829,518.3391759060801,590.2340901732492,612.0826740235697,570.1013611864366,571.8080144797816,646.6725812942911,653.2517215604333,646.0194076174029,637.9229595892842,608.7398513976575,641.4274085439738,656.0384127016353,641.4126567779751,605.4819986891495,626.5846014786367,601.9388958891016,601.0565300937561,606.4153823229838,653.8796829083892,616.041903279932,613.6385511084861,603.9493731659818,597.4483966408626,680.9013015412287,694.5700075301299,641.1452197865158,680.6668947950544,757.7523568738973,774.4015172214579,710.1775728493413,713.0556433638307,738.9988012891074,739.8227183554573,829.7144365275651,761.7021467926236,796.3264483515622,749.4102175665578,764.9967352757362,695.8548299925897,670.5395668413348,622.9412965231684,702.9457556201728,628.6636689761025,623.3755241463384,684.1971359469146,663.5392037236412,613.9620079178528,639.9834958987894,642.2631952710069,632.2977577868504,604.3520454808445,658.5102956405192,615.6033375611174,601.0464459386953,555.6638903047514,604.9934718453761,568.4196207209394,584.6491522013506,604.6396465633147,622.7230786980558,619.2562459688984,645.1894448153602,670.3983084807197,629.9992899427286,684.8231633472,681.4666722011087,738.282330052466,749.4850121003993,654.6456900555817,709.0027336855848,747.5814462304577,666.0080675304456,616.1066926867771,622.6139796374672,649.2083289743641,599.7543031151711,609.6197893440795,628.8857933816823,632.7237863209167,584.0949320216226,635.7391039781648,570.9252171666757,572.58741594991,592.6752286370369,597.6775625530753,578.0895211054118,552.9671878757827,583.6003218347566,532.6596962874585,581.4976567783362,591.1331725645734
568.1844445787394,511.2726733090828,443.9497317289995,462.2586720467062,448.9906172112098,424.57272704701694,444.7469514376133,437.3171211431901,435.4391861560945,477.1633116444102,409.95204378628216,362.3673863646942,422.1706468943905,370.56111960644097,384.4214864301794,358.8675050110792,361.2374010456084,371.4035051262175,321.84654280118616,319.6168484347272,305.4216485428017,291.5827563824901,287.0647077749829,290.6152166327232,271.01121242439507,287.33030865450263,268.15471488245527,264.47856341964007,248.80925567010988,244.3789562697452,255.64741413701657,257.0809966627568,254.75275065983044,260.26331961019224,266.4692961419035,275.81366284777124,276.368461097602,279.35457051347896,286.46525820032923,302.94473836380246,328.91166082872616,335.0639897054878,366.6189008847691,427.140435158781,477.89186397925255,512.0906182860069,546.1446067781192,607.0836594970559,668.4371293568056,811.9890379378578,851.0828119557067,948.9517407329638,1050.4787221083052,960.3875126364546,928.3690377957828,1025.9745064628607,986.7903001242044,1046.7231597294883,1104.6093747526331,1024.235801787259,1036.0835748800168,1124.780476734415,1236.6636173089576,1104.9348445827288,1209.968473940491,1122.173666238688,1077.2372859238587,1097.0710434376072,1117.105079615693,1155.8197642811706,1106.470241248824,1077.9225347671293,1080.1254696937854,1252.895851020046,1197.0503759864284,1100.1905658107485,1172.7635437005224,1222.6078100028533,1244.852065798233,1210.7754824884455,1158.6257819915377,1260.9715035995175,1185.9939666539542,1302.8185856945329,1270.4650307261372,1306.778372117989,1256.2947527130348,1276.0478581648324,1159.8567175136125,1217.5743420364934,1148.1383884406237,1194.8493234752818,1110.141616584654,1068.952135327791,1144.6552148644707,1111.2979033584563,1070.3677187352482,1207.835243449229,1216.5036912603882,1206.7729160710223,1167.4169543601074,1197.1368452842112,1268.588452381248,1208.3121991528171,1131.6163605879713,1159.395388987405,1164.7154926720118,1170.099022559474,1161.902956147528,1163.1299497709183,1125.3021846129247,1174.927676682995,1170.8232032102746,1148.3901498184414,1260.1334850719045,1239.2904986551227,1353.2874373629872,1257.8894580594667,1197.8836864798334,1258.4545584056025,1309.8786347397734,1228.8087336274934,1113.4259534625123,1117.0591047226926,1005.7814413332578,890.1291985106105,893.171376011623,913.3024078291646,904.9548145378023,901.3275962731948,924.9622305284678,861.6848999836143,889.3715094680696,865.9682880364867,829.139623423631,792.6988260173056,844.6572661440906,816.2849494312278,713.0330088507733,793.7342559686358,820.5436942115355
566.1081521815703,533.107043418019,485.0984515391489,464.4995305596897,475.85707927038646,452.3708019740689,487.5318385922416,485.75341786757286,445.1540963439059,431.11670543844,401.8337473175751,367.49625658894297,434.04672317660726,372.7680354772559,429.1452083081704,386.929889376196,353.34339896768944,355.9376106266559,321.3626678690175,306.3829935096848,312.109602868221,306.52646793836186,310.3674652970545,315.0506888308361,290.68575607059444,301.046174627414,287.6778284136723,280.59959629873265,264.23617977157187,268.01311244516114,279.5602907695694,280.395964488076,285.9965028648398,291.7970260223437,282.0772865668434,314.17792499499245,308.0950178864984,318.2420051110183,328.97712459104457,328.4309171458722,373.9950108206096,392.85874869676695,408.6832991711824,429.2926943234509,532.1578058921757,549.3245538107682,587.9315593523484,712.3683484341188,760.1169119772733,910.2695669054148,1033.6990364398143,1115.3010460470869,1267.3435477332443,1184.2082632776985,1104.729670202641,1077.6929442545638,1016.5799748047332,1068.8556599216315,1134.473611214156,1061.110432553785,1018.7127117358884,1146.8643153664432,1356.2667228319065,1286.7821261111917,1407.500652336257,1317.2567270854763,1239.3578565798095,1269.7441430888582,1213.670756273911,1150.9107576648498,1179.008834952356,1179.0172013118292,1187.2454179224824,1336.905524977694,1228.8135981774217,1224.3777272239702,1311.9465318629932,1250.5094854769911,1302.8129318127303,1290.1607357272144,1238.6938354663844,1336.3276484709038,1225.7121271960857,1316.244547483178,1441.1190425492448,1429.826521418598,1421.1511825384466,1264.6832499736504,1145.1102845647326,1246.0202810791336,1245.4714983522513,1274.6204759404222,1221.3848041029823,1166.7916196578053,1119.9602094509423,1213.7182517312142,1217.134597751602,1383.1936565581866,1409.1053504145664,1445.9040280293436,1399.646874262715,1321.1315746651196,1464.4934534887077,1435.3624317001156,1440.31041649315,1395.377157758876,1536.2264680562105,1565.7492931499871,1514.9916796773916,1486.953593320723,1414.2911749828654,1451.6606542304507,1448.7271048104865,1449.8266424835592,1395.3559006283135,1352.6040163172977,1462.0506180220186,1411.676538846126,1411.4743251413995,1348.819572239858,1317.0540334411398,1358.6021221300405,1124.7707599381415,1070.4278873728626,992.0579576816908,948.4078856012312,943.7481461360836,915.556309403357,858.317920802393,897.4491766840238,840.3071312597768,811.2538731680482,796.36559416552,791.3805245983108,704.9212923245508,684.4586499258888,774.1279652706819,737.0796615245018,677.0948444083101,703.5381240527989,779.9877866682325
342.2452596673114,353.7633076767304,349.8567403015509,348.4865438518271,357.94193934362454,319.2407307553264,303.92282596850646,281.2638416371516,279.75519773414385,251.6540607000807,244.20346098786055,234.9534814329092,232.61236479281135,220.44442815218403,230.87000108388975,218.632854760184,221.3675748587848,234.46170537014456,224.12631976298584,202.92676341810605,204.47038004222503,189.61014104284547,188.9785247716648,191.02287301778352,182.8372231647805,188.5896449139083,181.34259418065,179.56423204788615,181.33338623799065,181.54813272181184,192.73457488910205,191.62734729559327,201.30380825921367,198.42309862769653,199.7818532117475,219.48699847232717,211.16940135249888,226.99672055514992,232.51742823705888,233.0224209907892,281.3146111569244,274.6823751397092,288.3943735621769,286.56072900468706,344.8257047613725,342.22097380254525,373.68617467654127,497.6133408496499,567.1278931938991,616.541788078993,776.512550667173,831.0602659245624,839.2806679952713,831.922544130682,821.0102117220755,795.3444004837061,830.4140241045569,866.3908791723369,853.2650028663863,856.4597434065944,838.6927035501553,929.1097838499264,1062.736475985676,1049.793997826445,1053.4459772022913,1014.5076461888084,1000.3047567875784,1022.1420701766646,973.2758918311024,971.8735347245891,1036.4122981803955,1006.2528893655236,1052.1791004860518,1104.8444015942368,1016.3721291057936,1030.0145560414016,1001.4695986838544,987.3583402048712,1036.3319524778856,982.6424291515244,1000.5788869415512,997.0689390563026,955.582416353062,1069.7609590182249,1122.0883613727567,1087.0756980818014,1152.797707222511,1036.3379385282994,987.516131812016,944.4696128490212,972.7739437445254,960.8169040015272,942.6408227766094,918.9260414381488,920.0417465038608,1026.8983155358203,1041.8767597463304,1100.2722829812412,1025.9335907183315,941.32351759177,965.774590342471,908.71286174359,975.4794683596645,988.492647820778,1002.2179158290728,944.969385762533,1005.442650612619,1100.1433533749707,1007.7058034173842,971.1807749306366,951.9118964243908,925.7657030136404,884.4345532355383,897.3267310578233,867.4194135552494,880.371757154342,840.0586989115851,812.2996983814021,821.2932603415845,728.1506627458477,702.3332024700863,717.4035791774417,624.9343105293743,618.8468612195659,597.8790298637465,589.7379996319787,636.5616710222496,583.135994549463,556.1291741281032,544.6582250911925,518.5890560909945,503.327702935983,476.2608030891293,506.8121051341483,461.6373794224058,492.1408707788802,507.59416941741273,532.9130837941359,452.5419281544833,441.2141043701358,541.2726677335855
525.3068176288793,526.1091795085251,535.5692460855405,498.4164792876438,471.4348781060282,419.26293148169486,441.2739483297064,420.5411813728588,405.9752030572876,361.1321609847491,368.3245129507978,328.7536072491214,302.859721796146,299.742581839469,314.58696146501404,276.3976276595103,327.9971583011782,342.318132591474,359.7791966353251,306.8766237814308,316.4713024870331,269.17211249337066,266.7519983204856,260.0174364786208,246.95645080065756,249.2367085973455,241.292452960025,222.7487048662678,238.8378480487272,243.61702670319409,241.61035340168124,259.0647737116021,266.82807421723965,244.90769253856763,253.04201027638825,247.8332316753265,231.07663214485768,252.88186565141365,257.8817672367382,271.7674598085502,351.37104287599817,313.8595659772487,325.82171143312456,361.0978562104378,408.6186289198536,398.91639757091485,459.46442372685095,526.8302930237318,545.9500547640009,601.5414984730974,663.1655579507457,801.8865866652283,795.8493041916239,785.8667651620729,731.1461496512189,707.1486248874503,745.457556923022,708.6821101880392,763.609105918509,796.8949007906037,757.0063374803984,762.978946243278,777.9929187186161,779.6637051208804,775.6168722362223,762.1669221485489,727.3892474265602,730.1341228924746,711.4673540374043,685.936898457614,689.421640900559,726.9909281139222,723.817319122982,709.152157416364,743.7160922187542,774.0603190589952,799.8199463305114,789.396623893672,831.1172306736012,777.4074379266269,828.9666927454399,749.7593217955787,705.0282105361258,751.153384352719,770.2412197030852,764.2174437297788,805.516366001814,784.0075654152646,706.9693979165403,705.2370377273842,744.1234020710939,699.9484301060625,660.6885546870407,636.8662201061005,658.0420688550122,706.0710339334131,721.1873739111124,900.7266312808588,829.4552877559081,707.0537057694802,713.9040965092845,660.2713986074172,659.4734300992376,688.9032938794625,697.8673683023683,720.2744993132324,845.2427018740295,1318.184941804395,1247.4418822133557,921.7023466805064,818.5005288747346,747.6881550265332,738.1164832114234,744.722455826012,761.8317100404422,831.6157735442889,816.869248326086,736.4093847057356,753.4210087388353,700.701438980219,710.4892855186145,761.0917922905662,691.9512598762273,706.2096776778145,791.4087856577954,768.0209855666459,823.5698520570444,771.4668355767324,735.9521234862978,711.9521690913315,713.455126222776,675.487256453143,641.898628380173,708.5023993838614,656.0377186500142,632.0918012228473,648.9052444486666,798.2804458502594,668.497359261109,604.5487438922642,688.5137059726521
313.81007662291546,281.6475846563856,271.1617732329717,241.1340077819836,236.2291531675096,210.7182342969747,242.1141997013367,251.30141048016583,238.05483637497585,211.2989801735241,214.04830583317133,183.48537279530169,168.7869722800981,166.96314615177968,176.24096106602084,148.9886081713627,160.83517590192662,151.41056133445275,146.90351057828397,146.8825824845379,146.4394611002837,138.26511760246737,146.1205190103203,139.37394053415088,134.05233300821513,137.1379355931817,126.17596825174478,117.03259898173742,128.53291524744157,127.667708874046,125.40612901865371,138.27811973008775,142.7243465211051,126.00908396692084,132.50517311527693,127.04853899044087,119.11990200773478,130.12509455743785,130.73442094250976,145.62345315598756,162.1528668939233,157.64032047019347,171.702201411855,207.65381355941483,233.439248547466,229.9778642398884,269.25294331775063,300.024611169839,310.0402841228539,344.0481646686325,378.5873182811285,468.4671509493124,456.429286307888,461.9269509942212,431.2220808411948,410.25517229246486,446.9582924481484,411.8299181183174,413.3473676210897,419.1296145686055,421.21745013082415,425.7284601037212,434.4458835232394,443.5579530207901,437.5129016228634,450.5964556530526,439.1858213254856,453.314841005055,443.5429621220675,413.5931153914239,396.3175798456075,414.2164065852015,420.6352722475936,424.99008420584175,473.8047404013335,494.51354909830025,485.38657341028943,487.64395935236047,524.3604831865417,492.12829841344177,537.0383768485459,454.73028557731567,419.7322970563293,451.4488560994734,471.3406832783237,461.4238333136053,486.0847442525155,471.3979895767949,402.3132171859826,410.7900668711428,447.6304407924209,402.41000857697423,392.372283144862,383.0114279213507,410.7940300278569,430.0342334082138,445.7781595124845,527.8542298588616,509.0265098005131,418.7015956866736,436.0511037945535,410.6408745296341,404.90571722241225,418.7735390121911,416.6618159842636,437.32996701522814,508.22259764333256,830.8297814132333,814.5783107163243,574.9950561241852,511.2477374689125,465.9019803947808,466.9773955303194,486.1195154740402,494.2880947941815,539.3258203408376,523.7551733071773,469.01436770065374,484.6396624746975,459.9925635201152,471.3278559184605,483.22999043067904,444.6906635049695,440.6535916656505,481.4880100947599,463.48862976767066,452.64358029809256,446.6612733312766,423.37097176578334,432.9861493233322,427.8271975743367,405.39832715423137,377.6718854965672,421.18468548038464,407.8488974740941,377.9457594272994,398.97254429962976,511.7924830265218,422.6716219558747,375.74724479811954,407.6376633714567
57.95939626244295,56.39606550249911,51.6809927343122,44.41470632604384,43.876369363502064,41.80473877105359,35.922141891348204,42.97837327057923,39.69735283226251,35.43203698567182,36.44321220099957,31.783223365444773,31.13772564098401,34.50187099644183,55.549548763312615,37.39679642502329,36.04861154297367,32.81639110286256,28.098701858798496,33.357935689267066,32.85586123527019,29.85018621052484,32.62351111461808,30.47251420349801,29.760797236785823,32.02791522830928,29.67078885227256,26.80768634471411,31.44654103732489,31.04901670950653,32.40127708122629,34.766377731238535,32.138001735520206,32.54350903864881,37.53045220366015,32.88498613501648,32.74250533242997,37.61312553109955,36.45894927270757,41.48769367204935,48.08995694862826,52.36487440994584,54.1236610631674,66.91078541150357,76.43643500851628,76.40657197364227,89.74848318709026,109.79381806051778,133.69916455553238,141.6899440630265,150.56554586153945,150.63311896117344,157.96465065227,170.23721230041798,162.63869475005782,161.8096528315222,168.42085085847424,159.94014857344817,178.24084415437434,182.8785488221957,185.3572314902058,182.3744885191598,189.03283017509943,176.40669218757654,167.14209897657489,195.24394017751104,213.64712398500572,214.7352152485401,208.73800062727216,177.38024564856278,172.57650351126517,177.52821993811358,186.54758676662996,184.22238236804677,192.1048805979395,192.13395380450345,192.68189996706823,202.95673644722336,188.3820971642798,181.82739439183928,188.60736789824043,174.25766724735013,177.15219219443267,179.8661703667145,193.4065520539721,187.94875472697024,177.2390250043596,162.80801573655154,154.06699154193578,143.91519773773618,148.33850413761434,146.79816180129066,133.2654372358494,123.88730583423116,131.22575057126335,132.97070322654446,129.34565700484615,148.767678456113,156.1936586742128,125.61990658249846,127.97101648884473,133.5466170761381,133.8896646332094,120.60455473004669,122.43657875998356,114.45915783715988,129.14107214821877,134.05384703305248,131.46739760167875,119.27166629756164,121.45364066616726,120.70279665886544,119.02327874256792,133.99346308440695,130.35481214551086,137.8284937590112,132.30831644121102,118.4369573297829,120.65085132208904,121.59294047373372,124.91891253042832,120.33046609203186,118.95963414605716,111.47318322934912,118.8390907832562,109.93962489016717,102.74268046196202,108.6752884946655,100.61078124850704,91.54432008197406,102.08683264094518,93.96452258328485,84.71290478734026,90.98910110344204,91.87756179406703,89.28582468108262,86.52690639602602,84.59612459853213,75.35866904829751,71.17233659951602,68.74704283366228
64.95571715741133,68.62552287964361,62.874082620973375,50.5991046372783,52.34011122895375,53.409610501522025,45.14005504377629,53.45993000082981,49.11235401960933,49.08225259077175,50.61354871011992,47.72139604453957,44.75506285934416,48.71009833422913,54.685665732354046,46.04580601703334,50.5759810411509,44.81250196070801,41.61174326352542,45.35361673762876,44.45376448513795,42.98387148135469,48.46617035120125,43.5279724475546,41.94456367735619,46.70763138981546,40.85210150400058,42.74975038969341,47.56886484596281,45.97855690238829,45.08035038241752,48.816396716520565,47.75509531410239,42.71658778296226,45.82487978890815,45.16297803132504,42.8043627378557,49.75009717374227,53.30323081893694,54.28824282587761,59.99850192316828,65.01353783011575,70.67385711300311,78.93359872713219,85.7949909386952,88.2662560618459,105.27085364614258,115.52281728516708,115.25263423746811,118.84814911819508,146.5976386333158,139.5253692401624,157.26009124591383,181.20300242015173,168.88822003739676,168.5407481014248,170.39662149906107,154.98710127131497,165.0613947962208,170.85972946595584,185.2902596619494,192.82788469022643,194.04175288249155,199.4622356109349,198.1376808354036,198.77354855509049,202.4959041600679,190.91340127017355,185.6839375299539,163.80713858645487,170.96201546899294,174.39307815517554,188.7204129608625,184.3424582623368,182.6233505010039,198.9731002436239,199.46076000501623,214.33700560644385,211.51591915345816,201.8438986740983,218.36864190904345,207.68615851999584,209.1189250490035,186.0994595940157,191.2201947753167,192.51911961226244,180.4981150822996,177.11405227834575,169.8801878442287,173.12698932911718,169.37601480294563,166.8766846800772,164.405280825813,151.51403402263702,156.3267603949847,193.5196035061282,176.78619044269334,195.1520610501512,188.70055686061207,157.5531713059006,152.65299260776249,151.88197900051256,183.58578557011785,166.44917408702335,152.44131622180433,151.86013586927325,161.79825990509698,154.7999803153286,145.9083044160117,146.13539105319995,148.9247869039256,155.59462557238052,161.99690096252655,165.12299503074087,162.3831727824402,167.21599276012162,163.36958405259907,149.93059988579682,153.3638927103724,140.17676096258236,144.5979453213686,135.5835022832818,139.70872306908694,131.43594452841972,133.37578591331516,132.622769140082,124.52302190023208,130.629840264825,119.11597517074642,109.6299701473616,118.52105813111324,113.40413381356149,101.91536311111818,112.83775331694208,112.20930633820498,109.94117909304433,106.835684849877,100.05227318596124,86.00001413861342,84.9170467346404,76.12434142743787
41.23328701118895,45.84743483999185,42.2153050353313,34.71559320192673,37.55803173697211,38.30926280922616,32.32027673423209,36.42871886703727,32.84586437019402,34.35205075817218,36.64264645600889,35.62937232648097,33.740830769333826,35.875164924023046,33.98642352091176,30.606761298335595,33.775218649192325,30.167938661954896,29.56375509081654,31.873944043548185,31.58312886344088,30.598279051147344,33.5729985309507,31.36730923618796,29.9851952304039,32.697890038862575,28.74445245080149,29.74357029089403,32.54686082806346,31.38115049412188,31.12753642168009,33.97025270665633,32.83684168765203,29.71151608715855,30.355333753450324,31.22631448692149,30.325696668335148,33.39856753607694,36.19410265571779,35.58985910347261,39.3317330129621,40.83567200242198,44.31373039376232,48.99254731923753,52.39532555886587,55.830351889893485,66.15831315930318,69.46043703061953,67.71105857489377,71.76503979324754,88.6290760108804,84.89330933384251,96.91550731521528,111.10570291177116,106.00271288879114,101.9546485604822,103.27919031616489,99.96601485637515,101.6637361516313,101.08591718500368,107.6151647160203,109.2368130523233,107.27404013198505,115.43158876911669,124.24174999654068,123.06325883265606,127.22075112084951,122.4499128655581,113.97880102947802,111.53193831714896,112.2262591594201,110.46448555520344,121.32153980560628,115.11494057114788,110.40579307243638,127.17438401451166,123.73300189336533,126.7800066560742,125.38472658451045,120.62095650901152,126.84334698967888,124.18349786903283,129.93313111674115,113.81931464141812,117.1398128516643,118.39521432425566,114.29536401821754,112.5341224031576,109.3013872678378,116.40293813128052,110.66153776395728,106.49515145500182,110.15053337048369,101.74009631066431,98.9210071087765,118.07803032834909,115.07976595360124,119.46228273657816,107.53855758247644,97.1314277027157,93.59635675547024,93.14812721604692,110.37118977709407,104.10515379459764,93.833557173879,93.45347733864428,95.1242386241344,93.55806913473546,88.74187132660066,84.66590850172804,82.6659355558352,92.58639141995056,92.74137236855654,90.07698297775492,92.67559225376144,89.07460555753072,90.90112181898552,85.81648545866238,86.17172510418894,90.7401031107556,99.24738127097292,88.06586754327495,85.91103023831303,85.58438517723194,80.95971249426057,81.23021963266274,80.41645445056436,82.92193163954263,91.6073205266093,79.80408486870814,80.93253698616985,76.35548329851854,66.7785746993035,70.08077556481084,69.70173299461766,68.42397628115982,64.08101874360405,58.04858706327004,53.23624991981317,50.30475644386568,54.42483823977
37.18335575984647,39.14372090963814,42.23355652989227,35.83118069133865,39.3199693102093,39.465282606424175,35.65606151333653,38.55521029622143,33.77217002902904,34.786392051326324,37.702716930579065,37.09540795885727,34.95317319797012,35.952249764313166,34.698304383728875,32.407538165724624,33.41180806401294,30.522833809342373,30.137884710253623,32.34639460880028,33.04182465270871,28.859483832533805,33.48650323002027,32.704887657573,28.754503468487517,30.75794371864497,27.19071536689509,25.480692780846915,28.3217062048701,27.3190741253556,26.483963219430635,29.89357569065086,29.18247336574922,29.063417574290995,31.42728533057236,32.27513463607948,31.99636178214216,31.6950311293823,33.23249498530582,30.10012313390147,36.26053238107657,35.30760187282531,35.1967490348105,42.48417521583409,54.33412824140532,62.85385682570767,69.20322639330973,70.46941567751988,75.89129509438968,80.032230894776,88.3717407187761,96.69626174831195,102.04490186633384,105.87924263590624,108.38731941018276,95.23755746646243,105.9456257011382,112.80657895505364,106.73934998179767,96.10938126265152,102.67529368196838,106.13078279525276,107.8891217583942,104.95073040049436,121.04994896880422,124.94380794314138,130.84682749245675,137.88870240032725,122.19349762914396,130.50884981581004,134.15981407551925,120.1544057471244,128.3324312448373,122.80421822076072,118.8144414389664,129.48379552912417,132.97462093075316,120.90523311740276,111.9250550536374,111.36691510904323,110.64111350416952,112.00155880431129,126.61170310531804,124.88293344427872,116.21445964461704,129.0403874663704,118.63422087201378,115.98311496602707,117.37252531376764,127.22143879533196,121.10258031867636,114.51074318217094,119.63435576055213,112.61599638809076,99.75334513598692,96.2929753053877,111.86134049970224,103.40653344258152,91.82593958688896,97.51958283355968,93.6343431647366,95.45541997312554,91.87358757322674,97.70598685373297,91.35333150625227,85.78509998559308,91.40180279857876,92.34965949847032,88.96085497471493,86.1086287971932,82.54794385144376,95.52185251721497,97.77743407025194,84.94542614658599,87.66654684730358,82.62817513236067,85.26772047778535,87.82066466649256,82.01910546457702,96.72951398564044,109.83377049996771,102.31256590380404,89.03493160794244,91.77541455269392,75.5213219347834,72.94984061395522,76.18205317133759,74.05301486142315,103.3352853702846,85.61300506247832,79.68500797807809,74.42259052621372,60.5003655551989,59.52540403857496,55.84521203919677,53.98642416727501,52.7598537062378,47.6310399649257,49.88053236946718,44.79620606204141,60.22947634543
46.99594759433828,40.34912163627023,42.51157773895367,39.06615735696745,40.28257701761424,38.96831329689709,37.16202290081856,35.084074960550296,36.635906509188,37.01142848136847,35.213573835059336,35.33110498658545,33.31165855663286,28.73404855418547,33.809022550512154,32.5537059826631,30.367976604974533,31.45203799556955,30.538717858383208,33.75224817903708,37.58472661932181,35.671506415351494,34.27101706635526,39.72984613484648,31.82031715732019,29.41116902489027,36.92277084959908,31.527178988554237,30.555165257771407,37.88627128889674,36.13289354888537,35.14065003301701,40.880523435243774,37.04518943780103,39.190084563379685,46.716164802803966,46.13979759467114,44.71938135327067,47.105280678252456,42.9271293440181,43.49090114911357,46.79488269913536,46.16860703850732,48.20151313899153,65.82509967654264,68.88718672350379,64.17742631939961,75.38270560133753,79.13142175245709,88.16648592674174,108.95216488163084,124.04789889309046,101.5510660284497,102.56930504437196,117.34853974490132,97.85547042562273,102.56482468965876,105.06482379622402,99.31171842801778,101.4841086577632,118.3477350650716,120.60849909182136,120.74225996200158,106.57787727893886,114.16479823309538,125.23088022770112,118.17687924707695,116.66948829769102,117.5662877564002,115.37694273855696,133.50146654597697,137.1345697509386,153.0390424662965,156.36385504973322,146.51149245720185,146.77841415065384,144.8142796519962,134.91213666061293,131.7782169132737,140.3010346317309,147.0522017799189,161.47686982549848,154.719823602975,157.23462303782455,158.17541672588962,180.46856859385656,138.07630409146606,112.412702954833,98.85652567005349,114.45858690743086,104.49281767242783,97.43531704069444,109.1088997006973,96.27739972242928,87.28196910697856,91.47854174113849,99.756410967302,99.81716980897878,113.82233953485114,103.0309775998695,100.506965074287,106.60870298185802,112.6596103626327,114.83310328512292,96.5825303648524,85.61938039313229,85.71750523800569,82.91073261978731,78.74261165225077,85.00812098833434,95.65592605577912,98.70097245958884,107.33412543550229,100.8442730103906,87.4163310007555,83.45047907742544,85.55687983633759,98.45637357861028,92.9155967384682,92.770050053809,92.12342602959092,90.1513905212812,79.86796006200942,76.52829833461716,61.70108173820702,59.63614925430271,63.10608562110217,61.55447775188805,69.3222035585804,71.72114104287229,63.89397809080863,66.78331336866299,55.338624364720815,45.28583589513965,45.32970681061858,45.68733790533197,43.03684606501633,47.31270128598634,49.49654256200914,52.30957173690708,57.804709793013245
83.0864963984611,79.88327766892023,71.30060976848479,67.59331877749258,73.7691763867377,69.05636308034774,63.67257522088924,64.2024072438823,62.68469450871349,57.15610298640652,60.74644295208537,56.05168063043351,52.264866059118525,58.46077213727526,54.68907053285756,55.06299193295491,57.51706568213992,52.95619475836976,55.44043201560057,60.79814809248466,57.04166182076436,61.80347637714602,67.28368254695852,65.2967144780897,57.680632230436885,62.72144370680351,62.248899156139885,56.76940871606086,59.73235217173162,62.29091691066196,60.43096624892424,66.52840535769565,67.41304698044969,63.57110573223318,70.46571566118638,71.32801589103315,66.53714670793909,73.3980745528396,72.57461437343888,70.6534552323092,80.89068429493726,81.76406330870219,88.8428070997154,101.20302650547362,107.96736382745242,122.87831382150742,125.38337950632103,133.0614463867038,154.58061677523952,169.64821829256024,200.96409508121425,229.4499726684236,214.74830602266664,217.69649845054175,223.519709491695,229.26004643766785,218.16385707774927,218.96128668948785,227.92658582592605,226.619299565635,241.44584288834463,231.15254015738532,232.97891420606024,253.7952816576257,252.5318106040295,234.5151485990257,250.34572367152236,252.3920920589822,249.89364729956,275.8035243267036,244.9188094413624,258.0270551936558,261.465393529764,248.4052808273697,231.4581095334345,247.33230424016816,254.34168721913733,246.33529412135772,228.8133330849493,231.5858880560085,214.4345345565653,239.04817319887368,239.80966115566383,235.89630462957055,236.0142011988171,265.6765843156052,222.68007490559123,213.93851987189748,199.13135933117897,206.35656377321985,194.80665972795163,199.84136690004155,199.28021915358136,183.7479161286353,187.56857267327985,175.56077715963795,189.439538682512,162.7273667148486,168.53378659418064,152.89530693310107,161.12269447090023,170.19814327523795,188.2695807815965,182.55056203448436,184.14080942961587,167.59411670556227,182.8390789983003,170.34433536479196,170.18538845592337,170.66692892745533,159.90311781926502,148.963669664123,153.02661733164445,150.53340869212482,152.40765653726808,138.28462684100066,140.84944452360568,139.07076001702862,133.34658450238837,136.1546551143929,131.49933485136015,122.62133802558704,122.65610737842276,122.81293135689856,117.75150100635383,105.25957737549984,113.04674860423545,117.35446844133916,126.95277305802762,121.4088077931016,126.42757413959698,112.61130629783328,112.5817069850722,95.6249757614931,93.12911986912218,88.4135812195259,91.98521930153994,86.69619053796362,90.77805522512772,98.9054623912076,89.32030505863348
113.44208179750444,99.29586718238842,93.28542582773731,100.38308857019469,92.85091043811548,84.22177141142605,88.37274364602045,86.77521701102168,89.85602190797012,90.49492792671808,85.84590305457881,80.71291578185453,82.3894677487122,75.33551843790029,74.17631703211823,74.39170875364778,73.09014324603712,70.3937099955137,74.38220280317222,73.3610766887191,72.12368048174187,79.03636677045516,78.54300294913631,76.86870343828902,76.62527084997782,76.67585606015972,73.80880031190449,77.48010675726083,76.9879625270568,72.19207087402026,76.61944750473798,77.37191594595808,77.6124998945979,80.94743842524649,79.41434903800351,79.29204284042,79.01399700634863,85.41311697818506,86.13747456319788,94.53447331679484,96.30703373156356,103.5633314403212,115.1467855326185,123.27544741235046,163.79593015519194,196.28772601756003,234.11082650056463,210.91931986156345,223.2769224673782,241.81557679371303,238.00918863179052,258.8888084847838,230.62915622379643,234.23824931138788,257.6104507208742,270.3751516225134,272.04723726509525,258.6797190161625,260.7188836428903,251.31435163277848,238.3884672676048,238.96909176118385,250.5768337797637,247.92448286010983,263.0856970671353,245.3838060417282,265.70847760565704,258.822863109994,270.4574459197432,287.4467679111863,268.60544343749666,250.497546224314,259.75050566487744,255.5277848233644,249.70408442599063,251.5671813111317,249.516452410871,240.598726740038,251.1778508296214,258.8763756294761,251.57770625353615,256.0575515219871,228.648246246284,230.86612812840795,246.1067634890065,240.0170960001859,229.0449543752905,244.9602315857489,254.626791557349,253.63975206463508,233.75139439459085,254.27482751466945,232.5171885802228,218.24274841236223,209.0576942384468,221.9884790116086,250.9677596997201,218.50870814273867,233.8996821897367,215.39046214346104,208.60770601904235,229.6354585340042,242.63314558368748,224.19369612289785,232.37204448797303,222.82916424231345,228.89801985469936,217.72722042449809,225.2371290773536,222.98218280296288,211.4698231681865,209.72686121277405,208.39900122466025,195.47637505430296,207.48499845717868,202.24937971995905,198.7771691798077,192.96101228791125,185.74784908281293,183.89988113610227,187.17899266325108,165.5907782511633,191.99851928792089,183.3495896982506,174.85885145842778,168.64642662932133,174.47460231857863,189.8991054405728,180.488531481874,180.4597927538476,183.16034953341628,154.01503912121208,184.08735202653776,161.0857659789283,151.8787530593234,147.91687194438276,148.67005515033514,135.11527364028834,145.45213493738123,142.92916587708,129.87291041132764
82.41654164300262,81.05858707410087,78.71647916054758,80.27065121831674,78.28925708187909,71.91860832500748,71.73419572654565,71.04095519698375,71.52026173213244,74.9840195450946,70.188403221848,74.72034693197321,71.40969903059424,67.31077251530135,69.76594524419174,67.15930986005142,68.10561529143679,66.7064281190672,66.5443428859424,65.56250472922625,67.08090100875543,70.58114991895948,70.02391828829197,71.18772207707245,68.45425843745642,69.72207530528621,72.89347412781981,73.6478495446845,74.80503063951781,74.20551593634531,75.66716281586393,70.69831728420995,75.81088950757218,76.62035604178752,74.24295197473555,76.85182247499424,77.66865976004293,77.38319774852837,76.94849994064404,81.8488088782443,81.61846708338781,90.46825313512905,96.68727504046502,101.92696560882634,121.69438813228376,118.53099229490456,126.49781908714108,121.78893408702584,132.4285234246177,140.1670076504247,143.6039181392854,150.22910692734152,148.6647936023798,142.55466506205804,154.84235912979372,167.54207729360868,162.13338493272224,159.2502077243662,161.6373284800597,162.3366101282139,149.45355775917696,163.68628089601745,170.1227563845396,159.75875249350025,176.68315428139618,162.974613826737,173.68464750826902,174.71960234373392,184.03606967887083,210.4972500006604,222.9459991167109,217.43863527944129,235.65785786665225,245.73790301800145,238.1461206306764,243.4795433355535,242.811081093954,245.7779533907559,254.03712204007024,242.61109762044765,231.5981745865856,228.3933946278187,215.76605768981904,223.5789127191252,236.39084387572603,220.69533639744068,207.81192464841916,224.7552717593061,228.04712692470196,226.96604308589428,219.19514095293323,235.5908971424805,222.40772469117525,212.8711550572949,214.93194242993252,216.81452105636876,225.81134733549464,212.35995589023904,230.61271736088688,228.31582933771116,226.39853783680005,229.42891396401924,231.42094920738808,211.53287992650124,200.5369032545229,168.00450044496571,158.46235756600726,147.33186311001336,137.88118844389354,146.75085267005977,135.4831118098418,137.7317572455962,134.03662992040327,131.77223225186574,140.9977630880378,142.47202111446393,133.4310094900727,131.71744666193052,134.1418610352636,127.3382160500067,127.64647921818047,115.02381965533816,123.29164276626769,113.51154056400836,112.20058698810448,106.17847391955594,116.42548420540513,120.04116286393926,112.3865039089606,110.2874014142885,111.75432493293036,98.54141153303132,112.10440361518528,94.88365355022476,89.78179032899342,78.98121439717875,81.20855258218805,80.95441917132536,81.47066798878662,78.13798354550362,74.39345511223
314.6756777882388,380.040590386989,389.38064836931,351.6847221315697,208.7849430971632,166.59550109727218,159.50785143212323,158.0905974942441,146.48737687799908,136.42639496336497,138.47104098248485,132.91971174940787,132.70352207185266,134.1895195503481,127.61875992467844,110.41578202632056,124.01214814344692,123.80941803114146,120.73184188492166,130.6274097854552,133.23332000138632,127.29703338580292,138.8726269527874,129.77194669571,122.55235519440316,124.01377717637452,136.17929988889557,128.20155134620603,138.469099080716,139.48336972469656,128.95648385844962,127.01510534380176,121.8442922541554,123.13946081584308,127.67096012951122,131.84754726464166,123.76927892409672,134.32975141380288,141.47012960624372,143.08684162265735,167.54805063562208,158.79285756357348,184.40959256354049,206.85826732819345,237.60738284116644,257.2738459569214,286.23895043452035,315.61458603384926,342.1277632906433,339.12727817901214,353.23411238294534,384.9717970310676,418.9322782099762,480.72115546991614,627.300314589508,621.9544840367661,564.4746216965119,523.5921858986653,516.1100801807789,658.4735340579854,677.2452788031165,617.9856881613468,574.6715769487992,578.9185218588608,536.0090429672325,535.4277093712712,567.3634563606513,585.0952556925494,544.9716499469794,611.400214320912,683.065242162618,659.9368274775605,616.5910632790152,590.7562492973766,640.9590746077777,653.6141443337042,654.5597803603389,655.2440835376066,743.3941355371811,715.3367801280101,756.4498008886864,794.0548527431389,891.6003177848204,708.9077305881476,673.8226904586559,662.1882378681001,593.5977630065775,649.1084434182413,604.9554146090845,571.7303105479019,600.6668520534678,597.4740471302314,612.5875084421025,562.6064300581099,532.9906462518869,601.3878590254226,584.9834443212865,535.7655387812498,535.3831241940645,520.878248515781,574.3826878619428,575.5046599983003,596.1077924352419,538.3505319207521,505.15593608171616,539.3505270261322,594.0008165044668,641.0032833598186,661.3957977800849,609.3118794424082,566.445196078481,535.4174274273448,563.9117232839047,545.5683692269296,605.3132476034519,589.8978746265905,551.2706159810846,489.1346300472819,514.618629857104,510.7622113116002,436.9310910190789,447.62108039748347,404.2863235712615,356.7311276815718,381.4004449658656,354.2960953251037,344.89607853772907,343.5435616712656,318.69112538950515,389.2324207565731,359.3176582975753,358.85959777754954,382.1106749426429,385.24416457112494,336.0458232757302,319.4383533154065,297.7384778584303,333.3004059221325,283.99384686614553,367.042174184447,314.6491536499024
370.3430310322454,448.3365694198577,455.0116389283677,423.645238015454,278.5044966845691,217.1788024385711,211.55711339349756,209.59847375382284,194.69134081970665,200.9967855293918,192.1348018589655,178.74787964107142,176.56333201048844,184.03805460064692,171.45190290492732,159.6532968149511,175.95111995550673,171.2990774238722,168.75722983852424,175.1015914362779,173.8462087091888,174.34956814499682,181.55680178024724,173.00944774168516,169.32206392237785,167.6956534134871,178.63868969887278,175.32068289432803,180.03860859823533,181.02467359320585,172.0257114818726,171.22900798114625,170.94034640324278,168.7636381683084,167.2624006485731,174.44889764200315,163.7132963212025,174.3125844153126,181.3662619521758,179.7883208438396,211.4169829086364,207.71659341270296,231.41443892003628,255.17853487118884,282.808303975247,309.1224869156589,352.1431437716389,379.3955756067792,415.48102448972776,430.6835263394333,423.6149902302134,436.40551180914895,476.5049102472444,545.7510020607631,727.2100383454922,727.1150879231868,672.6701352473289,648.0040649716001,640.2710780492044,779.405994028243,843.2814954797863,762.7102113914947,738.3889336426763,726.4977187790244,685.7569536712755,683.7020835643394,735.7676413095002,745.648841708409,679.6458597682789,744.7017526292573,839.6663310883517,793.1205502689276,740.4881047916782,716.4020983922135,770.5061357760702,828.0961581842789,829.6085656073149,814.3256614975072,912.1231522887836,882.544957974583,925.5407268298454,960.2608475087414,1033.826960586631,871.4562146310653,812.2358339614747,828.9111581516693,748.4089524826941,788.1434291227087,738.269205109642,701.1270295713316,731.7853009401637,719.4487290146534,738.5783617381952,702.2311783783289,680.1916480331639,734.9292620681524,702.0715723832849,639.0142986427319,621.323184290023,595.4835397466509,645.3824608640846,650.1607458296761,683.448584242888,620.2825361323265,577.1371428423502,599.7643229520195,652.7736812612154,690.9987161594104,716.8969976285335,661.0441876734965,621.9410434324727,576.7146414025627,611.1962767604314,584.8156833743288,640.7441031413329,647.9639876327424,655.8475034517583,572.6654225361516,605.4162033733232,585.24260613116,507.4052030548076,556.1093905311191,487.2681277570989,432.4674681445598,470.2799175505204,420.9715783264894,378.7168615340772,383.31461507905215,370.3013420002775,440.18768824473705,419.0631444887293,432.3587104523573,451.5285906726591,462.8025263212357,421.2669847927227,400.553510586604,380.6053162584616,406.0294008589476,356.3211919447517,440.2725898750617,403.89745344402
393.22243014702366,422.6506068564871,380.6750714597712,373.9932213172138,341.73353199137995,302.8496169646667,345.8579261653726,329.66476188470443,323.95111287307475,362.99099033684905,328.292964983001,306.3476079598844,290.5658716871748,293.1923159249385,271.3034163532629,278.5932343226049,284.98884889532223,281.2038305461211,277.8910047820464,268.4567128970035,265.0491283874432,272.31649235511253,255.2772616296326,248.48045791888137,250.4817463434636,239.54889068945107,236.7285900724116,253.56642536651063,240.4199275704645,238.93577407580784,236.00493467922453,243.1948841193091,268.45894860347903,261.6634674324957,249.1813224548598,242.2290128394667,240.9398839242689,247.06202546892837,252.92002174325148,257.1268857707396,288.87713731022177,304.1530292607372,320.1980560991408,341.5851580058237,353.5264534511186,410.20108084664446,467.8148734367585,492.8366693598713,534.487140893072,599.1602671169585,558.397309835289,505.3723894186226,554.1624423127791,605.4170535288456,781.6755463799827,744.7967846810132,728.3206063886839,729.9672301786043,757.1543088570686,784.2274877940215,851.2893745603589,786.386889429359,835.4415140734968,809.8836409746259,800.1267453477158,784.7599802471188,843.5057509056076,887.670419169852,795.2550889189961,788.1544069286961,825.5084565023541,731.482316612705,693.6444472613776,716.1595531430208,740.0104017981902,831.9849611050782,820.8535492813047,765.3890513881778,801.0120955905647,827.2352921273739,844.9322332722219,866.395768266902,824.8858401109574,765.9684468457622,747.1202869736018,820.3286639094462,792.869668321448,804.3789497421028,790.7914826010873,753.3963589909652,752.3405974558295,725.0753737133862,762.7887469315098,756.9164677729718,746.7394226914893,716.056950715672,720.0218820259465,715.0916763632089,664.7209874383204,616.8300650823214,625.4281323587337,612.4404621558997,653.1742845193121,629.4992836295814,596.3464988688404,599.7514107446194,623.1859689290482,611.5469473080282,620.2502424522089,606.8050255676769,609.3368166298413,569.0574066649355,580.8496756877234,557.7188163805323,564.5060315856009,591.7704900103636,704.7310766332163,659.0201766669277,689.3533427912084,677.3997081434953,586.3467880671262,708.4512235675218,610.4749603605059,595.2438817220575,637.1166676283733,595.4724498017061,554.3671665973343,543.1890547097613,561.7850260792877,551.4317329882958,530.6279323480939,589.6528994196949,556.8653893943224,569.9028020698514,589.0844367644387,583.3793927991741,579.6767828740469,558.3926627123144,534.0241822912593,535.3994646595812,540.7982660887228
544.2976992986042,477.4809415985508,449.1139908236077,443.6503972457351,404.1975129009954,390.9035267748124,403.433110023208,354.79080147949713,367.25138986537087,390.6052310734921,458.9225103502092,424.8561036606857,400.93208507117305,364.24988462798353,315.73558419994004,347.59398704412285,364.8088363534922,432.6820278073639,401.0065060168064,354.55518828530444,427.0988555629766,420.6518870052753,359.80258603272733,273.45095871513587,245.4575654245189,220.50585298016227,208.72199184310364,218.5713469552582,206.6399839054858,199.10750790020404,210.8697724569091,208.29413918946912,227.76183435026996,225.2592751525808,219.0292197175655,209.90259866140752,227.66414147614051,234.10100338119295,231.5070977062348,251.01955615500137,270.3270007359716,287.6621138624565,305.3250346031855,317.5437382433521,370.89950152369175,484.3483303237131,536.4535689770255,535.7779528878365,552.1151481321659,628.9575919620817,654.4486478530422,607.2476572419091,634.6098801616304,635.5076061151632,677.9375576755795,504.309370818709,421.2658937186585,414.6185809498166,410.4436936607613,402.08134987319903,391.47646466581006,369.9044906512196,350.55404733882955,344.98662967500616,339.5687972265839,338.6615643132639,335.3080992228292,404.3739032277916,367.5257501688843,336.5167688314925,335.64699327853475,314.1951817500185,295.83180827184253,309.0307642904749,306.49173381197977,321.1450145499836,334.7521785027782,334.8273859552555,313.48998884159016,322.8735927312136,355.4925767108961,361.2351935990537,347.8222561721867,328.80572242519594,308.94851105454904,322.64941394160525,312.0069410284881,342.8703918684215,343.3730715593891,344.5971273585551,338.3004584001028,323.04156810420653,348.6922465942963,343.630065821922,317.0156847680826,336.24787274710815,391.38049484431656,562.5292215945161,628.2847956787831,699.9775405770494,752.8526360600956,746.4948629131692,763.0089686005673,756.9995019639528,715.454534362782,769.45123860349,851.945263870769,862.8330635470414,902.3353456996244,839.8334237752287,859.1728090215782,855.9351137946377,807.4509918144485,815.7199289249133,867.1646254004521,862.3680115299952,923.5726713149356,902.9627418797322,871.0184353110645,849.9036368155587,783.6895934247327,833.0006959227868,823.1502081207099,830.4984565626348,846.0444485470764,815.7183586639579,779.9774588635862,821.3860767497215,795.4177378366534,726.0861176381159,679.9041877356563,693.3540033435909,704.9986279992152,737.193246685206,713.4976022479352,745.9674608629376,688.4155324317157,699.7380805402811,729.8974237765638,659.8500969339816,597.1423139716437
616.8255712065309,546.3014677395905,524.1171044760689,505.3366906396554,469.24803327929874,475.9334111246588,461.4455325537778,415.1822565545966,432.30233295461073,439.4111098053826,486.7941217537736,471.1537105998696,464.4362806590794,411.80240231388734,378.3748725255482,396.24656656896616,410.5663004671366,462.6145687436736,427.1046131001728,391.08571480408017,445.8441342862936,455.78924026548754,395.217703122735,328.0937510701613,297.5905096973645,271.86486297463983,262.86688451780657,275.4262392513709,261.50658461537205,251.6664095824804,276.46154062428843,264.7255843490948,262.10500316116884,273.673717951098,267.3394658022721,256.5856799428299,276.91589670089513,285.02456607956447,276.73678220526324,307.64164247014776,323.73003804373553,344.6813848252495,376.61787439799855,393.4854220098016,442.2448069629684,542.9155822201426,614.47035497096,608.0943183770123,659.5029943267281,750.2730405264806,791.7954436271195,777.6345974733765,777.4622614132551,770.0554214611122,838.8880793446135,761.3090990807368,762.2893940268297,801.9659937035102,778.9800289980024,704.4521260553394,700.217186733997,766.5360181989743,754.2997255526993,737.3385432842281,718.0607463389501,778.253596906718,734.3944118721165,781.9697827995851,750.3109981251346,716.4180344661656,725.2398749594535,708.6622821108158,686.2823759261812,707.9563480921968,682.2396756252192,717.9629062833118,707.4068175721096,740.4309823568469,707.0773173354954,705.5429601161513,797.6639058032243,771.9659807513724,746.4065372361564,739.4880160073312,692.7731713914927,709.5198075152548,687.799135148127,785.7046283960087,783.0815295638207,740.1479132780883,772.1379371050991,764.6909616142312,743.0235213541599,790.5952155424324,757.1154846509966,835.6649402122009,838.0337606139589,922.9647547728946,902.240796804298,920.7156016937736,928.0094764515508,914.4243733343932,892.2635800121408,895.8405266732937,861.3499883735194,918.0025653864152,950.3420451664534,1033.727037505358,1048.145660062787,1052.363490497027,1052.8264591964066,1016.3635626756565,964.633874164306,989.7714724468246,1030.6125521350225,990.8432202313418,1032.0399061489495,1025.3749212908533,977.9740335456391,944.1006773642488,922.3571194649876,965.706633730721,968.880201632058,979.8178630990476,1002.6532988330652,942.466732289085,914.2427415292544,979.810975383386,896.4473554355912,820.4502944680969,817.935365944698,819.6726209482051,796.5498726447369,825.8724309456705,796.7922543357988,850.6162478887226,827.0128376109482,858.2318522912351,879.2973867570554,759.8626860270319,684.6186664040425
786.4368413669757,729.2955576714581,715.314172581406,705.4217207403227,684.4261568060732,622.6754723576679,593.0082991464194,564.6355558255536,566.2113750378808,520.0393037696977,513.4256031725436,494.81604406831485,500.389559732033,479.9778577342604,457.3297362503784,446.62054708228015,450.7932126262373,465.2158230294344,449.424808836036,435.0336579308287,417.552970176197,419.4102988464701,394.5687554389268,378.232743627729,370.4809022165984,360.8049396144197,360.8469308207147,381.339412519693,357.815653539232,342.18638070755947,378.1404901245658,366.39639478868025,349.6708187005145,366.0739459209101,360.68775761918073,347.73109233452175,374.799301260316,380.2299376874837,366.32172697228975,400.2470371818402,414.1947032432901,437.3258194310975,501.7888811837833,554.374227276002,592.9222626295991,681.8271822575139,806.3540800229742,882.6910189100603,892.1622714855574,990.776901242649,1095.7837177469155,1073.6304685152684,1066.150388058888,1066.8174629157677,1185.979061444195,1220.1995324799695,1333.4351263190588,1360.8810725911374,1323.34097739315,1223.481130021395,1275.6529313820809,1294.7941668664591,1346.100285685222,1340.3950338454674,1276.4411332653026,1319.2928394434562,1295.0170151558516,1272.1938858399235,1316.5148456387328,1253.1903633772033,1278.8265200174164,1239.7147422678995,1261.7835550448583,1291.1096994307034,1217.188140991439,1276.1811669540334,1311.6529717918013,1361.0927668294262,1349.9638869682594,1329.7980953825052,1411.8727970572702,1383.2285155510392,1347.1164237348685,1326.250708019745,1308.861840854698,1358.5864306608603,1313.0979825745922,1358.418612528533,1328.1552775705825,1239.5501388562705,1272.4069377692324,1359.5816605461025,1277.48393900884,1378.0972079646758,1351.6031789253086,1371.5258908405383,1294.437140832937,1285.5541792634203,1263.2090536038943,1254.3856912745944,1121.0873231071907,1147.4304259034243,1109.0522948532985,1118.5896679937457,1162.5636375047538,1147.646284484266,1109.4942467972885,1193.7748853093062,1168.3366233345446,1142.8792832091226,1146.3417181138975,1126.750648510678,1152.5459171430557,1170.5560530634034,1194.3566071730452,1153.2287053103266,1177.1385773778284,1203.2112313824807,1159.1165717039084,1167.5959154319326,1134.117166226185,1197.0296804301167,1142.9502699022898,1166.5511878549062,1202.8925985787916,1163.7258208201213,1177.7314947681102,1220.9482409002835,1163.3529855775955,1055.3879504300496,1109.8032596257835,1079.3724638293334,1025.1014365428211,1132.505566065977,1061.7293436858304,1074.6027390704492,1035.7856408885718,1111.5096422374156,1085.1641949439236,1058.0750702412968,1024.4836464565085
617.4793337288768,565.5664556535492,524.4208324564564,557.396897114188,516.1009094309079,455.8825961230067,438.7729586719141,434.7770872056062,427.3660514088966,388.83215556300775,375.2311340125,346.81965086544375,357.74472579284344,358.12372504735816,330.2856270755858,322.1389084977018,328.82851155986395,338.7883281640542,331.1849276820204,329.7900652769862,301.0168402280057,300.64887995527795,290.3399257759353,281.57533414401775,276.67712056865,271.7886652727698,277.4448630643801,305.2481718602917,294.1673101667963,276.23814458322806,303.1345975523309,301.2462902698281,275.58790664637775,294.302367618634,288.84600599064413,275.5126809196056,298.9208187971221,301.134163485676,290.41463251943486,310.08493221391626,319.28397601032486,339.67121029984685,377.2199506745352,406.447102049252,464.72473153009696,563.8094742461396,705.9531282372227,662.0582753164548,641.8801992476813,739.6765820958354,810.8977712227033,822.4639987330614,818.7282100543707,831.5959471649442,865.1139496711872,874.0752692861428,945.8378508382926,936.4017786096136,856.2723605262851,836.0809206820509,893.0860338371722,857.2963352930013,836.8252049833588,892.1843575543268,896.8292182129854,856.8848249161085,863.3571948679888,828.7193653081787,878.2649233378753,825.2452364312994,812.8444430744208,762.8396490897239,795.2939757971658,881.4600843229235,854.6473937409216,882.7406871520675,938.7061134980444,975.7079931665104,944.5897851444316,932.7085555829556,980.6346138304682,972.1270928526452,969.3660858343898,943.1069178762524,954.425848045,995.8973318601708,942.9472484392678,909.925714179004,883.1516254173981,829.0815993747165,835.5232351318461,968.4883413194324,870.9769929009859,948.3199398201498,941.0235002581456,936.0465135125093,851.4640769390115,896.0036919046158,916.9501959305022,1011.190386249405,850.4608761360681,876.8641869761854,856.6794580915766,846.2071800620424,836.5442079030474,835.2029594353667,804.8308963997325,858.2142919372017,888.8301713127422,818.7275420431912,827.0060936874319,834.6135256791235,888.4418945101603,877.819048122696,899.4147146502721,846.9962585852985,868.6394623048477,887.070908596564,850.769379542964,892.9694884388458,898.6266288968276,942.091085048966,865.0199558407533,869.5449706820265,908.102845393916,873.1152290734275,862.7945949963969,902.9551843101332,885.222221041534,799.6343288346735,879.6395326516633,839.4464045239129,832.7927046776933,988.9179750339996,913.0403376616016,877.1230690909915,821.5375094583931,882.7237609608293,823.5263923830556,807.1798918738563,815.2649692996622
281.67711656654745,246.52283848093495,234.17391436605516,249.01241948612864,238.63856475251345,221.218526190113,218.2144517177661,214.39075896816425,216.5729652244046,216.39568509007637,196.1001604593238,193.7027771806835,208.9290569484565,208.6255859102465,205.74794984934312,192.4744176187944,196.1375214340511,308.63651541139774,271.38562703070494,300.2452816902036,244.75969694760477,202.3073720504548,177.84489190155313,175.56500396494545,170.21379017306865,179.54645910801202,186.08322547966347,189.42604224430255,174.9894089661429,157.8431159220122,206.801724046638,185.35750648243865,175.62724334570677,178.3529616596864,185.0052644498887,188.58198114339208,200.8381280785239,183.5854290119263,184.8731866630088,194.54302690136413,192.1086393176448,202.77159916980224,209.4775838594779,220.12761792852743,250.9564759571037,261.1367707411918,299.9790503087656,313.5374456910256,298.47722378647865,355.64999239481364,359.0748160773093,511.61132751263705,445.0732729440389,431.23874892145056,406.16545221159305,420.1006688204516,414.27238018656976,449.3812380911362,426.4846551499674,409.63416229952304,407.4903043051051,408.06733077658686,401.8733041452624,391.6272980982506,412.9256268759437,434.580871269221,456.7590680390247,445.4153118035697,518.2783791783481,458.9623259299959,443.396019810736,462.8099742145759,457.5885651787908,510.0036497600963,493.0114037930338,516.5987635551021,520.996380750829,533.6440130741921,596.2399674677652,511.62167955724624,546.4719629445943,541.3766101084706,533.3386286492093,580.1586920824857,546.6983776887605,497.1785174769089,509.6099486203133,502.6983285476721,457.7552434679911,417.8993257499712,442.659688616468,490.50959601507225,444.60907694097153,450.8171171939919,473.0395625661667,482.2275943076006,418.9275719798886,417.3093018276372,449.3756368430852,446.8119265418845,455.3090760926602,431.0338074854178,421.4136297618172,425.2434321534786,410.1750929323312,406.6376625469841,409.3254173800867,426.2894589656939,418.79370830087134,422.0061923429642,421.3284534248553,446.08849379661154,501.7619339376764,496.9773373542556,507.0513105164506,503.5157975727595,515.9492176799366,546.2955577523685,455.28360853575936,469.7587520709864,447.7140105565899,429.9274825981787,437.9841707383909,512.148739571395,591.0497926293037,516.7130301976132,461.4399869607229,431.04718260585855,449.3334020187508,394.39902330839607,437.3736615565512,413.23390654919314,410.77746539505455,404.08962423964846,425.1433714414193,392.4039024454205,370.7018876665984,399.3143776734383,359.87890918994634,358.2199078514846,327.9601232539915
427.79204011594703,439.29594626874655,364.476019994288,341.3293358834945,327.8302191853296,286.0547239543089,296.2824646846973,289.7220718847422,274.8892099668789,267.3622978109533,263.00840372636304,242.14407472462395,255.98546948445437,243.1270199284673,248.6451576310714,228.1087288731329,237.36493520113888,262.8314006731705,238.77635813982016,256.0415470462565,233.6671218309999,223.657572077288,226.33048565632885,218.83700264252732,219.1514712024406,241.17715904955807,229.29887394835103,228.6128246994173,230.87895010106485,211.88184209108988,219.91665231997132,224.11917667798525,213.14216751793876,212.7996528112311,221.21411937822103,232.5180874126769,239.8334478915223,243.13783833361865,249.15727915280053,274.77661542620706,294.6061280506396,300.30363837635974,326.3092120837271,349.1475540623786,400.71801343583326,436.4244923354566,469.0044746193007,473.9014983189221,523.1425922799455,637.2801812439535,666.8514675436383,814.3025241145394,755.30653893405,744.990012010809,752.6573204142522,867.3583987731313,814.99975766859,898.1622112723693,889.4888244945485,866.518225479257,817.329411237312,854.5902552325745,916.8015658682264,924.5496564726732,925.2268892804688,944.3275618096504,977.993776327488,1099.707390884383,1037.7291210678527,1001.2998404294748,938.8338017339988,904.0273460539923,908.4107580134807,931.4668198430802,884.7378043276321,897.3534825729405,906.314741299192,909.7858621117356,927.3774943505248,946.729820010482,895.5902977552151,869.8219610090819,822.0983891908124,817.3204175216977,875.4170687017897,798.2573552148042,861.4955741572226,876.3706265907747,825.945757777288,876.0961108330242,922.8086477075144,1020.6441905575456,956.9787544229536,929.94873802951,938.9984104687126,936.297489849142,818.4087879476247,797.6536082203663,847.3721458860488,840.7911651924463,797.8251488715235,789.4777776093193,881.1795783404118,852.6275320916569,830.8373372154105,869.9933804697839,801.1606944603747,795.7686275405073,767.8705524367075,729.9222212687238,710.1857195457397,699.2557932377266,724.4553870647983,677.566984265347,721.1655637459925,727.3539162894906,681.528721273873,686.956850772491,629.972236945686,678.8605908533717,714.3108236636687,671.7748010853278,688.2609711324898,703.1233281039108,681.5420983078089,681.3010362475541,621.4096064617854,637.5187295590681,632.7960835909723,641.2088625881767,634.8577319468685,601.0188438240651,621.6536628335568,683.2281052248239,699.7323850220373,665.90081956969,564.4686038848599,571.1626525236168,469.117706678234,475.6055921930629,438.1915141902549
622.1183014958651,575.0262853448714,531.2623697975151,493.1094115273712,548.8608327838399,507.3233141429843,525.25108056901,486.1256384545285,443.6498232425207,435.9853784429686,408.0471761359137,384.8587723532521,388.596941935306,377.1474142591138,385.3392456567352,375.7248696791067,382.0873099986888,385.6154498435207,379.0825836819392,369.2891314606096,342.158269344077,334.1218427910207,332.81360801683326,322.84860208499515,319.530522098496,341.1141736992015,302.8806401579835,302.3823749035626,297.0433713866718,290.6842608316099,307.63686750221405,299.0390551319337,312.1436371608086,317.1614757701141,310.7435440116121,347.52261004149284,330.7858667185613,339.18429321520017,370.5106632785517,374.7296101065869,407.1041757412984,422.4759351988047,461.3483554849024,469.3905221275904,539.0964659139496,556.5417683221434,610.5736828032743,770.6742756161184,829.6538568140528,938.2388135377726,1100.5651224158678,1036.169561653202,972.5980619961238,968.388286855312,1026.041292761671,1038.4879921162774,1024.8708191120224,1078.635957463791,1098.774773180981,1111.9253632453945,1001.02120140231,997.966515730824,1094.0141519985532,1055.4390105072544,1023.5043931565108,1128.4284737385465,1323.992194696888,1222.907678022484,1116.385737314774,1046.7338589793071,1024.84705348333,1029.1671796391668,1210.2698395101136,1176.745414284772,1082.0168353102588,1065.135211667411,1069.577393843381,1089.7832592008713,1088.436486584948,1036.9674282646004,1003.1525861561308,975.5803657704988,952.9820964696383,957.3268508156058,982.1748102613964,978.0651783300336,1066.8858425467797,1078.8328154030985,1013.6266177980176,1001.223506425156,1025.4232531121213,1133.4122354054075,1381.7971663683877,1415.0548750217083,1233.9020491621686,1211.18731066096,1067.1800129208757,1034.4513578023984,1056.7491720755086,1010.1177786676932,990.9091852440658,946.4943542730056,1006.533192420458,1010.798195972994,954.602303314262,964.8774655261004,934.1173740423244,987.166282449216,991.3321622666116,963.622596738054,876.8501164130812,988.5434538946756,1093.3339752010634,1003.5269415176832,994.9545324528682,1009.1760711244374,908.777841055172,892.544613361002,831.3176844146848,803.3808356597121,806.962030992062,800.8063817243341,768.9990927217627,747.6247659915097,708.7063963927998,791.5707347436477,774.7929027424224,765.3146081560415,772.0788660063643,801.8152546874026,745.1222506426802,706.9227685970625,697.4406702441515,774.3454554299929,824.2441399954238,778.0985550587143,708.918875830803,777.1523361010484,678.1637900429051,634.4761043375685,598.3514663269018
477.1434531953343,481.4429502504461,470.016296520294,453.6012942608756,463.6071096874688,413.0995028825045,415.9746454309006,390.8695215161977,367.9961038645327,350.84322191603167,325.51403076127644,311.4971066732205,305.0788436897018,300.54619660090174,315.3708545657982,302.7384353350844,305.3347904286976,323.8530775170944,321.2046631955247,302.0962437452734,283.5613729781924,271.3756943289062,272.70238928798074,266.8892587319721,265.6594123761073,273.79852357077647,250.9443997925449,257.5962701199388,255.34435439146887,252.9452639030043,270.39318781152724,260.19307285533046,282.87181402260165,290.6980708055672,277.18743302681247,304.5132141358589,294.2106433352375,302.0892944255888,329.9642108056946,332.7630115334023,401.8832656444786,392.0920470446901,412.4127682842461,416.6098149552573,483.69417405604906,529.5174291746611,577.6363449944688,774.6423888926232,810.8582949324173,871.0457637746628,1014.911236580579,984.272707609874,973.520249677395,984.7060913729836,1077.223212354517,1053.3455109681145,1055.087510942811,1090.8471431574822,1081.8107730855284,1092.3733556864215,1063.5143738159595,1109.5117852578371,1175.516296984542,1146.3528947575526,1175.8522066281514,1166.017387888032,1230.2751951702278,1177.8444620951054,1145.1199723498084,1138.0164018099856,1131.9663553299774,1155.1845345250206,1263.955982131076,1212.8110305834268,1135.9555362579265,1159.670911837616,1174.2482066364944,1197.7441115184436,1223.875341156927,1166.0573575075673,1170.1893359665603,1137.1002843528297,1130.9377691367183,1084.9179450531544,1058.6700770930108,1052.8922893361648,1157.0229757616542,1181.2432828794992,1129.3962532275202,1100.7049585508507,1058.1423928796712,1097.9035511987738,1162.271030712099,1196.728702757852,1173.9506787103446,1197.183789755054,1134.080183250379,1207.4733271694906,1147.9825660557108,1096.6330627685074,1065.5176840803174,1047.8784527258758,1047.5339949113218,1054.8081943260968,1002.9125671567284,1002.0170697368972,998.9294633954544,1042.9968728120368,945.6398755554366,914.9699548235122,880.2609866090239,972.6733912900012,1034.5297583378183,935.2172118570288,935.3082952554148,924.718128631212,860.0206633690435,772.2420165935422,719.0864893230206,699.6829471484475,673.4876234793027,688.1427633107697,705.9942412724822,685.4492590762042,691.3869485971085,724.9248344173641,740.4702940622122,660.4904212294865,657.5803484931198,647.3232563232999,628.3351943999702,610.0128680498897,578.2555618831653,599.8076114497889,597.4184487855455,606.4681006398508,595.8551404565954,620.2019462742105,552.4464179639566,494.99925556102806,504.2023071416816
314.3674273985717,354.8126421073005,368.00877473142856,342.1041641311921,299.2871886177928,246.27169604824567,233.62968349613232,213.59735512537085,212.84802621194663,198.58837016711752,185.08892802810263,188.3081575200535,183.54749357286653,190.02524593380488,198.61110202946344,176.80420693456296,174.32741810230115,190.24879329845507,175.11556079845766,167.8223650512661,173.95043425917822,163.16834902315833,160.83455793362322,157.89467393254554,162.68006862530615,154.1450177203255,154.88313786229605,156.65131723089934,162.07792054331026,163.60832605864533,168.07960050166983,165.755560781213,176.3857213453615,178.42478820981935,171.78365133734738,183.05465631782363,180.7073755670588,198.47082546939268,218.8299414135467,212.97681673670365,292.6441290652573,268.66155028502294,279.2877199724127,300.0724867526704,343.8581639157876,423.7088051789973,470.39174104172565,633.4677658940349,652.014909412715,713.9435984226859,742.8375657196235,776.4252174670272,804.729176886576,876.2620930564863,953.145490365673,932.6843505984416,932.3182621185504,911.19647702622,956.1913835385474,989.3489691837802,993.4753419590406,1005.1341618699508,1051.8909416788451,1036.1408863272384,1109.936420736766,1075.5200151381011,1095.7569468800389,1070.8468414578442,1056.780502813926,1130.8238211042055,1136.8207135582431,1106.5466976360551,1119.4212793128315,1037.106560391303,1047.1363034117646,1114.03964377203,1115.6810275211656,1039.6988576999752,1026.8700727452403,1028.2495501794735,1132.6257233710069,1135.2622600216084,1087.3432519310866,1025.5715726530668,1026.8452661040917,1010.0004846122056,1049.9644885855048,1043.398423838864,1015.7410395031388,1034.1037478411338,972.8711661070386,975.0004786419466,1018.7658028676988,1074.8830707293127,1059.124128338525,1061.9516742177543,1055.916620195311,1189.3586768334137,1077.1064783300717,1024.4045610417654,925.7566179601752,910.880643282731,878.1145152313809,889.9916189161924,871.3732475873852,901.6984827405934,852.7841198016833,826.603355986192,751.3261143478519,731.2872739281493,735.7562598837388,712.0087960083664,687.7470043380574,660.9956433499035,685.5754355861604,663.0550858793514,624.9890699450558,565.4198588797262,529.4268440733747,538.1021930763229,528.7008984008885,520.3156298490634,547.2285119396599,525.7439878851452,565.7422484244324,559.755911688392,578.3630313518181,480.9907613155366,479.7789965231741,466.7427369093425,477.9415824332145,452.1279404517347,436.0397357026951,441.1264795624779,411.8127303395069,423.5103089448546,417.08218315555706,439.2957458451372,396.1513460122662,341.1545011073398,380.57502744654187
350.42569783816816,335.1107678270984,344.4503924738995,262.2625231707271,301.4737384710042,235.8062414625927,217.17847006053472,209.57073541870776,191.56355576173436,197.18359914426512,178.55297651348533,178.22175628098012,176.44309305516745,167.7222620554358,202.40616133947347,173.01141052249275,156.4156138958029,164.8993159985786,161.4890203367632,156.9063273628524,168.3084757161906,153.7847214871616,153.32174218255244,161.55948244752696,167.29254727838935,148.13216691530903,158.0106635803841,148.32212871853048,159.53654116899293,166.2255474470832,163.7072107383787,157.01532295389438,168.5885266109974,161.27613160174275,166.61196918002585,177.67100731875578,166.34471335022366,172.36009009276458,200.59465837854816,223.7649559775729,245.89689516502003,253.02786951623665,319.6839617018873,374.9247734419516,404.77915089108376,473.2694177951764,556.9404784135963,703.8327868319758,819.1766301992157,906.5001132124784,914.6466591867826,974.354891721244,1003.5676207470066,1222.32912977585,1195.4243445691693,1239.967588022368,1255.2391368056808,1224.345765327674,1233.9504432056804,1287.87724816604,1283.632546686353,1249.0190307546818,1320.2914908324196,1311.6380904815887,1398.157659762567,1413.08872948738,1344.9651219802802,1264.884034890155,1283.565387916262,1261.9330583176566,1227.0198887002905,1225.6495423682072,1182.224777009597,1149.146102918095,1178.6814578249864,1137.2151687610724,1195.040666461082,1167.52524890675,1143.1684358793436,1194.128964810493,1293.1592953696183,1282.288220981169,1213.1848682010702,1058.473816482997,1151.2193406007725,1055.4820632472615,1010.1304096461964,963.0604665586076,944.69265059244,1008.992653753414,989.7355360994824,973.150594158458,978.3378593116328,954.3976290501172,973.8543153597998,1055.6628072334413,1012.9402472035316,1022.5812502841492,978.3423402382446,911.227732226342,860.6421756885901,861.0999697453665,877.0462752137164,854.643915659124,813.8603567251503,883.499823735779,917.7187784716124,920.5168130145104,834.5914468431114,721.9710802446176,811.056081770924,712.2047937525293,749.1134965389358,734.3042987617839,749.8153139660022,866.0857867066597,844.6970252164539,739.3282277266109,697.7793432855149,701.2120140827464,660.9138646059743,613.1154934828169,589.3158326021838,619.7082834841027,586.4485875428834,522.8201712068901,475.0300742974612,459.288522946909,465.0146215777475,454.1833827613212,465.5013307366861,443.22651934819066,417.7718287184681,430.1317476492543,463.0144475186484,467.4318275032921,428.3730356221502,500.077894775908,555.1286535289397,434.8927105357327,453.23519045752977
44.838443001361554,44.4729993142025,41.90524038981763,33.41625815036558,32.1935550615879,29.773602489402816,25.079045805394127,30.78098095117208,27.625036375410204,26.241527612839228,26.10879396458062,21.93394580530532,22.159860603042837,24.23510709075924,45.93002335486944,29.405199758076225,25.817509400432854,23.28482838672666,19.328160067117,24.150516799510303,23.983332135618628,22.113997750640817,23.2963708284998,21.77088164089919,21.598712456031617,22.728317160109416,20.90073861422796,19.1575755354944,22.722092793904665,21.93333777142632,22.94376378023533,24.58691550794072,21.38342431512032,23.55781517679442,27.334383274423743,22.914418035426166,23.59532040809729,27.10425079018881,25.74963373181646,31.0648874398605,35.62486766967044,39.4439604136956,41.52106631127764,51.89660682258653,60.41371029210339,61.4916312425476,72.80991753774859,90.44180278912502,116.80497924535064,124.34976086258868,125.46374991931796,116.95142007532276,127.27455095299683,142.1920925084029,139.40019858032494,140.99909110133498,143.47495610093756,138.16429413071805,153.1639082064817,155.9908147098662,157.28963071659038,152.4630455592249,156.80782416957624,149.78512964337878,140.74677626220034,168.90896475565634,185.4298193680773,180.8887267731625,176.00634147815418,150.46487602271168,146.97261915154414,146.22937411026788,153.57876224253232,150.76004445036622,157.9278979003316,146.4493103862379,150.68842793662756,160.73126692636146,149.4177199163535,146.71219935034847,154.32882101700304,145.99303112662497,148.13874903845573,140.73432997684958,152.846381478971,145.35358526144304,142.18335347278858,129.4944510066975,127.35150780233263,117.675503702129,115.30913580032735,115.66052487687502,102.68522950770208,95.80494189854733,98.74037718152708,101.38384391628352,95.78425997021787,113.4799826385208,120.0126080224236,98.79092809407584,92.51417756246818,99.36498340484653,99.94322319044846,86.93830791596203,89.49656324734306,83.61578071083686,96.8276197471302,95.76563957963688,93.1716488567374,83.09888023841097,86.28463195988267,87.8476230195326,86.5348171730774,94.54364803571715,93.843061872212,97.89696648437936,99.7872237633617,86.77725550733547,85.65441142742625,85.21984119002967,86.49722484220628,83.77734778992472,86.50307641980545,81.83611246091787,86.68006632588121,78.56033908905074,71.88523750598773,81.76821440345867,76.15794398475133,64.81655801804577,75.94227310745025,67.7474379765232,61.659349644931744,66.47204932430695,69.574326962373,68.08860407513421,62.941837381286845,64.17771433643125,60.494894113983975,56.22963595098759,52.67659227771953
87.61583313487635,92.60083215514555,77.7594421663001,68.65506820499027,66.36788482451183,67.38979806767885,62.192368810515866,63.0644594615725,55.01486296465853,54.97934059054627,54.35139242332093,47.319972399619765,48.52191084659688,44.61802100769263,61.32254189988898,48.35647225241128,46.009862628590085,45.419946835964986,41.03022604868886,46.21568858817812,45.29819640997194,43.48410082486495,43.55519051159168,44.56259963225232,47.31039769256725,45.805586679297534,43.12546449821445,45.9312314190239,47.67620608243713,41.72496847770724,48.404115541471896,54.682053577185954,43.64730263279354,46.73113915145444,54.73820501495098,55.347646965588346,53.9588238962539,66.01526677363317,63.83237431619094,70.62125256948626,83.68563263985824,89.9955706191801,91.9127818503241,101.66134571131845,118.11566120048494,117.5099258825422,123.38739322436558,130.0794190829246,158.8532743461061,169.66206874335694,209.8854023143116,195.2519914056136,216.45850695576416,233.0077651587476,249.84254737922384,253.7309196215184,243.53977872493752,229.7989843255798,231.801098236746,235.5165839943824,251.194827467044,239.2249304136861,246.45898952601715,261.9254410902423,265.31555210412256,270.90570436045414,283.2676313703951,291.05974142271833,297.95154901713096,281.1656632044392,269.32897642373945,269.3850129509278,294.58921434189045,272.0018534371593,256.013597204678,273.346099526036,265.13146042956606,286.58958395380256,292.25145082857097,287.19207653329426,299.9330515492565,259.6827063364418,283.1257831624312,261.3262023866675,266.5355928827008,260.8618439786105,269.8114146935172,262.5363970084955,229.02222277643816,251.9719609731467,245.2822191537284,233.2378246368523,210.9675201905678,200.50688533385923,242.5805791414302,259.25173438018027,243.35695848430217,292.7177386308645,258.30523355838824,231.1421749283504,234.58760698871052,223.14966013319,224.98740220641625,227.8058578423077,209.443710634948,249.9735330875976,265.18023377914096,234.8981492494922,212.43285378094663,211.1423664505224,188.42706951359477,203.7839175642096,221.7656918416978,211.24158011897995,223.4267951674628,202.8722003292528,223.1961871996401,192.4720805868936,184.1573456389708,191.96026922098724,196.3779964929585,176.98971635695025,190.1201161152956,179.603099930016,163.40725539048063,156.84339364898295,146.3896029036886,155.78736021814504,140.5911817929958,124.91383446627128,134.8030259384522,136.52046667940849,127.3193937531762,131.809210121253,130.92203925340482,129.5213236488914,122.33241091174146,133.25586377069385,125.480222989568,127.72513430152196,118.56862275659108
52.99081193559806,57.00558287871224,52.18689362108995,42.78036036846108,44.13127132166657,44.47416557420216,38.2092117868548,44.13773031541775,38.98967911925975,39.9284797734054,42.11729713096253,38.98088243840228,38.54300208934701,40.34617746816423,39.96672089343144,36.29020915711624,39.82836087352335,33.9719052436833,34.54479191656676,38.06183387012295,37.08533964416631,37.97743033453383,39.62466274363727,37.29424840277122,36.15852378769478,40.24382691928332,34.61218068303236,36.27206933162976,41.92628092815588,39.5642790012932,39.34027475654755,44.01384675795534,41.93151169125859,38.29718080948013,39.52668618506666,39.662065685488265,36.66947130929453,42.02407572358938,42.48457767617328,45.98114116065018,49.50318655053831,51.86740875889269,56.061709000810175,61.37279232926874,62.72474011228312,67.70645272287663,78.57971430479226,85.58301548847314,84.88018850436657,85.92629858921354,109.00149733739867,100.33020755508444,114.16801425281322,131.29825794880165,125.94697617092058,128.35730498676358,125.9321005289966,127.56548818459515,125.18039135759795,127.3607179099996,134.35123557653097,138.30137280530727,142.69541062096962,145.87586647892712,152.30937114201222,146.37593296761236,149.29243392850225,137.90013591568191,130.51784225619102,124.68696919367144,141.37602477177214,139.70339526738067,157.15276754524766,139.18958001109786,128.83447373033394,145.0530923848254,138.39939612422282,148.2240978490643,150.26299047910575,144.1772764402089,153.31185848631225,151.0791674386123,154.1299193875296,134.9773070977174,135.83361663836007,147.46766097989172,136.41157585420373,130.20543367015793,124.1850761247889,129.3484685012314,136.78517304026855,122.75830118316878,121.611624866393,114.5297424229786,119.65618225487138,150.10737563063464,135.58329709994516,145.1021349994733,128.60876733539888,119.42684759355554,117.260166627531,115.16549926884568,138.86611412232574,127.93007041373431,116.36630322594176,115.52549697705774,119.7831397494394,123.71032717982266,113.7072712308588,109.3982204999051,110.40386050132196,121.5120413812558,125.4822527438426,119.16512245280715,126.4797891025056,118.3822838748371,118.74031763458044,111.36028537033116,112.86225652136916,107.99196936779676,114.33396843647422,103.23088144524188,108.1366905396837,104.22429715817962,100.91645641613262,101.0651854571679,98.05811217382085,105.65037384178488,104.70105817781352,96.27190754863264,99.12352423276376,94.37633481330757,85.83793287062512,89.33588271010676,94.84993672430718,89.00419756246166,85.18065254697333,75.56667034734015,69.86814339440134,64.9798144864719,72.37177507855176
56.133658819875976,56.09977788815048,58.71820861213514,53.33625951018849,53.59661393399286,50.378360183693566,48.73868134170605,56.348137856649565,48.19004733147433,45.64908470727743,44.54750189162445,40.79764674976136,42.75735143125824,43.84103078893864,44.80322373851272,44.30750043765802,42.93764538339872,36.04961297467295,39.98889888880609,43.180513417970175,42.524088542860696,43.89436900226468,43.00602127564471,41.27725008680986,39.5909673880474,42.07859930882479,34.79695745435201,35.67788131503594,39.24066854830521,36.84584575795867,38.607862876790506,42.95490871704048,40.804437616579726,43.55508606616438,44.724651913814505,42.926590407279846,42.67620826924296,42.98355819056851,40.99343493151324,45.688591773038425,52.97716531503431,51.84422957607788,56.93711948129649,62.675907268792265,70.84463696255628,82.9908989803544,91.18254025587072,96.68080246175768,109.02873812542136,113.8421075855427,125.61105602743994,127.91659618327176,140.38701858940158,136.91265327447906,136.61043532747766,135.77255285025012,143.9645329819675,168.03538890818598,159.94467011344645,154.37342838569074,163.8582298314477,162.5598066311282,167.34330955116783,161.82652313604655,182.1518316291403,177.9125386118579,180.76161971245452,183.32588961854503,160.7511184157875,165.13398087224468,190.46409141361127,171.4343809554934,197.10097937548431,172.35599086226236,154.8109627589288,157.28846801737978,153.97659875870212,156.4454492407809,161.32668320733146,156.0576636400344,173.71293138737732,173.3897388467602,175.58569568459916,165.19012567497313,149.59376617923948,192.4250830883705,176.00479159125322,160.82813900354807,157.6463051328973,170.4444772703447,185.1654325066032,157.39993438676638,157.7733458564105,146.78641994604394,150.2008782538069,143.6219412004462,143.73915506026356,150.52119366023325,133.94175429266738,141.64171162489487,157.019507716636,149.95810018784002,156.3355901969374,156.37527271779885,148.4098331700904,141.2784322898486,141.0108912405694,149.23464050521466,147.46431324465348,145.24313181552878,142.12305011924477,152.78944008623998,153.92224202655504,139.85813834430755,151.17992100946788,137.8603268749575,138.72074893257383,128.38461603020943,130.79678739965507,132.54349064061606,142.6634336919393,131.61283190955322,130.94917818880117,135.8067173199748,124.33475461543208,116.44193241354633,117.65911074604264,118.55806455241276,136.39826064180187,125.83977722553048,118.01980167234883,114.4195017105706,108.62464058299776,96.94856835620229,104.82640632544846,93.94248446203449,86.64059807531669,83.41735229407175,87.40985728687083,80.58797104731362,101.78681169973576
56.31038723539267,52.59175595117789,51.32983926979681,51.17778190649597,54.80174994798943,52.91876485614897,51.61030204392385,55.19025804011523,50.14455102418002,48.997640634057184,47.19446663976137,46.19662428124448,49.15488415128863,49.27082996665157,48.44954440920702,52.60100924339517,47.182420064521736,40.03425446173748,48.1519201606153,50.781594270426616,51.51982502166896,62.196036323402495,64.735317271826,64.11819274703694,55.246960020072216,53.68109303721756,49.21076522789289,45.9428680645328,46.76365406457455,47.00076358839402,45.76387822980949,46.8576751622068,47.1442117829981,51.09137682924205,54.52801516666416,48.55086051512508,51.54220560767733,51.11781299330757,52.15910355540618,55.81657191452151,64.25366512383388,60.69144892612683,64.13710628751726,69.24063493180243,75.47779360829243,83.06537614804286,93.54924643988306,89.96057792568513,104.44095499016332,117.12428699141996,126.9367993124674,136.16569057631972,133.52691614041035,139.1411831003399,125.33641925400308,130.63619410899193,140.57939523362393,147.54903722950704,152.16264476578277,158.96654073557843,164.89505083541113,163.39673181498404,166.22329058831488,171.15944709385448,177.43398715426636,168.86006720667723,163.59302025242977,167.8770967253803,153.4033491535784,161.7061767479118,160.3527487705974,149.4040456678912,162.9074181310922,162.32847873802982,141.23846628581725,143.38161080864364,144.78387878713568,142.41007249905311,141.69289761052084,148.24129318322363,158.71026426566996,160.16775345476955,159.47988113078662,156.7459864855223,142.43587284151738,165.79437242365827,162.44884648756934,159.72405024674595,143.94297250775986,177.311898358899,162.83871661958236,134.09711375756223,147.28519383130023,128.22035818036323,150.5774931037461,135.6284383574504,132.29889296790313,128.3096992932294,126.62076030621256,127.59586169803408,139.69020956322916,129.97031976042658,141.9275751594696,140.51425480775248,136.35673720869107,128.58323486490923,130.90234630794004,132.44339063954612,126.5547532514996,118.88896528477166,111.86856701555752,107.90459939798556,112.10047571292644,112.79168069594894,112.15184785505258,105.99435432352315,117.2514082672443,122.2988369044327,122.39871191174338,116.14491926443664,108.92254269740368,102.06028789478248,96.71897193250724,101.1117805697916,98.83963817722665,91.0052373321987,92.68124634972968,93.2017744866048,95.79203702239684,92.09032418583676,89.9180396533643,81.60744082780614,75.18385028485359,67.18163242811798,75.05009964479778,67.71421505098476,60.22855362131479,67.11915621906215,64.9108176517128,67.28619421747487,74.42401897316081
71.93190126304741,67.04920664157353,62.17877677965885,64.58106726544119,70.32245505516656,67.07519070308383,64.8239861718331,66.55408515701994,62.69018284587076,61.960751019134,61.51325559907567,58.88741291794096,62.131506231210594,63.1898109547587,60.04795852886958,66.82027434323344,61.56661212660763,52.06774898786141,61.95176334829471,65.77848048501589,65.73704040814428,81.2064319262058,85.2586516910587,83.27146745480407,72.35434398535128,69.99349648186102,64.83232467402694,60.7454674614024,61.71732796053129,60.987833800988845,59.55771835147507,60.42329619407443,60.0813581859448,64.95951986657569,70.42758610462155,60.31427028012133,64.80286150163809,67.51640558592887,68.10306854881856,72.73360293896343,81.73898656853878,78.29871936263193,81.94127166158277,90.57668891866828,98.10705073393414,110.07886946597245,127.77214362794086,115.09583106444164,131.09470241598962,148.23796107279423,155.5035785530329,170.25282080554473,160.43364035184814,172.087634540195,155.8514066961431,169.76247305218843,176.69904399800475,177.2995881266777,188.85675956185284,198.71350181785857,198.63797026939773,198.61703871488507,203.66518158297745,215.6326289326146,216.25185548195165,201.81810991334336,200.9295802352644,203.6284404533952,192.83926718428225,203.93462860520395,194.46200222274413,183.10559458624235,198.06832500807627,203.07436075514232,173.04484043610995,176.296020011549,178.95425921516977,170.99757604824637,172.14055218620712,184.17428706553693,182.0150598085993,185.69291118698555,185.3110671344048,186.1034039977979,175.11949958307332,190.59519437194237,191.18648574500529,198.08888808522775,182.48725738868308,218.0527366126297,196.9563937041134,169.94967132072205,180.85156639409743,158.14836160013493,187.03676565988752,169.71902078573476,166.71300045310707,153.5823014518339,152.12114933947646,154.5277467612283,162.8746568759633,155.30964543266407,173.0968443614326,166.95222252030615,167.48249514214407,159.519853410552,162.38097358387324,165.6350637469489,158.32696392973662,142.66836088214936,134.57656988800255,127.99653306304212,134.72011381271383,142.28996223533943,137.91561296421588,133.1090199377668,149.82381882839965,155.38383511899892,154.67198318841454,144.70921810810793,133.370388446527,126.98338468154785,119.31241719326846,122.7882307440138,125.19104144927933,113.95060409069674,117.19235943280766,119.8038290504789,115.9662013739476,114.53400248882744,113.78969772871577,101.52841668886848,96.93429605131064,87.70969258020776,94.373889168666,86.50896684578258,79.9480655663165,84.67045336959924,81.0070741283782,86.5807799435354,90.61237373733036
135.75649329935516,116.93526831254816,110.84766977389867,120.65204579490296,113.39263547515672,97.24502703339114,104.34953250011652,100.91602813718208,100.73062056452784,104.06783857500535,102.97416581471252,89.10395625806173,95.9186430936576,91.88884999361969,80.134558445742,85.07022982229667,84.16441073464024,73.04554370983631,84.32460514729843,83.62501189179042,78.2062243141041,93.256839100328,89.32744602541253,82.94415760736567,89.99835211243543,86.38487577644193,78.37438172327334,87.31561438461307,87.48928705761324,80.13026409609955,88.8468238302412,88.41903303470556,82.79829859205464,89.86256769564477,87.60279720969812,82.52215853463154,90.81426274727252,94.2713737600784,90.0418084002199,109.43469608930508,109.95954610082056,114.69558153633628,132.7551961351049,146.67919474668625,197.3635871475973,247.36794302193977,310.7149505570844,259.3388445692736,258.4268986576018,262.3593840277025,241.58552446421183,266.081672614915,232.14756465185,239.1039405142118,273.55505648094885,302.41920346046936,283.6857393861339,268.49906474881084,272.5592617188806,251.02118713210052,252.06352361624465,254.430420553191,244.25815086081624,270.36815488219366,275.1539908171793,248.46483712906817,271.2383442207188,262.32136575146905,255.34198096289276,283.29365543149635,276.9335401292417,258.0825753242046,266.23170490259554,260.5653927172073,260.963505234375,263.76323936764044,256.49634632427336,235.84026503774072,246.7623858069528,283.1916594207517,255.8509324108641,270.37862745449314,234.10224642132803,232.9392449258148,257.3167688157211,258.80319998738537,243.05504495404355,270.8663514452076,279.6918210022681,265.09442711675973,260.47826376538586,290.99052585534974,258.4423437141818,248.0346242091332,232.86602859553165,244.0512235558724,268.8225124217495,226.65949910247792,221.46758875272164,223.2852739489067,225.52198822236412,236.33783918143968,257.2352370446933,241.1544988977435,247.9668808838481,237.135911982934,235.9820819977326,228.31976631578604,242.36626557555357,231.70075840435192,221.85641516233343,225.2684313633233,218.68673463466968,217.94827273038712,230.17717135670983,227.2015241295819,232.04668748106653,224.6410245064283,216.9216606427236,199.94155524647516,206.41654699192492,196.23026427916028,209.7677432307601,203.98607181184016,193.5978680566222,186.6090487504941,200.24143719192384,208.8529805900516,190.3894457586632,200.24929007028825,197.75829853127328,175.3540051592856,223.0662740908629,191.8265620243148,178.1330060425687,173.991490527762,169.2695943533325,151.05541923375586,162.7784225032189,164.59334150460074,151.76689409581232
85.97652838993343,81.33588861549796,77.75612579976628,81.89873915414506,79.34647415200934,66.57242841733422,69.30903809369055,67.72132363067817,65.49890768231965,69.77667527141904,68.90855627582529,67.35858496520149,66.20578348153603,63.7227073058362,58.77903447209781,59.217457086630674,60.70135905477552,53.68044809876282,57.53104728523867,57.37823416121908,55.76384739653314,64.60815534357405,62.93198166493321,60.69040652015269,63.52547361668616,62.39531562601055,63.11456511242026,67.28701843433713,69.08781118822435,66.02647875964298,69.4830627790133,64.29578230596806,65.42449929427097,67.74819467075054,64.94822168374793,64.79116614420181,69.68957243508174,67.36034924977056,63.92683730764713,75.00117197215545,73.3019349594087,80.92576823922882,91.96724641022392,102.10360614474868,133.1816942803452,144.99714470127222,172.09034936711555,147.85541483965824,153.01161532133693,155.90885527025205,148.8873304002151,158.97611652114077,150.78459286390571,145.56542291658366,170.3174109444515,195.51830772998375,179.95533711731608,168.72569798659686,173.9326001759138,163.95501870119014,160.73424033538066,172.50630550109685,161.21094449131212,171.12864159879592,183.74626389174597,163.52342117584132,178.5170447667255,176.00830435059171,172.52014358839511,224.4080112981556,252.72595428279035,250.8574419796752,265.16562051218926,276.1551195748059,271.24073132358194,281.3580308480352,282.0358477476123,274.89644794513646,282.3150844654751,289.56013303562395,257.30670136036,269.03877769929755,243.9630210352481,250.31997561051529,268.40020665865063,259.6472315100817,240.95650279758243,264.9081176221688,268.40110133357865,260.9303874210342,257.28372984993297,292.1540939528426,264.8824879043829,253.2758976268161,248.5646827721133,253.62388843241172,262.1923945179574,236.2991670162028,246.5726450876082,249.67221384216404,253.768976148242,258.3495957372804,263.43816773313847,247.40667018796023,230.4758935585708,181.9020082282439,168.3042738355937,166.96223945894434,162.7623589585671,168.68132970162188,158.4992661664769,161.59986823004624,153.92988928163456,155.5640161295927,166.84831719437966,169.26635695925356,163.44102837115926,161.28129717854,163.06742788560555,148.27286443471175,151.06995825702447,143.81243771745642,149.91190075705853,140.96305830963567,135.44647697190388,130.2277651009605,156.54723014365842,165.64016985313535,137.82299904472112,141.11855126301262,140.4975569137412,125.41415366261938,156.78982051498866,130.55923493850946,119.84429069917756,107.4399318799045,108.64357741701798,103.13228826554,106.47838447489916,105.94785754066136,97.24172483016562
447.40870949955024,458.6697725509719,421.772813700183,398.5881489194615,330.0551383780187,308.00436688085455,329.1240854695697,338.4178163079329,318.938372434563,309.43474169135936,304.1774968710609,303.78695117258206,308.6724173338497,311.55195840304447,286.1925485533516,285.757528983812,299.1422724720245,271.395942476755,283.8357247139245,274.67769032150835,290.62687843863773,289.3118160419372,280.84456100927724,254.66793516931307,262.1273853764881,253.6736393770798,252.29659547042027,252.92567230834575,243.4958570022773,247.0799433196911,253.420843690033,247.6387954710536,235.8721839098555,242.38771514291733,246.7895803977648,262.9869022847837,277.90838603936817,267.27182748294524,285.91711417901314,293.9704133742739,313.19152515538025,317.14260591602164,369.9778605441899,396.87560630978186,413.7754446459009,467.9901201806653,529.0222257524074,530.951832501962,642.57827891621,675.8735523330828,699.9356503922061,726.0030677928305,748.7158385727615,785.9906809697162,867.4294552348977,934.299149970827,858.4721162016059,772.4158980088803,816.0770215149267,889.8770228358089,851.5515053458598,799.364151512557,846.1848477656981,868.5797315093515,864.8159073224259,821.1833442559343,828.2713929414532,890.6017012828257,889.4142211780535,864.6648286999437,853.1709844041667,865.3030271217417,820.22206134756,844.550804080288,855.2922541254034,866.1886069012166,867.3765183407558,841.5791112216011,911.652992390204,943.7933172410072,937.1024019062456,908.3736846664372,921.9025300303036,917.0529442991872,887.1821385947529,933.1210703840884,794.3652650631017,764.0220185489317,793.8698352767154,803.1728050988338,770.5154505240457,765.2107625576615,808.7494117383535,722.0279905817714,703.5139977209335,760.5068992328477,729.6071226841939,675.8334757137567,733.3647393377406,764.5161966818509,778.9888443180413,771.0052964993038,758.4957021111908,709.0383332705404,689.543654129727,714.8406073976015,757.1434577862427,760.3400794304857,764.957055097183,727.3810976972452,692.5969262110227,725.3658322189226,818.8808447424507,804.9349973847317,851.2768517281371,803.6222798787188,747.2360036005898,684.2658540227125,737.4868913458048,723.2132108022557,684.1600988947612,678.3364139413791,624.9611705922882,565.2225001296445,671.1636649884088,700.1192760879733,614.5182498776494,597.334881460356,625.9575126991399,668.6881485224394,645.1969859928128,606.73030732884,606.9569517622514,575.6191671787064,550.790829471736,558.7851297085634,548.0219299710875,569.5238619107926,517.7699828131587,548.828073204142,503.3297600103824
276.3218272788145,267.6161381528796,231.51488109503384,235.9344289212951,223.1653947262305,197.4625856113399,217.91987581140228,231.72734440401675,206.2099509727634,208.38783565639292,212.07288992255823,202.5502441097697,201.9866757393748,217.09815132344715,188.91906096085845,190.2494634321636,201.24868250635453,176.6014953585327,189.34644116948368,185.7376552383196,190.2307209927534,191.3017281845044,187.28051488063508,162.10452978104905,166.88624753616335,168.20182118363013,155.94338460178318,154.67503148367365,155.3152088473244,149.03969744282224,148.74443343959035,152.04663379202978,139.70570270449727,138.58235292585698,146.60111353231156,148.1330226416682,161.44251566663695,171.67507067690377,169.3508884823415,171.76528420063696,190.088947989996,188.72984752359991,215.12525573609997,241.4440029945437,243.0181524657659,282.9095906731702,320.5913287556622,326.9697621579523,366.8879427721346,404.0535477551389,381.48957330687193,401.0186703557599,424.7252813559144,441.0277607813518,477.34960693010834,529.1997563808566,466.71018393596177,420.2451282917356,417.7848230162971,413.71388672451263,430.715144547683,408.7217041617941,433.9171760761318,462.429159483394,461.2764864744394,428.90949152565366,421.5782425741536,469.8685100761312,477.8580925519434,460.3752370115948,441.4233783720722,442.165139750981,434.29896684980366,478.32367768261247,477.7351974545044,489.7828530369491,491.0735008551557,463.1992390000348,522.4195586509964,561.5156028031582,548.4924178287248,511.560574367168,465.3668601292931,506.4276834854759,518.145146174767,536.2589066209246,426.8465993210854,427.366619661032,447.51123837986006,433.3409393150338,442.63630673416856,434.3413821479374,458.332438675196,412.2483925612309,402.0054750520299,434.2434831990226,428.6509157981634,405.5019676218423,418.2621692294616,388.649512842639,410.6064822451708,422.5265623926911,426.7096950527765,426.3935063216917,410.7941250951805,416.4243179617594,445.8638288953896,456.8077532181168,449.6350136504871,424.2496056341048,410.45551158520703,435.04491657276,515.99577797288,526.8649999260408,524.3489016632143,472.4009091686253,435.7358869309285,364.4498550512532,392.6969076033656,399.062511025886,378.2842699058669,397.03867613534334,381.846291274591,347.88512333475995,424.1646468579389,462.969114240304,383.16880712590137,382.542447405569,419.1355550149036,422.5258029391469,402.1172826059189,372.5476455942124,341.5946958563831,338.2256908630656,356.7897368253762,362.7503002668021,363.34230165997377,352.1620078953523,321.2073801695076,320.256903790863,312.2696026794782
256.485877939471,265.5415652292424,246.4134381930828,237.6069866339352,212.9056361517594,191.9626414471396,235.98009564887727,216.76809558551489,203.2300979329304,205.11169464816,190.8586872987145,177.17259068983077,166.10605663687014,168.6613926748648,160.48514418343163,158.83442162193393,155.07230973552447,154.14836227808175,154.18509253813332,146.82103818686704,149.62436676813297,148.70790735664784,139.91846196879658,137.05132731238473,135.06706379273007,130.5504607379237,127.77558553965612,131.0787096141235,124.77960708915523,124.32192255289915,118.5026452607533,123.36751609759652,149.52081746916303,133.3598438358009,127.75332673876729,126.9236247612222,133.4727897583194,134.79268042942317,138.98132056166804,136.8852749208175,154.49432022262306,162.52360135480035,171.4901515996796,182.10570484766268,192.25436663228808,239.90960993502043,265.12608008165563,299.69341292329904,310.44509249328206,354.3872181078046,348.9318386267522,347.91738707822134,364.29846340634737,392.4971507496181,457.5701710009179,479.7972758910498,464.851973038512,450.6298081254817,497.74172387078727,538.4357600191961,524.7237293624571,491.38524604417466,501.0097541553692,496.9054264556023,506.9353898122448,483.8375918659443,494.7377958432881,535.4942072050749,524.4791352334281,507.91600465335387,509.7964631094112,479.2887576024708,468.1857455023952,482.39527979518607,525.0985435478625,529.7693660043949,547.1782773738138,535.6165239887375,526.9242694472392,545.2969897610845,572.6786005327633,594.3032726476455,563.5063481748122,547.5259297229674,528.7110078691096,547.384195628544,512.223813346538,529.197508901976,536.3874037323454,501.9793991608748,507.5129625880993,499.1075119113508,513.2499510535777,481.3856040602624,462.27058160740864,452.288478189826,460.0462168756091,444.4346895259716,418.5919599303807,392.0612473660887,408.7583440167207,418.1238527097341,471.8444331228152,464.11476387381896,436.5692134612402,452.0236184397469,462.8997099557803,466.79568545766415,483.2372808994599,468.5051571185383,466.1931478527388,457.03855016606576,465.33894390760304,433.57869929223386,444.1307769668378,463.3165580460462,458.1172785139734,432.8148170191045,456.832667013914,474.4658118825742,419.091125047707,456.0946389088934,425.2752267635923,440.5360722415546,454.8986228420976,482.3838423450639,441.4981173980212,435.8786284666591,474.955922716975,429.3131478129587,395.4152669912425,437.7392070875006,412.18730444528296,408.5029742661076,408.56073501765263,398.7265559352038,381.4410675780471,364.21186311602094,352.32589636559834,361.81041671173966,347.3924276728448
531.7033562034387,524.1224318416462,523.9485163250957,520.6137478160771,501.4257686020241,444.05863996653886,464.6706740665984,409.5281053807551,397.7834349267732,386.4002071769132,350.2579448969545,334.76585976617423,329.25437541200205,306.8545722616089,307.7343152984253,307.4961439053842,290.28437603386016,294.24089255630264,287.2385879609575,275.14620605797467,274.8084145634078,279.38472580111244,258.4268454638937,252.56772096656087,249.4550587538821,241.2661258788864,232.46776637072583,247.65073562956087,240.69664730608253,239.36430093756317,237.5790374454431,242.62220193083368,271.1851412555777,244.81018301739297,243.16019989811028,236.47998769272309,253.3938077328361,253.36368882729445,253.2102378152431,263.0911245432483,285.024047935224,312.4747925575892,320.24532791494966,326.19197396657694,371.3379688807711,464.9244053511988,540.9252242115036,629.5492372324545,649.1224456022657,699.5238182446079,782.5500508740224,777.7179799086432,748.2029250748941,859.5386262767774,905.3069001612298,905.4262996882654,891.5775391715202,885.1668143724274,915.175454045026,1046.7652392697323,1032.316698862281,975.7367334267024,925.4146570569928,885.9426752578609,893.3242007494671,940.9094588347328,901.5065304012892,920.5216583521062,912.2800936704896,989.2064915272928,1005.8138467142868,930.9846228379636,872.2965395934493,866.0708663077841,901.4802772396368,926.313166011446,921.242237665234,975.2810002171713,949.7437424723214,1037.5712580863783,1109.6233441682798,1160.5528593747729,1232.2254658318934,1119.2950498364296,990.8043759110456,992.8611892639974,967.9469997156934,1049.307034571936,1161.713430995149,1010.3962309555365,1014.8028114790748,973.5837600732837,937.3938280204328,1009.9709162437044,996.455010826897,945.77669514716,948.8293025970958,943.4268592022096,946.3283729182248,933.8455737263214,920.335189936858,881.630384050908,933.5974389485924,942.1130913242554,847.8194483666882,898.9218229588986,842.8415711673549,978.3792106370576,1004.4179588324364,1019.089491317863,954.9522652833588,918.2080931323828,912.3048496139568,882.6037107097774,928.6681339580974,975.9829571348604,945.1661740164226,904.1918037718812,918.7507270587704,906.4162808731866,853.0969607898571,891.0663547111075,849.0800530356679,904.5650308357864,874.5181894510391,865.6655114486747,826.893559486292,801.716448832607,816.216891807451,711.805033251763,680.2455953217309,757.658069038655,812.3088110686422,735.5461756132288,737.2132427549465,725.7840820568825,687.5586395844388,749.9152024394284,699.2267668187116,669.1731502981321,673.9488556284938
557.1015838297238,532.5954551820606,537.0345760049635,493.34026035002665,485.5220813472305,469.5187937215887,457.1079492826063,420.5912564407289,422.9063544905415,402.6342313384108,391.8888252762268,388.498929841385,390.37499418063913,358.02484312585256,357.9708185976196,347.352933485076,347.2339373414829,357.41556349936667,338.4148702994021,332.9978446011835,325.0997211528666,341.3178866906077,309.53666009044514,299.7254392719682,285.19696258912137,272.1338713067533,269.77010845457846,280.79319544108296,266.56447230069034,260.32113696366184,282.7820766132004,275.36679913705274,272.49096399851135,272.6874261061666,269.33082142371364,262.54005315832666,277.2981936859145,280.66791518739853,277.0405223092244,299.0359103723672,314.32596520301644,338.396492856036,375.2640881446289,406.08599100075327,430.3855995334359,497.0471791372395,583.5379907271094,658.4791046029834,692.3883441953352,743.081768207341,814.3929968696103,824.8242808572068,794.4149843505804,801.3230537541277,911.9642897579322,973.4035036274472,1051.3696509470274,1094.5486154412542,1105.6021169188105,1011.3454576957942,1012.7939241594044,1086.6230817233763,1120.9790709218817,1063.3989343643775,1039.204130854819,1127.228024109342,1081.529013505497,1077.809736489815,1074.112988830752,1067.2831986321394,1096.3158358784383,1075.153286011797,1046.7106087043385,1041.577607180458,1005.1225405706136,1060.66100174085,1039.7490861837118,1078.5810687290325,1062.5182806427435,1078.3127583063126,1187.487642369403,1138.1452370809563,1109.5415292888326,1089.4056883166618,1018.7446795241384,1039.4387319675568,1009.7833223590624,1123.967530194895,1127.791837489637,1036.9420986399502,1086.2854954414072,1092.1058632491813,1038.5802346332391,1120.907419534399,1095.899260039074,1143.0972852587795,1084.860312489851,1025.5461568836697,969.7487488875566,905.1779838339407,878.1498637354159,874.407711338322,855.8967233750038,859.864742050881,869.4164134395295,894.835685412396,854.204423728352,958.9153791155884,930.8704601156415,982.4052223161844,961.9597340394376,913.1121361598694,897.3543119047097,923.3383862686682,948.2886935836858,922.9432279737692,907.3599186182396,912.9510146043629,902.9249388385514,865.7601968738293,855.768201448901,888.3417089147608,884.2725637855659,919.5839840053886,942.7436454366764,905.4106290816392,904.0606379720534,922.3697673487266,873.9357741305404,784.7794866294923,784.7943504088055,812.5736653390978,772.065501858598,775.2956301843489,746.6076318852014,781.966567119424,787.6419369788447,828.766737271361,830.0236176623918,761.9975670229203,711.8462244796787
628.1434360061178,591.5274108893273,641.4288015146334,624.9322865940804,646.526540353724,551.7035007076504,500.7917932032482,507.265541373228,488.1072051199912,442.451639015702,444.2126270995026,427.4630655106748,412.4441529203212,415.5676271680271,401.1080288124192,394.3980605768989,406.8830390290959,445.9851807699652,416.44309727665376,399.2024134225418,362.34089800538,351.36172486664185,337.4042418327633,329.51708337388834,328.7410019742026,320.44164707864246,334.5024235179929,352.1679654696962,328.6689070085967,308.8288750704322,348.9752771338112,351.1533348843835,330.83317500010173,329.2027393391695,326.80972352339893,327.93093612040354,339.31545522734524,334.5634882817491,333.91466834663925,354.0650032269608,362.415274970789,399.26123103706817,458.9373859896776,536.3381673243688,546.0586242799681,614.6077410728353,783.0120733749825,968.303732291942,859.6034075756071,890.7745902874307,1032.4416699713752,1003.3378321450052,990.6742954941376,964.8854815875,1066.8387836754446,1118.9438229542498,1198.70630785717,1191.0961342064625,1188.5930599299186,1075.9926544699292,1094.0193347627917,1088.436016758031,1234.5948019741484,1163.255361182225,1082.971350633869,1114.0493340938733,1140.427436055723,1101.44669698067,1173.808925531005,1098.057650636086,1160.217917940371,1167.9104699147722,1194.7722075063436,1122.4242989927643,1016.1092294118146,1084.2214037885055,1090.5399945963084,1079.544036118677,1159.179736725369,1166.4108202158357,1231.909584341115,1138.3762946627924,1088.1936186848766,1070.302221823087,1083.8374399955317,1110.620744367111,1055.7364355275638,1084.1709781453071,1040.044919249316,998.000859538776,1024.9395367274349,1086.8298068639865,1066.5251512741747,1119.017154886789,1101.7277599265112,1038.6551820036789,1010.7852855812504,1030.218249281677,1085.8494378779635,1004.9562514772516,893.0975452913985,931.372918518955,872.507967290707,880.2200742542217,1040.687871285794,963.7837592566008,952.769291789941,975.8676593718504,906.8938706567156,850.282042361145,858.5666109375063,871.0853250835172,897.2698972923743,952.2570484745744,948.7242356691228,960.45202545963,986.7407291381654,1022.789032253429,986.40159127533,953.474821079455,916.5710345616192,969.8833179574784,939.2210455466134,998.7891604353704,1012.165264033467,1003.292572541053,1035.6106808984157,996.1902719634742,1018.103196392157,898.0039223542104,890.5316499240945,901.5106628637002,865.2243277854558,985.5358711223272,855.164490601162,867.0331208852291,831.4690128566117,865.4379473850781,890.133935436698,968.1036156886614,931.3788191633045
507.90043471640456,451.3492252005491,439.9467071143179,512.5666492497506,459.42944399365297,426.4743240559688,414.3973304220286,439.07490853380193,428.878778036349,381.2548381553207,345.2832109652695,331.16684014403245,334.45505329230855,340.8750396456918,322.9971479121462,327.15799746725594,359.52039603261,360.2888303652172,329.9771092885413,312.186961601097,275.95619347052013,296.80385067803155,297.228448557475,291.4783958687055,292.2170627311113,269.39347115884954,320.9744995214767,393.6755297679086,402.4909972802142,359.5797280542906,405.8133082116824,444.0483719766245,379.09590039491286,381.6751290595048,355.02501371636964,337.49884534942794,361.515450293033,347.76192616232134,353.1629342859526,357.2138886515203,366.234977925376,418.3390536754456,434.1630771132917,463.6757531881623,507.7238402753472,617.7717528142786,870.7962656395772,756.1055309074131,678.3997691254488,779.5951988201487,853.3254897777471,862.5574725895577,866.3147086740815,860.5939968874352,878.8159269513619,887.3806689629613,950.3630830521624,891.8893736217348,797.9886022760841,804.5655726457774,770.776222319467,772.6952401750292,755.0108107493329,803.339988320928,873.7916484740308,821.9162513505455,849.1130915607287,790.3932393102982,859.7341776464792,799.4444434792988,784.1187960644393,796.9819213098453,837.0528845314585,901.3721059079722,889.0442553487654,934.9552988452642,898.7821736167286,875.1430204217609,850.9715288710365,946.224359590706,1143.9430935575708,985.611682844222,896.2046205534997,847.5908510775394,921.5624178385386,920.1642912548608,815.9341610728379,818.5058202843115,771.8966464724748,746.3161184277832,777.6559938062229,966.7655722156632,884.3343896215086,942.9155462723857,905.4207605368788,894.4082719506658,848.3474353287378,919.2552806854978,968.6004537393452,1149.0184543281607,876.4798626029883,827.1213905379851,828.809996972587,791.9849189986361,802.1739887784103,818.7930909932653,789.0911528673295,862.5062169383367,938.7143834473302,826.6924438938346,840.2540448838531,875.2749964199907,873.5189107219813,915.9848191050132,901.6906949410655,829.5014614928364,828.287107641987,840.2397852666942,827.2142304084182,821.5549921400349,925.5118879001652,952.4749155498132,916.852207471736,944.636523949438,997.8846607390498,929.5330392416316,860.1914686577467,833.3274466602938,887.2436580456836,766.3083975351653,805.8157152162493,854.9002890279512,905.6774969321564,1203.1917430549768,937.1914562116948,911.1146672806232,835.5057230580333,781.860487512097,766.0134460013189,776.4808405825031,761.2815723815919
378.85572268653385,353.12583273481647,326.5101390196884,349.1206047330915,325.83618534672394,303.2324269053724,323.82944596519604,300.36037633753403,279.578335389699,258.4120288167711,239.55310770157928,222.8585911139194,228.31823787566955,233.5471525264656,237.7099654507955,238.20571936325777,249.87939774942848,256.4281659074877,230.37610953780404,225.9650539393077,203.64673999372985,213.26975588482665,203.41518883799176,201.2851692113936,205.86191998874008,208.84469605225368,225.6722534056612,252.33415567657912,246.6116771303644,224.10575335863533,290.844792426564,287.0829601275799,247.07236339538025,247.85766918520304,236.99426359634768,248.43920544274675,259.5491394116963,249.8608217327123,253.99467783582605,262.9348181821406,261.00369184834454,285.16207159836523,301.26627305017155,326.47141982280226,367.61845356692487,443.1577505644485,581.3561502597721,512.5950001304634,478.4511677902818,581.8160544174023,617.2607391114343,681.3400381927515,696.4750930941331,728.3931858172601,777.142806143079,837.966434688505,905.5525690754288,944.517496024722,891.89363437162,894.1776128758823,865.4190047143634,853.8381976020354,843.1952072894081,945.2336633601132,979.552252725818,951.541884872561,984.9928932104182,926.0751674137626,967.388665667404,901.5202449409766,911.2469457770376,941.1577137558526,986.4506440180204,1077.044075184565,1013.4459539369452,1094.2056246059624,1100.6179230301632,1083.279850315692,1062.7290697075048,1075.5621799123303,1119.4094873926367,1033.29327228573,1048.0641265174131,1020.616474868626,1103.9846812194503,1046.1480649354885,950.4398541515308,914.2497502092308,854.1488913199951,825.1519719186865,928.1640081170488,998.2998429999966,913.5792483106396,934.6333476002376,940.4993561859771,903.7388676697932,867.5962140214698,901.5056185393638,930.794181378784,960.004045087106,831.0410709800469,801.6710696420228,863.120914865726,847.3912609428522,842.1534590085859,821.355099265354,778.0328057567457,800.1804549676232,857.2707235448045,846.2114697378026,827.9483637977056,874.9915229017618,850.3281249992554,835.0953092502431,838.7449223873649,789.2442403857704,776.0397969956508,780.9368775692581,739.3134848528636,733.1707169323377,742.291451609158,742.3224238384545,713.7166294720669,780.4691359390886,844.0868080606781,768.6027630905493,669.0706274379361,638.7517457161911,646.1362771887253,565.2765928907738,591.4496251721345,600.457709897695,627.9716202046195,740.3829925506777,636.2234487435436,607.7973833384942,587.7449038986252,577.2712564020771,541.0857959407807,550.9987701174656,558.226481816033
408.6755917107701,449.7349039533637,387.91263350827046,380.570067958612,351.19817670519603,300.1086381944691,314.59803414359817,283.99399926599614,277.4339317989001,252.89266063214015,247.37894983503,243.6444148863326,231.26459799614327,228.22336428693495,252.72928178387,237.1512557488448,232.7022736230876,252.44167782220555,240.76568984488816,254.6706690207982,236.7364366175349,236.70052744168285,232.5140666388276,231.1144565007466,236.324443199951,257.2288583659842,256.18600628035176,257.6183805758049,247.0259991230685,223.9834678375829,239.46737175589956,234.3003793673871,226.40723895582929,238.72629176918505,227.55204508262665,255.2134165298502,265.7191354731179,254.24329230087028,260.93687618919733,285.65138448734,290.17206511099766,302.3321269661181,314.39004642652804,339.0450770482793,387.3585060143682,414.4045112358139,440.9393144259626,462.848225348327,530.308883876612,695.8491657001855,778.6273483623771,999.100631752786,976.5246311176562,979.2285828541924,1018.0593852061633,1114.778800317608,1150.2419165134693,1273.087570993153,1203.2619409420129,1209.1149440873144,1171.6823456069294,1189.6338041709537,1261.1617763306574,1370.4154638587563,1369.221307286016,1368.70962965413,1397.8173200381543,1508.9069887597252,1506.9027283716894,1351.8362150731427,1331.0149062658645,1336.4158191630468,1361.7199515201153,1385.8695401041714,1330.1190166061708,1401.5503338156934,1362.8597410657633,1405.0154814340858,1458.746870163493,1561.546861499896,1497.109760001231,1353.6112943959724,1352.7789595715387,1294.8221744106554,1348.294178613187,1273.091370974181,1267.9804826843629,1268.2605535423534,1210.759184358594,1197.1169817714606,1274.0238595081714,1355.3238342649513,1293.2960600206488,1247.9134096051623,1288.2710772703017,1328.148515083201,1183.1972709681634,1119.395436620341,1254.6276439284484,1224.7829480361515,1123.0171709099654,1106.5997519375082,1220.2852722733362,1156.5837233514026,1157.644718522461,1183.3410202968903,1087.1216997477636,1064.2819944401797,1096.41740463459,1094.2802233873706,1064.6601793654047,1052.3798083104348,990.2266657389016,911.674232185914,903.669515166402,863.5407098700346,844.0436088864149,832.5761866835528,769.0549873754206,753.240857113529,741.318145274401,698.5211163966325,733.8649705057865,765.1014392224309,779.0400547524973,771.7929336900485,682.2986766803524,667.6295124106365,612.4752200688116,556.1980751886795,526.0728181455112,531.8252082615215,577.0481279303848,571.6115584067771,611.6208390451077,613.4110929168684,538.6143641951417,568.39976244403,458.8514427276208,458.4005424471836,456.6356046771036
479.3466781037279,436.63221587305696,389.900401810278,367.751649225956,364.90031757332406,326.988944074348,356.758014542424,341.5455276576848,303.9069730191095,299.2464547001329,290.0425036772892,279.1038652511516,283.26083084947373,276.421237302528,286.0262487646245,290.94337285780006,280.77219813252015,272.856699560352,276.54104178587966,272.00712048646534,259.81230843614753,256.1280244496716,260.1731780695997,250.81070859849936,257.16765309873574,258.501953940163,247.73873732481144,253.2787387736367,255.13644526664632,243.68466670661493,265.34889841136123,255.32120859816357,257.8923818546673,271.6918972585688,259.9598418327007,263.9024155651599,284.0780551511092,274.8314024384573,292.0459044949853,307.6308532750725,329.15022240988964,338.1625546282919,351.1430349454959,361.6732130306025,410.6740381545919,441.5851416468745,472.018258685914,533.0731943699612,593.3063458190048,748.1628208214793,878.0753629232119,937.447187939106,1031.7413031608392,1121.5363073956853,1190.1196480043575,1253.7120803741543,1262.8193999972314,1329.5892238374993,1384.2801302575672,1473.794035277967,1425.782859821334,1473.525218616745,1486.4605954709862,1527.7232663404698,1477.99290587815,1578.645428872142,1852.3638854222845,1648.7615841437494,1681.317030036192,1565.880303950911,1563.9599612813456,1542.4509263079522,1702.2735610517595,1705.3983529427414,1641.4207054921153,1604.4020706116223,1605.5106090054742,1660.7519289588313,1671.9180478170977,1678.575875643994,1658.0213673056592,1547.3950324284474,1582.2280136772956,1453.150989380562,1470.2604665981655,1504.2362508411725,1485.5900389255837,1540.367498270942,1470.5564004687346,1419.0461176769272,1441.4577995796126,1545.4570328397303,1772.7325932186272,1808.7118985860404,1635.429442608607,1580.129865219952,1456.8433290222931,1448.9541505253062,1480.802626498461,1523.8307414013843,1396.2532840583156,1377.9142452469555,1402.369733855976,1405.3690695249409,1344.0673353576783,1390.9283542189253,1370.8183737562167,1296.063141856754,1346.4057607134523,1254.9496465392915,1215.115542414943,1197.7992784130834,1263.3485540033728,1149.394650708628,1168.060163406573,1018.0026002084423,954.618267407782,1012.2156163644682,936.4580899939618,838.7578582348656,807.8562142737863,780.898470771338,781.2122211709963,762.8919429107589,697.9848156366539,888.5367376400073,759.8528238889277,701.8691302123078,651.8448449348501,646.1238928067287,611.8519811162779,620.4750154437645,618.2288545914098,628.2495886032668,695.7577679041909,685.095816823953,681.0488992357625,704.3913204134378,596.9211566265324,514.5700932938514,486.17243621864094
413.7705151980773,401.3344909909606,360.5396199407248,333.988136920445,333.26628695648765,306.71180027031994,331.3898988299412,322.7604038816719,295.17818770616793,286.74384502864905,266.6334842009635,247.0383315310671,253.0402096572132,251.08653953698064,257.4132639100231,252.0868065849716,245.62286801447885,249.8766040954614,256.65411020379884,244.49869677736112,233.6870160206294,228.16228156063005,240.08490303577656,223.52998185788692,237.8209765356393,236.6144124031181,221.42675794884028,232.0336087778675,226.14527965071176,218.92665377725135,237.8367007521477,227.3515689885047,239.45154453340115,256.1562420050666,236.61959817910568,256.0836414704067,277.6259667723004,262.4225571043542,282.25644221584685,314.6625374755852,323.8349457851448,344.6449101305465,369.460357633646,378.0316010885815,452.3022156298212,543.5039057971112,589.509849720257,775.1547983719172,805.8323688590132,888.830157403966,972.1582623866112,1042.749431166156,1126.826849978599,1223.6528748517292,1402.0126436842822,1388.1264165444684,1390.445983039761,1369.59977350305,1449.1809256515576,1465.6723889063692,1487.729423156669,1548.837936220862,1563.7741392413077,1596.2942480261247,1659.200591129988,1651.7902245178857,1723.1309983697763,1577.041385591249,1581.509378542428,1642.2028643080398,1653.9153097203032,1609.943834115858,1709.5638092308598,1706.3913034534835,1729.91892935789,1885.4996897800568,1818.1599612637087,1716.7173509077952,1726.77055837922,1738.067264889362,1779.0946143007689,1741.5017376775168,1725.1322104456692,1597.1260519550456,1560.9261836101527,1587.1763214119278,1667.8110369653114,1697.5818243316949,1587.0801827048126,1528.539628361277,1477.8409820424365,1440.1746495996292,1514.7809649826809,1587.6740617164191,1569.8369160858117,1527.821738484623,1526.4027389006935,1520.4140627873296,1506.557062551524,1490.7628974261231,1366.133432175828,1349.2060198578724,1318.6183855121787,1325.4475537119606,1291.4850808640851,1373.8839706796332,1283.842635639506,1236.8685463594486,1253.3077494851582,1265.2076272175343,1180.96122669107,1157.9446566564282,1181.0109186135269,1094.6469886866505,1266.3198749826026,1009.3408678191222,925.5979246692513,854.861576950274,829.0403162109718,806.321343441236,724.943185821903,716.8655315183389,775.2603554275989,806.0230886771571,764.5279211851325,784.3018058609321,690.7815445818834,617.7946584182898,630.3741229718433,645.0968559190464,647.7552792907245,671.6563416610909,616.2269319847167,578.4737922115656,616.9106557884386,638.1997338030891,631.0865898034193,627.9993349073574,559.3194897949497,524.8246066964214,518.6536755472004
540.7328504127496,554.8299703040709,528.147893847505,456.5204081739423,433.8717732551992,370.6971792602278,411.0938347506991,436.6803973091737,434.7594318798324,421.63727093087687,386.68853555971776,343.0440028904866,329.2219868473619,324.22306523386203,332.7792388024357,310.24114946512503,291.73382980151075,302.9260236400326,302.04513140596634,291.6902465893159,295.6355955154532,293.579846773815,273.00352630350403,264.18346967773016,305.00892017193263,290.3591637779344,297.09753409876146,287.52090751964226,268.51645102063367,267.6993586347677,286.85952835021686,261.993573371648,282.21050390219443,285.16624520177686,271.9406989740788,321.9944694685664,325.8236026772894,316.9326340722756,349.19602610895384,365.9825493511678,385.687231059638,446.9576156935343,496.968662047136,526.7046126825976,604.3893803727665,768.2315479589467,852.402964392697,1155.0331952074564,1281.8052953351787,1387.1167156664787,1403.550598627828,1477.7113325291523,1559.893676839311,1799.793898544422,2011.231887018112,2056.4508911031958,2070.77059122677,2055.3175575155647,2159.7285338194188,2226.110321689416,2357.253382680517,2358.1505146308878,2443.6265797008687,2452.781856469672,2692.475141853284,2560.7929353717545,2615.4466544128386,2536.836288378886,2609.9164161477192,2704.239916282011,2701.9769777149418,2637.481311633041,2631.6397753731603,2584.3104232261885,2737.2567014400865,2857.7930431007358,2764.4279100422336,2594.042593055723,2486.4031646433605,2474.600137902483,2625.9302227674866,2632.315757256367,2487.9971747707527,2304.263121881173,2376.482121665056,2294.2097206591466,2373.460329091273,2306.7732517116438,2205.9788970700806,2303.427715230087,2224.9141326324225,2255.8354735113926,2359.3398551366267,2431.813806258321,2341.9167286798915,2306.7087110091534,2334.8658659317653,2329.619990247739,2243.8757034426594,2391.2415979765187,2131.5927630010992,2052.742135870425,1953.397885553256,2035.1904045867152,1916.229034020226,1996.1014304200785,1830.8276789875204,1722.6277852175112,1757.409424919411,1700.5039018430864,1625.4261885342926,1554.0960480203073,1435.6936784886989,1269.3375671120723,1325.1295807811505,1259.7277302830337,1156.1334493720176,1084.8444167659216,1013.0588162018158,1049.1736705360645,1005.235815928016,992.6290525379684,1028.2131225185822,977.3766960001824,986.9721578790312,924.1468203850512,870.6389140343824,788.6985695871248,813.4423792372182,802.4532755001638,819.7566071924035,779.1484382712913,746.251441924476,737.7990914732078,723.8442094050324,760.7133738235573,775.6507384794521,875.3817575813401,898.0656741820875,736.0332751366632,737.9420704938116
471.4604692861827,462.1211007010028,473.78365070762186,363.9615406150808,391.8124322057711,306.1446076238323,297.7815376880153,290.86566934936195,273.1260725880933,284.2375845956005,250.2931514379178,245.79218177346564,241.2393665419406,223.41104859129257,258.3692667756288,235.62567582433465,206.2448905027067,220.14289762536856,222.5808693137349,212.52148473700527,228.0196234457204,215.3023195084116,206.09368594766036,219.9088478681385,232.9900428835336,205.9970612628765,217.61630753779735,203.31959402551095,208.51116000325055,217.1916305543164,219.31855955040305,204.06646788924184,219.71524304896263,218.31433597858955,217.9892626580295,239.0419252706305,229.98010211352525,222.90571365542093,265.131941409636,302.25019384310605,318.9697979127718,346.0518173299347,440.46956680222166,496.651611843632,544.7131798346745,643.3420216242628,748.1578293506044,949.5506727243614,1122.0537150966231,1249.024373349391,1235.926662979692,1306.1870960379283,1387.1350885299155,1725.1720828357436,1710.4406850775586,1760.9561830307464,1753.0596289138934,1713.3620997478856,1705.0894531834765,1787.1445329532617,1807.0035135083497,1769.676037363054,1844.1787542916468,1846.8203620765537,1999.2270455268404,1971.164583756488,1882.9210508404733,1786.408454327743,1828.6520688597975,1819.5013332691328,1780.2147429887266,1735.5718734610512,1675.7883609252087,1647.6112330927797,1698.632020156572,1654.637356256792,1688.7836319644878,1672.8848233187286,1630.507171859464,1692.1320689198667,1822.522829310843,1831.945800152268,1735.457038454517,1514.4135927958564,1627.948101301166,1503.3503137405778,1449.0306068598204,1380.692450908191,1359.9425130521186,1459.5517023274238,1447.3078315840069,1422.9009818273591,1435.9151278652294,1411.8876252044424,1389.5179251133825,1480.724011142804,1427.9305366224814,1423.4227834332708,1381.4409740003096,1375.6510807168463,1258.249062381463,1238.6108990478108,1255.3688559507664,1266.0137887400006,1191.1219983721846,1278.4723171599012,1280.475748321994,1242.019720746314,1184.4564552720956,1061.2205890865544,1167.9593927826015,1008.1000891819536,1035.654970346783,961.9207153805694,999.780447522474,1136.6182277463515,1125.5024509744285,1002.4094104389094,926.8847153703312,933.6487378330706,865.0907126576544,805.154450109659,776.4879835423966,798.4220789841994,761.3534955506522,677.8708240957386,620.2933764753847,610.9562526236265,616.5245604907501,601.8369894768255,614.2552499897862,576.7230472460747,528.9813206790011,542.902214582853,594.0865866394647,613.5519434260585,566.8007790280263,654.8505223737129,754.1452461154475,591.4658691628641,609.7530292600401
57.29380712145248,59.66966803243502,55.24407209971632,54.58273191009012,55.54569972322986,45.148927649052034,39.58588393134583,40.03307384872238,38.11720955365181,39.74535741228721,38.595271406288376,36.57881232396376,37.21238356628704,36.01457481845065,56.347491967204896,45.73949617472718,37.73173350686872,35.1827384522432,34.69746987340828,36.23134415945693,39.36713501300794,37.36211306462175,36.75335199381629,44.25296383447373,40.09947390274072,41.243941915125006,35.66168065028792,31.35030436032096,35.92116570756576,38.66426774379132,40.01810327594301,40.33788862740406,35.17939784226278,40.438326759740455,42.00920000721503,37.70291556998356,42.18558046590498,42.31973834760155,44.6214139774628,55.52993545425755,64.23068614084099,72.08716504903462,82.11599585979475,103.89420553174875,127.67150349819926,143.03869996197204,163.30077724550787,197.96513135231828,249.7408636702949,283.65155024829977,297.755961012105,301.2893565840343,343.99835571400206,392.5278922775884,410.28391506273925,423.88391857580194,441.3669317746814,407.3264940298223,411.5326848570389,464.7724716271378,461.11933132845184,486.9109829871666,493.09637041297,502.88136186161313,510.4165983097848,533.924524212755,558.4945016886087,551.1627739943843,534.948865555534,526.2042723075922,529.0675612008546,494.1071189388824,490.94917325181234,472.9804224644255,481.8426144094266,461.9203075149362,451.9271217899861,495.4762151666752,494.6818000976616,466.28792983734166,488.3435784091278,437.84595578351497,461.29701065863446,457.7288777861579,469.9845777745053,443.6937642926004,430.413358405886,410.12291706715615,387.2360593988403,419.7898913312987,430.6312838362696,398.5436561431433,362.9290124698461,373.034188115651,340.8838642780217,347.4966246643236,343.22072755477063,363.4533093987609,354.2607742966152,336.1203187780106,303.3418494516403,304.0031612510209,326.68492116509,331.7501910168515,334.8353124139235,297.41498046590334,285.6786138978824,279.0994721086288,273.7132906377553,256.4282912704669,236.77626216224257,204.82785840642168,206.03557266495775,193.9707002072473,205.11688894892117,194.23183822833124,211.43928434277075,189.09835162350797,174.2301497090731,168.9710850075082,159.06587619652868,149.7489668239349,160.67248451228977,138.20294695613188,145.40262779455836,134.5240703803354,123.0629899499048,131.7019488699502,127.1171337174918,112.9818702239716,120.57238027810968,105.18259016424626,89.77684155641894,91.73175561794656,92.1009120844366,99.28544958056496,95.71643956733274,87.43333362644842,82.7776230747414,72.38130791360182,74.29632763511758
66.03917023061979,73.65287568082701,63.37392582951632,68.13303750124794,61.56919704600411,43.64814014339218,40.03823728539805,44.11272783661302,37.5792913587548,38.03041544985228,52.23973587631608,48.01420837909519,43.91536402708656,42.175394464904016,65.69632795199949,65.81802874246435,51.22788305869398,37.28186684684486,36.24029806307885,32.11892657738131,27.98030467986533,31.292673910628924,31.979751262950515,27.827663444913725,30.44916360092797,30.026870519149625,32.12419746981718,31.3246238020548,52.49566297757631,50.25695517710983,42.15232563285095,39.11788562332865,31.896569641427977,33.92997690941447,43.13196927855886,39.48647823226304,38.26382697838628,42.13357082665246,37.07679217851304,54.214452493229,72.61640916536413,69.77971150112707,63.425176281314265,78.05088999397684,94.4249146545534,113.46789727500052,127.48098420485948,146.3168990523523,172.1820998060613,205.68946915731547,233.87647211784736,227.4438697081945,275.7447827977237,318.6710133525739,341.8591240319593,366.2062687991596,410.7185414651124,410.8162054093873,419.9573889149647,446.2971409091952,492.1892175596655,517.9206204144684,509.7657671014031,556.4733733278377,547.2409384755894,530.1315055718479,576.7887412476026,563.8102303957174,536.4412969182939,544.0794810715767,555.5363957517962,527.6099317361954,525.1266229120936,506.3937800745737,500.0484009762688,485.9855175463597,468.5629632881339,444.3841409573404,429.2471886551842,417.78925081935535,412.7076754031425,361.4068071945953,375.67577615449017,373.6541956899357,362.9154444686049,340.9224105906897,346.3392063061773,339.53265634903494,329.16606263573016,338.98163466150083,315.9434288243671,311.68579704274146,292.7383559263469,308.376996388105,298.16276060537524,332.2618034293722,309.37010995346805,324.1309644381222,275.3898162491959,266.9695196237166,254.3850173024757,257.6512293895749,289.6428351268335,258.12811490907575,240.53850337215377,239.3122685581345,240.3679119292329,214.5634952534513,220.7960461368263,204.3615844306966,188.2517649759462,192.4710714184022,200.1101518580553,177.70314060220565,185.9765426239946,175.12338002739074,171.9927046774311,169.283802357347,156.8535950196833,151.77827946200347,132.38375638920618,109.15463894249052,105.31305559761331,104.95550278699947,104.07667629824137,96.57936601781496,87.3996405452467,97.7537594108272,85.671337164432,71.69390295248786,88.79358517446536,84.87147845228723,74.44291864115053,81.40837450540072,81.4687856840902,75.69549174648436,75.15487814080612,67.5252924546359,65.69364444522802,67.37861644355529,63.280082502148936
112.59101291057544,101.34659532521748,85.9962116572358,87.31260542552147,80.03326002215371,70.05558389378213,77.96669904576147,72.83160638766985,63.47652179903989,62.02159160936641,69.696419147279,61.185543707627154,59.46946828066332,58.6247732281972,68.5139373546396,74.5252644900845,72.27585811414556,56.65396122058408,60.29922291197294,57.39918042945635,48.98959716323768,55.79573237913771,59.52699735669478,52.38246208433172,57.380764293995824,65.26692305408703,57.99964847452144,56.815390023661216,73.81949088048685,62.81369501489069,64.01720960026039,65.85017098733475,65.89039305189736,68.32505815041365,74.88865854170017,69.8718238042145,65.69157144095847,70.53149238371793,62.96149474634949,77.80423485818088,91.73525094579074,83.64735106050433,94.34153216392228,101.56462037803792,108.6080148079298,134.7283554928558,154.074747588256,170.48125725639554,190.06197057101176,206.00327377815825,243.739346870308,253.4693954536543,288.046176207732,307.5062287809998,306.61908914332975,308.6890099076128,332.1404963228544,349.3960074465605,332.67505711008465,350.5718121883638,365.95277068369904,366.5989395156717,360.813497180066,374.2515958689767,369.3245726398323,373.9704403782778,386.7217773754411,376.49461253567927,344.00650918490084,373.4402949989733,403.9788807002943,390.1821923983543,409.2859478207119,396.4920540825797,373.7426316382785,353.5922830398818,340.4139297427167,341.4092206617908,351.194552242662,369.2822123997029,360.91582943419024,355.9814035506405,384.9155196844934,406.87187454282406,354.103877889587,357.0823603807539,357.64790232232326,322.6710785850083,334.83724930076625,334.4314697508215,357.85801031097907,325.7809363512908,301.08868940956074,296.44206992566825,295.7966477701291,316.0526643801409,291.2816839570164,298.0113394431206,255.5232554875608,257.03638086325583,281.5902516899861,271.59420359320615,279.71811217605534,262.67548473949444,260.25487541832075,259.5927670261995,278.380619884054,278.398227444357,288.9124207123267,278.665439765463,269.7265189723811,281.4799639200367,300.0686475681981,276.5523102953157,333.1303056542718,318.9748573720919,294.6622908321906,283.1665511338603,268.08231992578834,260.8034194120792,258.2819189915806,248.0267611915341,236.40849442267947,315.45965600886984,249.967821844666,218.9373799542423,222.5181787968608,220.31779824475305,199.8907925971738,197.59727669859225,192.15346073602268,196.88410492118769,169.40469579405567,177.97779948133274,178.47376805229166,160.66858317656147,153.20712702191824,135.0413539720828,139.55624284041184,142.72534406943885,143.51727393725685
85.54743419743502,78.76014095241592,80.49282254790533,80.71296412298955,70.71363858452632,64.78687913930646,68.94543829655447,75.93622021613854,63.81068425016884,59.514377479389296,54.03381103825701,45.62183870043656,51.83345465770739,51.830503143905446,55.96132617112991,57.0240637320458,54.03889602920525,48.00921591469911,57.839129341758735,57.64092342724689,53.524841655357,58.3749490368589,51.511906222932375,51.45827660092062,52.175560975995324,54.76963291022993,46.168152326528464,51.12061158924548,52.387307225591805,50.69164590244152,55.64691015155765,62.675972790537855,66.94888326105479,81.08802983626283,74.07577966999165,68.30775934882794,65.8488612858904,61.69895234465355,55.51118148034076,71.15075558450225,75.55871895938506,74.24708530967857,86.92309325861379,86.55760709966322,92.27434061095686,113.47688111191717,127.30725011187856,133.02867539422934,152.64845860831508,154.92203538327,169.2873360967287,175.1522108664721,197.61389854519484,189.73509039178876,188.52088764684012,196.0662367100313,206.63471449554424,246.3653310226728,232.20474493080795,240.32338110041985,249.77140459659597,253.15602210189573,261.2296839160024,246.28274130367168,267.813046311917,255.66001851013075,258.15093120438485,254.2445778610894,226.2615871005346,238.32164462561445,276.4760839102027,258.7499864219076,296.94076009756384,260.02471047360393,230.57116402607377,214.67845393513463,209.2407621013052,216.17652901078455,235.8083162446342,225.12666820754765,243.11685061964693,248.55627358381707,242.0143658379336,230.42351972717157,216.4702517129653,282.0007437241685,267.7149846477505,235.78851040968,240.96917404062285,243.7997960008449,276.01295933227897,227.05006867373004,228.80422713116036,214.9505402472481,225.3174064414565,219.60245811003136,200.335217883884,216.1690319176905,202.9571547966016,209.3250812180584,243.64561324039812,228.57914474571723,240.83092035384016,230.86173157549217,231.31417272181795,216.86398852573635,209.19502130843028,232.68202126837556,233.7229852632152,227.8566635600668,229.86098370849103,245.6727525231607,243.88486983369884,220.87523686638653,249.43481152555592,222.1868502827014,216.5921779734633,193.318315329298,198.50092052346344,181.50417854199696,193.42215290824265,181.4318629245749,190.2781994667194,201.38833433654972,191.04892570085303,176.4145591305555,177.12621547922336,179.86319201730234,180.2700705260173,177.30288621676124,162.44734965350202,165.86744304188403,163.21751220239307,140.53170892243617,159.5098869350252,144.6465720500349,127.60422110597354,124.1580545252526,132.2986267321721,120.72019480717044,143.76132514144672
103.4754854860008,101.37564975647824,104.5555232557382,104.00709620004886,106.33025927477075,94.14400851462756,94.8819747802842,106.29628754139192,93.73100627395831,86.2372319741492,84.70196769680186,77.1407266827188,80.89690358937688,85.10512800424083,83.19798666693723,84.70123816394627,81.08923133149038,73.90646369712344,83.06684603567494,86.72687780271163,82.51552616091831,90.95957442362504,87.51088453260695,85.6429013761087,83.00632055689277,84.26524635411037,77.91393048573387,77.4212928293303,81.20953939660342,79.28769347378496,79.47947142894905,80.46866820857574,80.9490338188746,88.4748279309857,88.28408154455725,82.18738557604463,86.96373255621035,90.91012306579488,84.49810615817174,97.9159759890951,110.2779109789007,106.8188931878657,113.08996791490102,121.076281892234,129.68200606395763,145.5692388286096,167.41338562964185,168.29684372945584,190.31294878676923,205.301400660861,211.27188173146249,224.9830855494622,238.63653510909148,237.20280573250423,225.2703693707706,243.8270210307027,241.6459706475616,256.3206613772016,257.75289563648994,258.8616980302724,274.6657993594576,271.6916938026454,268.5057563711157,282.6192169482496,286.550785836908,283.63392402221007,275.26554401467695,275.2130937880052,257.5117794906104,265.0706770122064,280.3693947688739,255.88676292145064,283.18989998611227,263.69302222021054,247.83632506162155,246.76213032160496,243.8612050305381,246.535074010928,265.8975424763261,265.0542126733159,300.1286453884566,291.80698629595145,274.13237371451874,261.3173141544845,240.7539342038272,286.1932668487323,277.6118992530897,271.5791940186777,271.56013102794793,286.14675871108585,288.25815235569644,255.5877929302868,265.96058666108723,240.65398761223537,258.50051949863695,236.91792008985755,228.40711015325624,240.80076849899447,230.9516288932471,232.96948153253484,275.44074939900906,257.6552948748233,270.4132818949567,263.3613638545632,255.30320882472708,243.9105002581909,234.20046419869,244.84645186545865,252.9079832694692,246.4332550227108,225.60267629863617,226.6360994267293,232.4211995055142,225.9187165087048,232.6841588734229,218.62513231643248,225.6363822686108,217.62504974323983,218.04425130230248,199.72324450196265,199.03475470196807,192.97929807300017,198.02356906901107,206.65881074638295,194.54751774028148,189.27161133494104,179.39542421907652,183.0857769424843,187.09423253887115,189.3727654604194,179.6277394688866,174.82852295630187,172.85242326397633,147.68430428373384,161.63484466041805,151.82079949551272,136.32954743538727,145.38582275225772,151.64880461564434,141.42888186712543,150.9447432858375
105.09930572072966,108.46132769279934,106.4975359762628,107.1340297128684,119.86770385094904,104.71182412565352,95.13485470846528,100.68605408440158,94.88346015826768,87.7782805592868,97.66326426884828,85.90284068764134,81.54329813362959,92.82487473551056,87.10122955128605,86.66941666634744,92.00620529388532,89.06590698481823,89.74996897063338,98.99164926174625,92.66592616147996,95.038933101195,98.26963624446572,95.6563908748217,89.35421115597876,93.84349894082054,93.9643881596361,89.07945748050116,97.13017534706218,95.11066187558374,89.40514507647016,90.9167331926944,90.39302265218288,92.87344941316572,98.82701794944008,90.402711137892,92.51407209765304,110.15351990220591,102.0134166186437,107.72982518490774,119.07017686545034,118.037982561115,116.45801311352396,136.16649419526183,140.7021566519517,157.17965956839572,188.7323368302422,180.46215421720171,191.32839350878828,207.56535968455705,207.00607352807523,227.0912827177544,225.36165189401996,237.7886570508116,232.1541296189581,258.7459902525341,236.00206607752784,222.4012923741432,230.08316215781065,237.45008220301244,235.98128145499103,237.6517144357444,235.8873301930024,258.47655163602843,242.5002969703029,246.50258210175116,243.92794783970788,238.37334324824985,244.6375374335919,246.73306316354464,252.36915498097267,235.6847611588801,254.69226246893197,251.0643858914726,233.15258748749247,242.62364076065248,243.17181963598009,227.71160514613535,245.58790543841573,253.02591601330397,247.7179029228741,238.67025816899783,234.92032646742769,230.5321116270466,222.53586850507176,225.33029295755955,221.03411876543103,240.6935598320145,260.40819519914106,250.4032574273621,245.72075043264124,240.3804959983388,244.03301286115556,222.7579158717962,231.0789015823072,215.0622522280859,211.6890862677088,212.8048142016352,205.9258951528678,213.15389106305116,229.33556937839788,231.3398729209822,246.9612626498935,231.8310339714089,229.2477531424687,223.49987675928045,213.1310175890274,232.71599791410333,240.3366677488505,221.85503775202108,206.79479576466213,207.8977047447584,223.89341707235133,234.4619503236768,221.0944572984715,216.89662643680785,231.71416832661976,223.79739614438145,221.21613287579763,204.1785070732228,200.7900438398408,204.16776249988348,193.7184420419791,200.16846624416004,192.7044823708908,189.5613949314929,179.3990206775736,189.6740886203889,187.12942839675003,192.93731679279188,182.9614938654132,182.629339773436,172.79063878149023,156.63625593013975,158.2373720155573,158.88632631560864,155.07921775862565,151.01967201505587,154.24684367297513,150.58930361098908,148.88095067906812
86.39781392207409,88.59973980124798,83.61273977183161,87.80961275293372,98.29587459977246,83.7013207943044,77.44704203371508,80.5701236671771,73.85676182786277,72.4647895026869,82.21019755182407,69.70101352107041,67.75534921840456,76.88574265764018,68.69548406735638,68.44843456279119,75.31718915206086,68.29538760709767,70.22977751109566,79.11883585275565,70.71661007399068,75.62370871603856,78.15561669210413,74.70816640668409,74.44653952200342,77.47132891779619,74.87712975880159,73.38308518724538,81.05096470369693,77.68385216885882,75.70981906784552,76.25173645410703,74.42537111634971,75.94482526507453,81.70829712440441,74.88202423279932,77.45729493649955,91.54456714456052,83.19990723463225,88.67945060754786,95.04740243333964,97.49152379520592,98.49906824336782,115.4719017213732,124.58580236676228,141.56703010393423,171.34658403503948,157.75356876025853,161.1366308401851,172.3614864641323,167.41412729698231,187.0190557264722,183.34469451152304,186.79509780291397,193.8082315356517,224.692419389722,204.26050091471464,183.7140067402901,198.46965426646668,197.04047353132103,192.2777864191254,191.64588259420964,189.1847537592344,205.39836648474792,204.51805536572775,193.53153319000128,197.56391052555983,191.38000213161888,189.69898930781363,201.6237244923801,210.0096548903291,196.3749846115354,206.32528881258116,213.9918160841309,195.38902405976324,204.8874859184368,208.67267928765173,190.03787550501383,200.8102642528275,213.96785520569983,201.20370220121544,199.12578053883595,190.63197572095964,189.90612739571293,188.31794748072076,192.69338248954287,178.906432067505,185.7395231629419,205.1849178996468,189.85441797501224,189.7768734145221,207.27254397762965,202.24495298365616,188.86484951116864,193.19276404465555,181.5714036605786,180.68334318033823,172.55474218351662,163.0913643430634,173.52512041363315,185.515168781868,191.9074185623149,199.61144507265328,192.26877525685956,190.5679265962532,186.70157199156623,174.6139325107321,193.0758703850267,203.00810292464504,188.65975563667848,181.1414890189624,179.83888541751602,191.6382584443067,201.520115154569,189.49309480020037,190.34285761588208,200.33782924732276,184.51323901752573,187.692355979684,168.9426179374387,168.76782438300387,171.1233001367394,161.33116684426363,164.36760662212478,160.71592110028956,153.36405466793138,164.7997285074593,190.68321391055213,164.16477624179907,159.47265323699864,152.02262042881603,151.51548492667325,151.95712372007245,139.68973551344527,132.319182253373,128.53609592828607,136.11189975493943,125.08554397949756,127.8688062460111,131.31856165782213,123.9032198701608
94.1619291652066,94.4034841144575,90.44636008888232,94.3786608513127,98.30421296581922,82.11246220856984,80.20727615436272,81.41930577468989,73.19935964448058,79.06074569962878,88.33847184727476,78.96490784647807,77.79344280096768,83.55845655598664,73.81247905992801,71.7381141695516,79.91864494915075,68.62830327834146,70.75161061609893,76.98715582856401,70.50921725942032,78.392475348673,78.29118236124049,75.18832529051578,79.49815746468583,81.45145792698233,80.34304855151717,82.45599069383013,90.7271451140622,88.53095368655788,91.0992477147942,85.41961790354854,81.46471723688352,78.94479611559697,81.50798389310236,80.67425875972216,84.91557444499958,89.32842870540055,81.4170945518556,89.77026921096106,93.57935045985737,100.08133909178602,106.44624767821152,122.7305362139734,143.35992327234854,153.48057787760152,182.87401989679148,165.55704194028814,176.67223852641365,189.7319772239251,179.2503170441941,190.71891882638212,184.663403792572,180.94276181503903,214.8938472718544,250.4487480623845,229.3859471241203,202.5872223863919,215.7686891362432,199.05454822026445,199.6893951208476,203.12048171887204,183.5353968428879,197.3481120564323,212.40199076627687,188.64179562373533,203.3530704828132,201.5035746377757,197.55332218694932,243.70782362503283,269.43199239496363,258.1738678620179,262.746864785011,271.8680183448521,262.3292419839727,275.70848030128815,280.03225293414846,258.1012179464348,277.74233973843553,287.6270365862058,245.7768211212004,260.1383096218464,233.13887552103412,237.71143007063765,248.25146569512572,252.51045689708968,231.88158627805612,251.81439728140307,262.7748964236759,253.301461670008,244.9230768033532,299.3349273816483,273.62002134997283,257.0044451345971,260.60377584312494,243.41954343729256,247.9788252908073,231.3862587863599,239.15268332844988,244.26805147671212,250.5494701618006,260.7113754568978,254.00095470813991,255.9416711704121,231.95597698830144,204.2744116771226,190.35373578044013,203.1982205715162,202.0377339854379,199.6583414153933,199.4023550268621,200.30014867128008,203.2823507079705,206.74264885458936,205.0891813105544,209.7466563076758,210.70726947294045,199.3604688084619,203.2429621746538,177.89205982405164,179.31300588860324,172.98181427667086,170.87024677683527,173.2496550583806,166.36855634722332,161.8398299451962,223.644008429158,282.52127588673886,202.04891995207808,183.6159600752852,173.88151307692883,162.69486903362326,183.3878718156183,163.73388591069374,146.90551310324142,139.1179657165846,146.72479002360245,134.49643912868467,138.65175923667908,141.67418878873528,127.37948775980529
242.41619030887503,237.78964115852213,222.2646770125249,216.95388843634237,191.6889129872997,192.8326175735067,210.8910548655873,219.2323143296904,206.31312320735168,194.37710623186985,180.88584332051545,182.444623924042,190.635313815848,180.67989803201303,166.78902814028675,173.34694071900483,175.75917869017334,160.93916874544476,169.18729298890898,159.3663573991671,170.7890378572417,174.47708146232648,158.72725715438872,149.45523068421213,156.93529358749373,147.53433399629972,145.63220461736037,152.57928690753195,139.18340040084155,142.55311671807002,158.0058663119689,151.74751700074995,147.99552730390758,153.76238016381535,149.8605080166397,159.55548100565298,170.61704690232995,156.11761937963487,172.92322727466004,179.37543248554542,186.6607815411912,193.5177345626605,226.96033273707363,232.0366755697142,240.6643342744423,275.75171383960355,308.0662459271802,326.7726674652013,392.937754744004,403.9503578054231,443.68874971464766,460.5555558976252,449.9932483830672,437.0145066072544,452.2671593282894,484.2172055878427,494.8313557770897,456.9797062101101,484.4534646243764,519.7494689256145,472.96036867708966,458.9445882391757,512.4709877609687,513.210209646666,513.974185263936,497.307168384244,497.4391516076967,523.4315253628033,500.16884462217735,479.09207110992577,472.3258372975556,511.2200797618501,487.7547776449514,482.3982635764476,489.8589440378509,513.2912265676761,520.6454759093901,490.9645228872376,490.0652462015928,515.87085732065,478.4822018214081,483.5079920703045,495.6825485605022,508.0014033268097,467.6864886844512,493.0718271622348,450.82635585692987,413.88028557547,447.4370283650704,471.7063355665077,422.17962537675817,431.1698451091064,456.3888319491553,421.4295023630911,408.0936102711489,425.2210883027852,387.2194738067735,367.06830404946015,417.38186340314223,482.1999066689516,458.86557761977406,434.3150885005458,435.393862833294,388.5311473135942,381.1490814726373,394.7454420174888,403.6627114789866,379.3391849568425,394.2134250107329,378.737193959183,377.3890610414736,393.6106631271291,403.68472249481584,394.27867912359,421.1505875379044,431.9597640564863,405.0629780888024,411.54311717392727,447.76645529558766,440.1005047754649,429.9327042221674,412.9940568508427,362.6961347629162,331.7086666120538,380.3278813502716,395.2203137108144,371.8650954837717,350.9469618616061,386.8695021241255,396.87962534631,380.49901040428153,365.4073671450129,374.8785572871042,333.13530885743063,300.94624455159817,317.44562509215285,303.77275086267247,316.4075837530826,298.7651813024257,296.6399326453747,278.85557529135184
451.2390920453236,407.43692624112776,409.91362570155314,442.2532265301131,412.3670384910877,398.3643227678171,467.3008074381495,487.4966193576994,393.9152367585049,358.56918044956194,322.5353365994418,314.3091170448312,327.50271514411025,327.91473275113395,282.5673683104863,295.2813862915058,304.12513464622094,276.3307302034139,289.1688865365067,285.01132358840795,282.9427084086797,294.7515804432201,275.30686293520705,256.5077002407555,264.4021085974462,265.67931495920254,240.1425532903501,258.2206958444526,245.47979293776837,221.1658867688312,253.8063044650521,250.0437418573256,245.38819975222552,248.0727567302676,246.1355856785252,233.0732716699411,247.3285045634192,242.70063991953887,248.1084628705926,254.72040369853497,280.62203542523275,283.7588507889504,335.4003396045334,359.28052559073166,353.43116087579045,431.917591602862,481.1850665953054,616.3434901331177,574.952261996347,588.3454284465026,601.5602325945371,659.0580670033777,656.5448120486525,596.3156113629901,591.488166480414,618.996120083115,601.8050143890689,606.0858025686726,591.0149308174616,614.3502931605681,604.0872757841847,607.5093854449245,650.9703100433927,701.0501503605301,746.1850861837203,751.070294292372,729.4216815972181,740.7769615060411,699.0939395627057,688.0170665614648,674.0017936436599,686.7372684660585,787.8551316395353,805.531197105784,821.2388853947283,958.2007037247524,944.4080996112272,845.2073660829922,867.1239556621421,876.8480904100401,760.7571738546168,755.7114030614413,679.1606080192545,766.0043386938577,708.7019190553237,654.293691917065,605.9718442427763,627.4849941549996,680.3580513798377,675.4086789882199,653.7292949687201,670.1027564521067,646.9270602284356,617.2046056812052,608.2926202940159,660.512933516539,597.0769143758765,583.6666261077816,629.6931086414899,637.637207957281,691.8868030979918,664.4412078826117,748.5668373372583,641.8737013093178,609.1126370425334,634.7167593218753,660.1445874636111,635.0182760265915,664.2931127967695,604.9240734480533,663.753136039475,670.268721516059,621.913413032784,607.5337604354055,631.2204853254771,613.0206382318765,570.3498701164746,562.6330919487041,606.5259212406398,648.562446323966,659.3180732754997,680.7428015589078,627.0164559106726,565.1820800503256,573.8155663578185,581.8560001832905,532.673198488911,535.487965727856,679.884077190169,642.0345278185572,554.1773211096157,549.4731446694407,515.0372213804955,488.2386248080078,427.5079167882488,428.8382628101161,408.1763409682241,396.2345029151777,395.29400100125815,397.7771207224895,385.0563605780823
264.28480603816814,248.07527516406253,243.79575497939504,256.19364507436245,238.37142526619985,235.20591411267128,244.18234222624451,228.05141145800968,217.99550923588055,210.30690842963836,195.6110903829868,188.56635856083457,169.16040386467606,169.38127395737916,168.44737744179034,163.27823512068275,162.82091275905847,161.9937343872743,162.6104593873231,165.69898937465007,168.93488359959386,169.7195833828937,167.69212952604914,160.98207012462643,154.76367554577462,156.62505971741342,152.40119044920985,154.06280537162655,152.19009837314886,145.68537185927246,144.75675179175104,150.20639203745284,150.27499686093583,152.6276823871452,151.6431066738434,151.17434490685977,152.16296326640784,153.9715580107666,162.2324595222563,162.04455589075255,192.4427196163708,214.8667087943141,217.70969216128543,228.00267916948275,235.0704687468168,309.5414604473921,332.3938039488985,368.0812592029056,379.0930406359693,428.18016887983566,434.2075302574316,443.3952781306376,474.2468220704269,485.69943248146416,480.3371872601012,487.00251973961474,489.4934715546953,493.1482233776944,513.6577744230007,525.0460035781653,556.7406510397487,534.2974930065218,522.7141572655876,532.2302137405857,564.4114531658473,535.751453205937,505.6888603481573,540.3595916155967,532.1259194247117,508.91907489068666,534.2311434602726,541.4155380083067,566.9926786156755,555.5496307769496,751.5467375888246,651.6568564832163,670.8296221356112,639.3416752790616,596.0913878974086,580.8152693769979,543.4957951232382,566.283390100471,556.3992057234591,586.9070056838476,538.8335728610758,518.5747081625459,507.75304518322935,564.325812388548,561.5019125305281,529.5861400718446,538.771999256013,524.4986361306413,496.6824969167092,503.1181547424048,487.9968156059441,491.88008293739966,446.7043261228877,438.065157781942,465.3499750957702,449.8209043693037,464.862213919784,472.8549077326922,512.0808303155366,484.7863476547179,456.9513641686124,464.28869543545767,476.0536373616701,461.6530752563026,498.2224192291416,491.78812092165794,483.3229810512939,483.9437264871353,519.7404749500434,492.7695004468216,470.6789114722297,515.0054344441949,483.5870664256324,428.2361723770939,444.7038305361342,450.1674540290133,429.21216050925057,443.9377169640946,437.39831140988633,418.0904116286477,397.4514639272562,426.9394068839536,410.9466985204239,434.5926303373301,480.2986237101886,412.6657129444358,369.2188820765357,372.70313438331846,380.38716605888646,341.707109683756,340.5688868928398,356.8530171015564,329.65075140594644,344.28760987768663,337.3692848989155,325.47852894342856,318.7673038477523
475.0965955113497,462.0519424359468,471.6472341653936,488.2113341038073,481.5985669792413,416.91758251170336,389.2342062313976,352.3754712052169,343.5807564966429,344.01170256060504,343.5682010229418,300.85594374077493,275.84925240457807,267.2947077366668,271.57454543637147,268.12825801976004,256.07634644435336,254.2770282580598,256.236411197007,266.8715520180279,257.70114423286185,259.6769621004493,251.9986399291452,241.4809067250502,238.54904831542336,240.35561841210944,224.008049718456,237.0509626597518,237.97454886881616,235.93321498041527,228.36058334375605,241.84929733086477,244.31277852242667,236.76310900554228,243.49425039287684,239.26476725050028,248.5288139990436,249.64496511310765,252.12126570077692,264.171995185582,294.0637554537369,337.67072821924404,325.9739821831514,327.9740866951319,379.4590708384324,511.1823653588922,570.0267141923897,669.8294873554061,680.7838281563792,716.7434843325689,825.7775665096068,814.8511566746577,793.9205968336751,901.5141119656396,861.7151376285492,846.087963439967,813.6187843742124,804.7829858104261,804.3876189743817,934.8052829699524,995.0128738616066,894.1586750784365,817.075963469047,794.1009885873482,819.1816683167619,833.8547720007457,806.7932265185905,820.0917956840782,833.678007113238,939.6430836882734,946.10069619774,860.5886415417327,815.811838751267,775.3963691106394,949.4769790686688,861.718245861432,862.8224960888057,881.7612262068983,860.5834097819405,934.8663505298128,925.5329764340014,988.3729048286102,1106.2238103758884,1023.0753045109308,871.330709138105,830.5013717587095,803.8935714047051,870.7967132566419,987.8734528189852,859.1940836869865,840.1498936171575,795.3378211462043,740.4897143480761,843.1305219855309,850.3444671637016,752.7849797175202,746.9587121819488,768.303173032928,852.1057311413978,856.5601431520512,835.6729419297867,787.4233961182345,803.2512110435684,816.7235120772701,732.389881774552,760.4719340399819,708.0027901360083,813.5112823076878,846.3003365832568,841.256361166175,767.3633414245988,754.6416853843904,802.495831023093,794.6433693800086,807.6481019639141,861.5249533300291,835.153859111109,770.826478461285,802.321534968846,748.4911255470479,721.8276260700586,723.7825041160071,681.1144449223706,709.8205928607845,650.2454018220716,650.6857901595353,624.0792059114463,601.7162648228962,632.6109416356991,550.1749208397574,512.5724518129031,542.8505838580112,665.3180664503819,541.7910675361007,555.1494068222672,561.8809320989635,507.21007465705856,600.3799597384822,540.0994313510986,544.9692979697095,590.2351467442384
579.9609283249248,544.3086898072976,531.9868650816239,483.30803325490496,480.7370239479501,432.3500602212667,411.9246317245175,393.8627535809085,384.5851789304755,403.8194978693332,467.4045207586582,372.786836607166,331.5144806312798,341.2943416625204,342.5364011171095,323.2207194912074,322.4857009072365,309.72239083140795,314.74249093928546,362.6968523063607,326.73759571256085,353.1439129214036,306.9109534731414,286.1496172271918,273.18475608924115,262.3542430805906,259.6289677879977,268.85694385499085,263.85342344835965,264.0480286993733,258.99162349140164,256.0394174961178,264.9330065334321,268.8662054122794,258.49900516137825,270.30147737946345,280.8699683127728,266.5372518190931,279.83604798203214,290.59454181834275,275.4192901431231,322.19904841302724,333.90566097915087,353.5157482885382,420.8540286663064,571.3200017289892,604.5071423713102,770.897147435768,768.901568019917,792.234913033823,892.2874746921356,881.3439534367685,834.4106105763631,885.0595171758206,876.6597352707225,938.340501403278,970.1674655969484,989.53498480986,1037.9971021204003,1009.5566672654736,1075.8050025552168,1023.4993736680644,1121.3466009449608,1053.6402862728082,1086.9661714192212,1073.985095772045,1122.306384258089,1197.909096424687,1200.0753401145014,1309.2558223660274,1241.955793159219,1172.9932901502943,1072.0859449546813,1036.9831077071854,997.8227852173416,1042.211271111228,1073.927870882091,1049.676343110439,1020.5004528553744,1099.9115571572245,1081.149271898137,1037.5353044507178,1114.4611742620853,1089.1528363229586,987.3294561922806,923.2886712830186,805.7480059686092,792.1971840652226,794.8402604224425,813.7987057921692,819.1994301786198,844.716379262094,807.3102810757981,869.0417562573768,874.4663539457451,762.2067844997489,774.3236809218714,805.1719194332761,826.1084206348321,804.7004588436984,796.9995195508515,779.1761263547593,788.8468884691468,798.5947713841232,760.871413273982,804.5280005317193,820.9050284934517,854.0972596864851,818.190861994369,768.1188322420477,729.2229783413628,725.178197010716,753.282383530945,761.7633320149768,773.3708895301968,834.1207567100986,808.1422153414449,763.1985476815266,852.4063119711981,773.1364912396796,682.535282425091,677.4043930550895,638.0070164599006,660.9599533524025,659.352666005812,637.2957714962056,653.6764177823969,646.1505833705281,666.5192877383544,650.6923292851512,632.9316687449545,628.9430039069648,698.1286740431518,662.8266122982224,622.1291927587899,633.8381277166542,627.2185781418835,682.2575049911742,693.0690277403086,771.8574269999727,850.2675701206853
997.7763916232108,939.5667838201296,1120.7990396727405,969.2554503767568,900.1992457402016,804.1684694830251,756.3187912077805,738.6201787730002,715.3663781821051,707.2730459753745,784.5298512893964,708.770900774179,646.6155525675825,676.376011659884,670.2932161806248,673.3003624727777,652.4056095206219,650.8722082014824,623.9986454158601,650.5513825480391,603.1495223063149,637.5322844627144,621.4368521379588,583.3050159280274,577.5992450889675,539.0142593918031,561.8290101777178,574.6749785572573,562.3475269862452,546.4093930673068,560.432489528662,565.2923754266957,551.9607046727101,562.8875348048388,551.8072326438369,562.0503972787972,565.5173464847229,568.5186279958956,600.5647694069648,607.8139450294956,603.849996579077,660.436001746605,722.2290009015819,816.7107529761812,908.38570612049,1048.434794036576,1224.8486482380636,1548.3278497162453,1604.214896908374,1709.2011789673618,1975.237629898781,2231.817161384144,2358.987071745903,2429.070545680746,2534.3198291058734,2678.694499776396,2870.5125610341606,3096.199246050443,3128.2797219522126,3074.2107934406235,3115.325337844484,3147.2543338955734,3327.870581512597,3270.734467851048,3364.153596688296,3298.212245844465,3494.339924279263,3376.456848919458,3450.143207422332,3472.143816681953,3386.996601031251,3291.060820324107,3538.998388800895,3274.1630408274414,3219.703521359503,3466.0904439163446,3318.004983956474,3221.8959659132684,3220.3620130482195,3350.777669382865,3484.6863775217807,3503.107797023475,3261.1067665977016,3094.3022051559533,3060.93203016625,3200.5264686320147,3094.4724200044698,3042.118733316797,2838.3486459247424,2821.809338248644,2944.571224685877,3057.9226670511744,3003.3967030674403,3257.948969979667,3248.732529576789,3011.852432369362,2804.361681193126,2709.4753810751185,2871.377857456864,2811.271734125351,2639.8018780042435,2644.0591411583664,2544.043445824799,2459.274725391101,2603.315934140828,2587.8126595660265,2471.065731937986,2540.228060729821,2444.9873132654247,2236.034038310921,2174.3816038809705,2071.785603159351,1970.311744180237,2095.945500757004,2039.608533856567,1956.531402057191,2099.2356343791744,1986.9890080631208,1984.805176815872,1895.7198124118931,1946.1735989980864,1882.7283683933797,1777.8872464841984,1739.7256260639458,1721.789012639976,1643.981921239812,1694.469665958866,1619.041554842347,1628.736164063721,1532.833098841239,1519.6820604624738,1422.6695998722407,1515.960750783654,1607.857832024882,1440.696711066198,1483.58391236718,1418.3494786544668,1506.7489240942075,1534.6921726321648,1530.002386317193,1493.4207703672728
542.3203103235531,498.1933172419896,527.3428165458353,498.1290029078246,456.4001604512022,410.11393505622607,398.8040907249731,383.29063343547233,381.1516724138641,348.2637997660451,356.64709223383346,323.79679213836806,310.5790778789019,333.54182638031585,313.3237774983042,338.0834363155304,322.2484147410517,334.22937451812743,320.19920742913035,299.1274201490831,275.393955873286,295.14412240548273,302.32945797921286,284.78353760299666,301.3656057185931,271.0419127806702,288.21347910130964,310.77928993074386,306.7625953136298,289.22457862540733,309.32496440204574,322.21889595035293,292.95933905192373,303.9283332073839,287.3867475490154,283.86228440704144,291.3507662437004,285.7660397803042,297.26610205275614,304.02988280390554,312.0349546569355,337.3328183706143,359.1847915708083,393.7287397510202,443.99693177848576,522.9328846166513,623.2982885864391,667.7383296442239,714.9871677084698,799.4166261894319,889.6077962992998,1019.754484646014,1147.5132449521989,1150.6932727821682,1209.8995061876508,1234.1676793220213,1285.2515110996153,1370.6073408197296,1345.803688754436,1353.1694401390716,1361.4157498518096,1378.0216523838094,1404.755203334566,1472.2177494782234,1503.139968480556,1474.178975235469,1561.6527744965092,1496.9560898207403,1532.64682312941,1523.3485666159852,1477.1861087317498,1469.5289742670068,1605.37631214952,1524.137167568326,1493.7353794035223,1607.462679282872,1516.8561130411936,1500.2685096823511,1475.7690957062823,1561.1920310251326,1658.5711722484384,1624.81455626231,1591.340460098202,1451.1592572212917,1474.7934446092067,1535.310122697976,1448.760721194291,1408.7586391801988,1376.357588239165,1365.3406229207235,1411.2250245360738,1461.9632389664298,1431.4539139338476,1522.1789546199595,1527.3731815387691,1438.8176962708087,1321.9840927130049,1291.1380825265612,1354.8053616510326,1451.3889135205727,1309.2904624605474,1274.975241340849,1240.710545431106,1175.8739059802078,1225.6108559220716,1238.024504359876,1186.0962489315227,1239.0484759818337,1277.360688597423,1117.7880424034422,1072.261158768276,1038.585151657422,1002.031335149876,1044.604221250242,999.1498511114715,922.87510889642,964.268893531916,1010.5096273136594,950.0042024587698,947.800660437424,1006.8596245874592,937.5471730410412,904.9862594984996,937.0351660811116,918.5117884221733,890.5474172725934,865.1238560697485,797.9179836366043,841.6237802041321,767.1725237267154,794.8807459344923,780.0943568894274,825.4628175676909,958.0098762183588,806.1819889969157,832.7337278663364,792.4213078420833,787.8527140669607,778.9517657247814,769.7572192268675,750.4879641200391
1077.8758912448748,975.2274683379508,887.3414866985789,884.8558506059693,859.5724988758739,763.9251663364325,750.9832489769149,687.8487156624535,673.7619470324313,577.7662154227417,581.4597643130431,520.0541167217212,519.0188835919273,572.0486365654211,541.739926378198,576.0262921748532,519.6881806943334,564.2158442827827,548.1327889860471,534.4447771942177,475.3037897348397,479.3755602298513,477.8985078781658,464.73816214712775,496.1974219355757,469.6350463851175,478.7167323906183,483.1398190197037,453.9122813362725,438.4747160303362,484.3186034422179,487.3241510382125,439.25658241189615,458.6115902900123,433.34677414176406,459.1010375215368,476.7871248025978,443.6466365392916,463.9426029779461,493.85394904048457,527.7660885126792,566.9595557844273,599.7590087646686,727.1167956199223,832.7846166493215,948.3946738959525,980.6077082332148,960.9537633959042,1097.7975603065436,1265.587908207529,1318.7163915040232,1516.9074396716967,1669.2527830747026,1574.8527386420333,1741.8324335885218,1786.7467654688526,1758.6072054609094,1783.4542136860955,1730.4386338281488,1743.5007069431051,1796.627061543839,1785.9837690537472,1834.7918151780605,2077.18667569546,1962.0643619143889,1986.4708925216016,2057.9414487470963,2080.025717748812,2098.9391895065573,2056.76515530728,2012.374335148801,2051.506933443112,2074.2836112065934,2097.6685502475007,2061.5351044471536,2220.35587460365,2136.0160130999675,2291.8229557337354,2264.750437501637,2377.644166173097,2499.6579229292406,2312.022392705787,2562.72665427664,2345.8801216021247,2368.2774675230694,2328.345931805284,2030.453304887308,1898.8068424654327,1979.7639550352308,2021.889436402465,2021.9075152093096,1912.0640498417972,1868.0050237732028,1878.4402682502584,1961.9149325577823,1900.3366527886687,1755.047464075627,1823.9497163362944,1872.2643967699107,2000.6697411690068,1840.718816327221,1755.2895298372434,1757.2405950590364,1700.9734528789995,1710.247945518002,1797.7278461311405,1776.7693526490475,1847.1385197894724,2014.164062148825,1784.1220221012893,1675.2967606617674,1649.1945282286454,1668.2277218243178,1666.4927372236175,1596.8953949809293,1530.234991871936,1490.4963785722714,1733.306649168774,1580.1905634951847,1678.8379753114068,1574.3003094323296,1432.720098814161,1495.2891766226403,1752.6047856662312,1655.479888678355,1598.518141171068,1475.0618112508234,1363.1168503315346,1466.9353556431015,1346.8632088707773,1444.4246579465978,1433.7495189487315,1449.0046243412728,1769.5316772624558,1451.143790606936,1506.5798629465648,1475.5967118919266,1432.767477971874,1351.7498407794144,1387.9323779413364,1385.7236946699643
554.9782931643898,485.127024168142,511.6792625596463,539.8847190959542,526.3018641304768,474.04802291744335,453.46869191023615,395.5874739364857,347.63594158825646,318.3692092557244,335.8308974323732,326.3275946571768,329.49140946114744,349.07992095057574,360.8463203008733,350.2729272650262,343.2758110899193,327.1480600094724,328.34880406087933,384.9420903824432,334.1258415465081,317.8306555759879,311.1301993524572,293.4322701641281,292.6879048337892,319.5354694072737,342.7181280622383,337.7548838028212,299.1148752554408,287.25256186280484,330.09478460969075,325.64290241744874,292.697469773021,293.7321803176068,290.1338744883892,307.1689174659725,333.9298319091928,323.6619952780374,329.22722368984824,366.35281706205984,394.52649138442086,415.5583382869477,432.0900680328551,627.8696501856389,706.248427254259,684.7576955533312,659.4246774095233,630.7590030472055,697.5001678596232,872.5496786579808,993.0484760420452,1135.3198713073364,1287.922740883811,1250.4531164178684,1392.3275730683172,1492.458567220341,1549.0716182532867,1594.7675710081912,1602.0962004462565,1633.5423264351316,1694.1533538014794,1706.3059530408984,1678.2503043739157,1964.4261970389296,1854.6792480243607,1828.8434129611944,1886.840527297501,1861.3046647693432,1904.492211181764,1904.58575773708,1931.498012177897,1907.1094628502517,1932.593597075319,1921.4524595388816,1915.981636968422,1942.2350608712172,1936.1529247877909,2003.315291034449,2018.801929753269,1978.1959090885905,2134.4909898918886,2011.576182096688,2071.9648271166925,1932.8235840634145,1932.682284825083,1904.6575784959152,1709.5783245611667,1671.4842767517798,1648.3417474913354,1633.4565797081673,1673.1420103839278,1594.0291760542416,1578.715903449247,1596.8900385102177,1626.8687582372563,1554.593028761888,1482.0741601733948,1497.6150333894122,1513.2419594049782,1475.7155249634595,1474.0702395958365,1413.802290091644,1529.857137188662,1530.1780608711238,1501.1135505551435,1498.728328375695,1451.7410056996043,1445.7903456638182,1480.308822137884,1409.340188025492,1358.1103801496315,1371.6876588461955,1229.6978100478084,1231.5573802412423,1199.8594070678528,1159.5432836712082,1119.363382481221,1209.3795078709625,1154.6588223332492,1225.9838270415323,1037.3106237536426,956.8700754815584,899.1469253773079,995.5122144128172,1032.7161362679958,957.1056578934218,803.4456607770156,778.2944992036677,753.1185167366377,664.3378454776827,732.3502875806134,734.6400040681563,738.8605141561909,796.1273685629561,730.4258550108829,744.969867900665,732.5551788317165,678.6622780612292,636.4676050143365,700.2139315105101,701.513224300695
269.21859993722023,253.6151352170604,249.6565766187168,242.8267286800344,249.543465789378,226.27905678315395,254.666107862902,241.56019768641536,219.4208094905959,212.57009635470868,197.90075781117443,195.4757517400834,185.0613567791601,174.64092330645894,172.29285610761315,184.38279920395468,210.11528561324127,187.19793974916476,181.11558775081457,176.44306928686623,167.75265818522217,171.35213611735708,171.95822550598368,168.11966020746,163.76980960024747,168.04073727821952,172.2058226478443,174.5855570238255,167.5260695131355,166.7362000073393,178.50078935652857,181.1893729947888,178.53147715083023,181.0333745320528,175.07180532838584,180.63678536924567,198.23514398065464,188.63818060229383,188.8512434707776,209.61559123492643,222.93774106840567,227.04201387760224,242.0643400100487,256.78177710538694,291.7302799722244,327.1429488984137,350.46327792715647,416.7304935223739,442.5510862171084,516.2136116146914,605.9894806295956,638.5217146832848,700.7498710409792,823.7363320802183,908.0605785904996,949.5111265482273,946.3176125482304,1022.115958404534,1061.257814069448,1089.1714216174769,1100.1473168721973,1166.677889358043,1152.5612501565813,1232.0864246376714,1235.5708987643031,1234.6823504778013,1294.2327476980788,1222.5099215927826,1292.483875465665,1243.8766654078972,1273.869832235615,1224.824924605215,1265.1479176231985,1294.976993447964,1298.3467120802209,1351.091536315491,1356.0151376217225,1338.278573663917,1346.9375806331077,1354.6460890129367,1340.2842840041671,1281.702541616659,1296.4824019598332,1165.5213987893371,1208.313682848434,1208.1549749390808,1211.3079383038928,1247.1073996988691,1218.7157807302378,1183.952137802096,1194.4613005963122,1208.955701954739,1205.2783770757476,1181.7526874732744,1121.7700935723828,1129.5785507680632,1128.0263200746522,1152.154855237207,1204.644581643511,1222.4919199058827,1138.3595368584738,1097.6415395452843,1095.1088458556692,1103.8424610983768,1065.422237860009,1075.8277899286438,1054.0869062019324,1002.2345839889464,1036.532954665825,1003.833455894346,995.2414669136014,916.6835326188992,810.2764604171379,792.79448694808,900.3708248688889,743.8340608747827,713.0029710425933,739.9321053818674,723.3789255888527,648.613151139223,575.349493079626,617.7249427772613,551.8321869714654,582.7221681353495,501.4706945586602,584.9099975541798,522.534566481861,497.8213636432626,475.1490252116573,444.5310124252552,432.2027731486256,462.3185260412065,414.5936437286454,410.54549640312194,411.2357867145839,411.3792391720701,418.3741781904624,413.54552380629497,413.6977081417027,431.0402906203126,386.0356720287768
322.034562057718,300.22230487812664,284.95645807563466,278.3360509748898,258.02992225752234,246.93810071349756,275.84349835777215,269.09480388435776,259.6573921723497,261.9272645753591,239.97447716812812,226.69627005825683,237.2135492536396,219.7755396915321,217.6446225481863,236.77748639975005,217.84709995565015,218.5845882152668,243.62015997426565,229.37746137899535,230.7218459542099,241.1687167946096,221.9864769120625,219.77907491734945,237.6520429700237,229.68896255010256,229.44954108561032,225.9277317003359,206.16360848126476,205.640042685516,230.79438565619972,229.7495274936772,235.16735048535685,248.142270309399,231.19931814439445,258.833694038306,265.16354680904385,239.4589470673503,250.2735484080152,281.4737864940309,292.19887843237416,321.42372698085546,333.3995968061789,334.9355726440013,418.9732376867103,469.5356135752246,505.37342364731546,613.5461726152361,656.6053986318746,728.4424806286062,797.1347891206483,894.7907365801668,997.8070398138937,1190.478142599679,1334.796938512684,1349.0508207566982,1382.0924154435086,1414.9814458190726,1493.6860679685776,1517.6184767881189,1677.3347091470198,1781.6290275087708,1750.3768421475668,1829.5413537265008,1825.0855787062303,1791.2112308084745,1829.936268396528,1734.7556605087068,1878.9008251197051,1837.635723757076,1843.3823100902544,1760.05498155698,1807.83944408551,1864.6153668686031,1890.5225471750532,2105.4385095468974,2043.881232945296,1993.5222264849103,1952.1640441757716,1920.875236675825,1922.45204721226,1945.6657992521416,1900.9680359145625,1724.722779041218,1880.0772409668791,1874.387892919444,1992.9064479425892,2076.0173678992583,1896.7274970104063,1780.387459637527,1795.180213137449,1765.3077234593457,1731.7396571310433,1702.4570935896268,1614.6985231157707,1615.1527392386142,1624.796348793915,1598.732060203562,1637.1211480774878,1658.7023214898345,1600.9300081155486,1476.6100972169763,1483.4002329309187,1521.120590703158,1452.3524007920091,1552.521219586734,1439.715452761272,1384.27728369814,1501.0343524274203,1403.6100555611013,1262.6720119204206,1154.2786495752066,1053.9986943496372,1047.2870365857225,1243.7142456949755,961.0860739437996,900.2751859591159,845.1934607631749,826.0941584149523,753.8199654965599,702.6536470300244,768.2172145637518,723.3718473864908,803.5371279561258,694.2283125452,725.8584327019524,651.3502364119647,630.2136177663336,630.9295688340231,672.3229767136113,658.9257693677479,744.6911065919026,618.1102526428288,559.3761355649939,582.88303617914,572.2577765201961,622.4105346690999,784.499853369502,595.7662443604959,521.5760350644125,499.2066695666374
246.1510913813364,256.2917765660243,240.39537372723024,231.14180680205712,202.20514677334896,185.4403696907072,239.5895686921971,275.5986183925401,287.21542706618146,273.2975169113567,246.67296614907136,193.36524565066307,169.88116401960525,159.8607322784393,162.01412917807332,163.90304842218376,149.60312194238085,150.05336725379246,163.36461255551532,158.97975319020196,156.0962399247703,169.0024499482477,149.99237826014192,144.59926070835078,179.13639943639953,179.41601716217423,183.54445318358856,170.36900039664638,152.88733475263982,147.03119073291435,164.84502908451557,148.30475506935602,156.02563078569943,163.4919775639128,155.10581314857998,185.551431286206,186.67510597922143,164.92366892430164,171.08596845334927,187.0489901423402,192.1044089202211,255.69342651241175,282.1660041687608,268.6029208599468,315.63763367563763,350.2449888629065,379.3636404196136,474.7445955735741,594.1083655215792,639.1232094842101,667.9684583016879,723.4599956872997,815.9372668420052,922.118504105145,1034.3534275698685,1138.0265087243956,1163.5835283352712,1188.4256129758508,1238.8689003180796,1286.3179330219195,1436.321216519029,1457.1287000455516,1467.886167084396,1535.9401116766544,1670.6408569427792,1576.6426274997448,1638.4424788639255,1603.4998642307853,1693.7281116662227,1638.5366901614136,1668.0052143476933,1645.7997138450912,1656.306411180456,1723.6158188489212,1806.9752417743107,1863.1026173775188,1773.1993071792872,1732.9162336665447,1655.6052165299548,1572.566200494928,1530.0295865500907,1494.6801563596352,1433.7632229501723,1377.0603119028667,1458.1790107023082,1445.4357289380755,1515.46292338279,1456.6115763979228,1370.5791598342369,1396.133839302432,1390.8890717052398,1410.5082343326342,1449.56000833081,1415.198587577732,1350.6886200007175,1340.3059640225952,1363.2108517292163,1346.1638287096998,1325.318681051447,1499.5968324494563,1373.259928527115,1284.543743834578,1201.9483548876826,1318.1378242340058,1188.653161108767,1236.9648750376907,1129.6549553834943,1068.611424934031,1193.3447450748806,1077.6137495693526,991.1728311455206,940.2024607669318,831.4359942283734,707.6899624780616,690.678264798585,634.0597686956521,582.9034153287462,572.2412915705542,538.0816237420248,544.2632048660541,521.1584720491591,526.4529686315708,495.89224413094894,496.0063534140255,479.413779543654,454.1652876810103,430.06840206359135,422.34482032415866,413.8152218082066,402.4073429511819,406.2313121610366,396.2814969692787,351.02070894948645,353.1832258026375,347.8777704863814,357.1600741601279,394.8335820447922,483.5197593926033,509.92792545722654,431.8187079284339,387.1097317491266
197.09313984178672,207.75515470824567,189.3475133570368,186.51723652724095,170.8689821249663,155.08840728647365,188.19131274372216,207.21912062329935,217.1578422411255,206.68126405763832,194.30934368375927,162.55218654710816,142.74301416151573,134.74736226837732,145.15402543539054,143.34784361683728,129.22559753705323,127.5341227696637,134.99581141586222,134.05637868676484,133.04379633976097,142.58393312513442,131.23969860471414,136.7756989158651,156.31702630977526,158.19345874580895,155.78741241507234,142.24569058938627,132.75275626727327,128.85106910627445,142.13509636891652,134.29255643630518,134.37307125567006,143.5735222869625,139.04230062781951,158.95733529463055,167.36292528606694,149.6617282827711,157.08271090588565,179.60778481094073,186.4153530400546,248.71702735126692,280.3101480179639,285.7489704548413,344.8863167166954,373.2549282468434,416.425093598558,534.636851658328,683.630158030052,753.0024672393175,765.959513259564,822.2092378313921,943.2674084825444,1056.8938160514847,1142.9074474971874,1243.3037894551182,1294.2578074885992,1278.5590529549306,1325.2569197775238,1407.0627731930635,1480.0705463908266,1552.835172042673,1552.4599060500004,1619.78914029294,1747.3327921637858,1698.508768004493,1743.9089488662837,1717.063434045864,1736.2141089094382,1721.3620303073951,1740.272014417012,1693.4724110866232,1707.817724318822,1723.5288521590226,1797.0725261604032,1832.697771825465,1716.3528640451605,1706.179252910096,1692.3303765298335,1602.6111151952966,1560.5164351123915,1493.373035691331,1469.6672395743788,1441.7938582592185,1500.9375526509225,1511.4145453293338,1537.456881403325,1464.6031619720136,1410.9747012761416,1412.9575241013083,1420.5480069807943,1383.699270956067,1367.2132339343775,1371.0525404857417,1304.1276167241365,1283.973231090676,1328.0384168529315,1308.581573048745,1260.8527140544943,1396.5177801270677,1246.3813874333284,1166.8415096789795,1140.2650328065913,1239.1836445228582,1133.1767710615693,1117.0805106122602,1037.2346538423835,995.7321980550734,1073.5245769553758,981.1309670696472,919.8670427119444,832.845009861181,752.7745829515424,652.1938493249008,641.7663196473578,591.8155993363096,601.9235198329285,612.6857552126143,545.521763015878,523.8121198770249,483.0765398278775,459.9291959026747,457.3401640882898,432.6954031187088,436.9592370915096,394.27928883234586,379.7010213856244,431.6942375035835,392.78776420256975,361.212026767421,356.3363626994971,331.0541033838099,295.8705198843525,290.76267950081075,281.1542099782844,296.30427499036534,309.2442459583494,339.5453506666662,378.12172261009016,329.3285626210577,301.1418852534146
68.06444587091599,67.78482792344862,55.3545113960562,60.20620029021662,57.61605243344096,52.23385399873565,46.497892512528885,44.776099480970565,44.09628541923978,41.78439351588322,43.263331803906894,48.19614931103885,45.67055968651976,43.11369069728583,51.92463926437172,52.33191792449013,46.61624931147404,43.68026516726116,43.26042118742328,42.54548936228144,43.45766141735317,45.66468237008735,44.69257216767341,49.71162473487824,44.97016624202005,45.74935534815708,42.53040470987828,38.95381644763342,42.838391214068885,43.00199051651262,42.83157041040817,44.96069913381086,41.26331500167205,45.824148847326576,48.00289962126791,45.4131782263525,48.72342576809992,49.560427857714735,54.83278491387304,69.96360794278995,79.01166825867644,96.03609703068912,111.143435280432,141.2827608633593,188.7283804829676,206.56665129090797,242.32079391632072,344.1189227612488,429.6555493076769,485.0166351459009,484.5373682484756,513.6244975956747,644.6934045338544,773.5599100615979,830.1113510492668,870.7700093504567,916.4254393163562,917.336824428407,951.1841493754406,1001.3315179116688,1012.3890981573604,1082.4773035696508,1106.8925758373423,1114.4595767328335,1142.5041153136249,1146.4033299177593,1195.1908876407729,1193.7066252236857,1153.8374595550529,1181.138248984776,1159.573066639642,1092.0990890541166,1091.487125663363,1046.6350397585609,1052.314865792836,1038.7949286628095,975.9700607742474,985.08233212524,1003.4438419450552,983.104067827427,985.3541671109288,919.9121846793204,894.1884030720931,870.0372616162418,889.4038355479851,886.902009104138,935.4116652143796,893.2866191344843,855.2843721307847,798.7965276517132,830.4327410346006,779.4648250175337,698.7447704173113,719.8334016093906,690.5436540810034,652.2585373227087,700.1629048518838,688.6431766615559,636.9840678852395,647.0795619649441,571.4137661492539,550.9804993326492,583.6770247776514,607.0684486989778,582.0835645756939,545.7229370920021,516.3617054397312,503.9531479345122,503.6104770447662,472.3810565434152,451.937268562589,407.814262703922,380.9042110869661,353.3231245968464,348.8511100467975,303.97955713514705,323.4387737649846,332.81197079811704,307.99707253718066,263.89802543916505,259.28233714591653,228.1497393922004,217.97621917503665,189.1404193697624,189.92066089302904,181.90792368866775,161.48110638429495,192.2965219352652,166.73242647676048,167.89603904722702,174.35060186388966,168.86730228582357,129.73808813886728,115.19041722371789,102.85428388502858,116.4269388283806,108.46100810708816,92.9062642236261,95.0240189392924,96.73715691110849,102.34199062025948
59.5273829165935,63.04073793881168,54.14694858466469,59.55509115901162,52.68938994312552,40.95496485663509,38.71797773385124,39.67600781036161,35.75571222496355,34.37160267863707,45.77943389201952,45.20998044224225,40.529595377277246,38.47556262103963,51.86464201923788,56.47061194286451,45.73016519649779,36.69048715986185,35.354164855594064,30.467905187051755,27.407510979671606,30.477886278680263,32.005339432110205,29.03173419831325,30.041300370260043,29.17151149210996,31.428301992118215,29.86125683885518,46.11423822618153,45.155931568976,37.83932931657096,34.46987004046876,30.364495517504416,32.02606466368879,39.19917509443569,37.56151977662271,35.98484909643527,39.53373289060433,35.26483681880733,49.16195801855921,65.21134848531408,64.1406742266098,61.296668553687525,74.87609417396341,95.43675591540551,117.34702964461016,131.8575030055316,158.86372259590962,188.2298685850205,228.66541580041516,257.0730103185414,269.3772897525336,333.23139795517307,392.2290511649412,418.76209126174376,462.2467970306547,511.0869252139013,536.7423526171461,557.587188846641,590.458609479205,627.4707943103888,659.6312570861711,648.403947024262,690.9218334737058,701.5587063515309,704.6712435370722,766.6276959155705,751.2527721593312,712.6315753150684,731.9610459851916,740.0007362979052,686.7690602752597,673.5996485637367,655.6454036933186,634.2315327122244,616.236998607749,582.4532272221614,556.5837892230879,547.6765368166858,559.5374937254936,530.1262572098866,472.2969139420434,471.37248286275445,486.3500807072351,458.1353198329164,430.5564153116356,456.4993792346021,447.81545235825536,438.4613130986573,435.0664470685929,413.7189611846768,405.2679317071429,378.3405685007498,395.0190123546538,371.9435533324897,392.7642434403991,392.9747118891526,389.6766697287466,340.4639300733619,336.97148084075855,312.757169372208,318.5643893426294,344.94400546506546,323.6512115627206,306.62059220877023,303.45521069799014,295.9428314757735,283.2462356898023,283.3481935850231,264.03485433219026,247.9191397271379,237.12964386044047,230.34744007981885,209.1748819792848,213.6328557250069,191.71187621931296,185.02232733775443,186.66826856630317,173.39622830513008,162.784160500387,146.85269773591187,119.11095086321252,108.92225983629656,112.64991532522342,102.5073055796598,94.84497548011268,85.71020879595886,88.35573489218798,81.25611263692464,78.69379682428057,91.41734476092448,89.50920081120356,75.98264341529396,74.6737050157296,72.5404414743996,70.23181418072184,68.38802369232248,61.79179267076781,62.19539127203722,66.14976734510836,63.53102922709241
151.01319275228678,131.90121974947323,115.84663363981798,117.29216042692876,111.0305960554494,107.24704437629876,119.67963270870408,106.46115547629444,99.6448762840951,98.98007354857728,111.02777530889422,102.63016666036674,90.90173408095694,89.91116245058629,97.71853725600675,104.9082421151479,104.41322949656475,86.95275093350389,88.57461379693684,84.76785293627451,74.79598897204995,82.22074737410223,93.18195944827346,82.36683294883554,88.32690231192372,100.93355451224332,93.41076446837424,87.96106025134021,107.90174244671408,95.3112830725756,96.31795001437384,95.50959331453244,97.62395535708366,101.75197398370294,109.77864508540624,104.31893455148293,100.01817120199394,104.9206223238028,95.68066906076146,118.06956075116892,135.30787213514287,125.84376332985931,138.89691981480496,147.75375659978772,154.71035646456886,187.79895746766,210.40206377940245,228.47771513668465,259.4830060394661,288.7195384875053,334.5625971706386,361.8431881199671,415.09700625658365,434.7457175861417,435.1932604479831,438.2119365173624,472.8785683782936,478.8896508951415,479.815203788663,515.4758086941005,525.56786444637,527.0000637280676,505.0432158933608,533.2203100378946,515.2638685309909,538.102237572339,541.6113482003598,538.9234143495712,492.537041360661,528.2696935429714,543.1516473063673,536.4655743344978,551.4701759202932,557.632135159794,545.8244596094082,509.0028414971106,500.5701351387647,492.018757636415,510.5296895576464,538.6515475748022,509.0264707747803,510.6595999168663,531.8814768505667,592.654866263756,518.0170905410865,479.6741002952804,500.2697764727761,464.15082549533577,488.9932859414768,480.44679573777466,475.50544065928585,473.3035329147237,442.8616844763249,439.99352711218353,417.305983863308,441.86681294690055,409.51153479607416,407.2593282509303,373.1358904934401,369.0853379293694,395.1683996319088,384.254693294837,384.2671951356834,366.2881313745984,367.54329205907214,366.5170281807264,389.90842443276017,395.6586859381258,411.51865686462776,392.9950276617117,370.1394096484338,370.663749702045,385.2078551423068,368.6150542974466,430.6202861434164,425.7189026675484,386.69933118163726,384.75265093778506,361.5145491026171,341.91416611380924,324.8965051983855,323.67440730164907,298.857221762596,422.1185126745982,317.7045474976655,272.99821264755707,278.7099994294816,264.91523911942204,234.48626828564235,239.8482561516891,236.8286816817788,244.15420795031272,203.4871907949893,218.5400482816884,207.0949064842757,199.7178470583855,186.28431328865597,166.49901175144646,171.64162111096672,184.5539183269113,162.0110031759758
93.7245079568124,83.13572554369168,78.52938804513556,76.49921743578528,69.48086302410441,67.60549409316565,73.03780879665622,71.68632759439514,62.98993672856735,63.18126985440451,61.89399597871812,57.690328754284856,59.1706613217028,57.806229643423904,57.73369476147339,58.60639244410258,57.91393281716953,55.37710704552864,63.92632428300414,62.01061871876357,56.80076204799874,59.631551522690266,59.01899526425174,58.512186978425134,61.31499429797803,61.458941387753015,57.933495850958685,62.073042110131375,60.912388265918935,60.91594957707715,70.87885062912373,70.16702305029388,79.73822673238647,96.3775058204032,86.66175660608091,76.80214926241729,79.18714137659417,73.23179056204044,69.04843714041081,88.91008667173381,93.92153652460004,98.6402533796937,97.96254883514064,96.30608211085864,102.75256426717696,126.6267138993342,135.93935715828556,137.32324234507183,151.37343768071423,169.40644637792786,180.64367368000416,200.6011469727238,225.6387096924992,224.3245595832605,231.70527175735876,239.8489143911672,271.7452173833965,295.6533825967385,296.913172994685,317.3827318988048,335.942264380327,336.0589656840685,331.2241328349816,337.74933374411216,331.5576209916594,337.5561345970109,344.4423027011817,332.5348714236787,331.95706410415005,354.7459147762344,361.5919672376161,358.7904726940549,376.4804582794763,353.35174804981204,342.0226313934746,315.7617197899015,322.22355935052263,311.5503213761397,350.4187070181389,328.0988718983419,306.72921977037555,329.1945431244123,314.06042155711896,330.1461312333486,322.12322188098284,315.3958203423596,315.2854003154274,297.634358003277,333.3232292558552,324.8195594645666,312.97209700609903,301.504057819091,311.80023066832456,300.4443280671024,287.8870023516445,297.7311821049944,276.56699285102405,275.611084466856,273.80436459932315,272.48691198706973,295.36688462918335,274.0752104771633,293.1743684024083,275.72567945165537,282.3429939098022,274.8728377508192,278.1926657117571,296.9326651495676,298.71163899801087,281.5632866042571,264.26037176531366,273.0135627214987,260.54926451691944,244.2955330163473,262.4334635162253,246.73126586256072,252.7160950082298,239.73044809201545,222.2995338418007,197.9848935394756,190.3686570436724,191.61792474836295,187.9591176275465,196.2325143211613,173.2930930063583,156.9144754103471,155.08938040006782,149.62593299702343,147.02558731283557,141.7797815762464,133.70134950264534,133.66695631448073,124.80717537930909,115.99905782982418,120.34978546693328,119.1380478937861,103.49754034898118,99.0458274770591,109.14220829888392,109.16097998016488,105.05518789045364
93.30066867407804,94.28432472829896,87.43719732644422,85.59676597135301,83.54829952550959,70.65060903111143,73.84298678949939,74.36224056733624,67.5143307031002,64.96481203427902,63.2223451927866,58.92887885189423,62.66418962193946,63.98019071582876,60.58006863383383,64.27799451509466,62.45631436580126,61.1858127500807,66.34763514575152,66.47044085168788,62.55166667665229,66.73761024816542,62.07107256988366,61.21314227397496,62.65074450716428,62.3007419395385,60.03042880677671,62.56073785174859,64.58349844333443,65.37678064860042,72.0376006128005,67.09546091672537,70.17540956697395,76.1178377841427,71.65996925025736,66.29463668547002,72.14237461505313,77.05979256870253,71.90434948313315,83.47762429839844,91.79413638061676,94.51851752714906,91.55355008683776,98.6789875327366,106.72378967386,129.00701740922332,137.06246478674828,148.79585558483845,161.62656604019284,173.45662793036774,177.6589154762773,198.14143083395496,218.37268416789445,223.2532067080613,229.44955490816537,243.8918098332981,246.38779949867015,256.15952385705646,259.1822026492186,268.343126310746,279.2967815518584,280.5625670097521,277.2078243200295,295.4418724552473,274.9976184401035,279.9643652617627,291.26396729602993,274.07702253564423,290.95554888646,299.7072120079951,314.3151796310784,306.41921941365985,316.9290612286748,300.2869822544652,288.40670109237715,288.9885000495849,283.4204071790095,269.32988810548244,303.7849696681,280.3744946462946,292.31740308889385,308.42687535999875,294.3989576237228,294.5153350614732,279.3016957226991,280.9980248305097,275.1476905393939,268.2695514020854,307.38165258541136,301.89955422730634,293.26918671551147,281.03258418143133,287.26157233947004,269.2960259623488,261.0555626056516,265.3268268003408,268.42772493844893,272.08852014217825,263.3221708099482,260.63488391857265,293.7107766244222,279.5959046011654,285.9125527694894,266.1791364734235,271.6727074019964,264.3512589569895,271.7391404089229,272.097984711489,286.82062851075267,273.33585829879496,242.63263435590832,247.13204902171287,254.0422931986269,242.0649150645349,244.55009417233407,239.36078469425172,242.1535075112901,231.86849387544805,221.4986068340249,201.15900388775657,199.4471838837073,200.2426421995292,200.80861553256565,198.1029643169003,185.1600625997229,182.4803257051985,166.34033747186126,169.89341923547465,174.29916130753313,172.7167551595206,166.21736062567888,159.488807811042,153.66210119230902,135.75303521376344,135.65074521035802,137.65701060785923,126.63400698893538,127.88218925647296,138.74955281583527,121.15028183944868,122.96654627528244
135.45563443329925,144.81613119311993,139.53713054702388,141.9272811847004,151.6741519815476,125.83328436784596,123.43704569856952,125.10141350502728,116.95148491567195,111.55095085684282,119.96935059174366,103.61122121262832,103.69683596186805,114.40085009101873,102.7681561411374,107.8659909549157,112.32183211361122,111.11457801994078,112.76291905728868,118.2576666780202,108.85015965864368,115.94305264022344,115.42100409017564,112.78912127045224,110.0725431169793,114.55493825924704,110.64563766885992,109.60859056340269,117.75264898591568,117.10054066229604,115.12591006895002,114.46802090095794,111.22363574957116,116.09047965134508,119.09719286871648,111.86604280579878,115.8182567635947,136.0382558383409,125.51951665120184,134.1000333977941,145.40081159010728,141.68065374886,146.38678286230945,168.87710226536566,173.88437914934582,198.77141273109632,226.38362284669776,237.6889564616902,256.77532220978327,270.0166337107068,271.1236937316565,292.29180919986453,313.01232370193674,319.70818565709726,321.0015099314839,348.38006889089274,316.4726974848052,300.90670898832866,314.17950237541976,321.87235622869326,321.03187111055377,332.2095584399273,325.509619461514,352.5475628815526,334.71090064543137,323.3837381609016,337.1801667284915,328.49327723357624,343.700943160347,328.7889765779016,348.5271860523285,334.269480860471,348.93852529977335,348.206094872719,330.87048526734856,350.8297847952261,340.4365747171032,308.52480793848645,337.14226089266026,326.41072344399925,343.2810231552084,338.1759003525172,327.46017253697903,325.78896845422383,299.9548363297449,311.29205412482173,309.67518256633144,308.3121605469616,342.05522451112034,332.1160239473186,325.6130172575422,323.9789076105228,326.591077806547,303.51775353256346,305.8407394073842,304.25071986368664,317.11491818072875,316.92053635226625,303.6771893367897,309.506605836352,332.9012312426494,339.8231080867912,334.92434137377046,316.4296287760655,314.427963979376,306.44762677090074,305.2003703054932,310.36960706368603,335.59839119074354,314.3639576634571,287.085311707939,290.4714844855283,322.7846978138432,321.0492444888351,301.9180654997634,304.36516081399304,300.57732629737666,287.4381127204596,292.2005403070826,263.94400599509413,267.4441876527274,263.1330897050678,263.46255809724744,274.055819054486,257.4010668485216,262.2627887857174,239.0549936378398,248.92423168098955,242.6865041592731,255.57333995029208,255.91226940118733,253.1475757041188,235.8334547043718,215.50010878918317,206.24656698564107,214.76367107861503,207.44156938775225,203.0159379176552,211.19859030585607,185.55462588572396,187.2264834694488
117.84894810172284,120.60940965317448,121.39721131988875,113.25919349298796,114.70657557864529,98.24521374560156,95.41944299887636,97.09027767154883,89.68689418895529,93.0004282396416,101.05402488867502,87.13263640500729,88.5274715919857,93.91901794187534,86.05591199320206,83.70554008666491,87.68263787766956,83.1653168552958,86.29185142130093,90.25698577159538,84.63937504671182,87.03884139138327,88.70815134216286,89.5058843384449,89.77115062806595,90.3615991750179,89.5082654114034,88.76238871691405,92.381014555453,89.31507497275253,87.6948411273852,88.41470246208061,90.59365995598677,92.2054271556568,98.71810903180472,93.7270660940968,93.47013535183584,102.62306790361544,102.3772391613136,109.10388011747746,110.38499467649088,116.8288747030582,117.8279290850316,129.51084194572903,140.62727234007215,151.13255304638992,185.4151503723808,186.408366734116,190.3672941502376,209.89178635439777,209.98787245254343,222.97307088233887,228.78327128419244,232.4092592256676,228.21674253299597,246.52635897687327,240.62678211147195,219.01634065275115,225.2629068834643,233.62018669361265,246.02806921720077,236.72618935460667,238.4035923910935,255.238853421744,319.8546114380482,260.82059895196693,269.2316396246557,247.0955702235941,237.24355135074435,238.79365085832316,235.27041719945765,231.2743350167881,226.50793058673463,231.53704387189148,222.47032597743728,235.87529036004096,242.83269687473904,222.6449350406652,231.03752197760053,226.3682330537969,223.2500443393619,227.94530267457964,218.95588703836376,228.82648123375907,221.9087958960818,225.6726592604984,213.48623536421331,216.79420655275385,223.4309675480944,213.5124970129157,218.95502925641685,224.17320310618135,227.67422732720195,223.527747652078,241.86616213041432,226.2234560492151,231.9910400382656,219.75185726288015,215.85716556147685,221.00957012383245,223.29704953313035,228.1335048064667,224.94724669179996,214.001087594469,216.0844816222383,218.12287476329465,205.32171809030245,222.11223237998803,233.87149663010808,227.32777042724317,216.1802101209269,212.27808661349303,222.02562144653103,218.59908468739948,196.81022218523705,239.60674430295293,321.4090810952933,243.5710678597613,240.94497220304729,198.66832297364428,206.7903109178416,194.82874664971305,202.03121446774676,199.50041726872865,187.49538298516444,181.2814389731111,176.8674335993789,200.92632312877183,209.8131701985536,188.45528283320735,182.61945373512324,197.50115965404467,187.03706422051857,178.8350853444248,167.23221531686107,158.81655246770237,187.4570191547289,165.99463271241552,155.05071429711936,152.59216189343772,140.1262080933128
175.3570994119729,177.17173848737406,177.64120387519694,171.73071353631673,176.91675464874834,153.7721200100205,145.083151883643,146.19645391058447,132.9920523819037,140.35798382780004,155.23574405911307,132.27826409606433,135.85766217250776,140.5893518939514,129.14997417690896,124.21022265862234,131.72548260921272,121.96137612574933,125.93794451381004,133.35284694185245,127.65000002052744,128.27878344325512,132.85588649044678,134.99431845269103,135.94822788882138,137.5439917095668,135.80092561935754,134.46024777930262,141.82386060754803,139.49115736177717,137.89118005495686,135.47008966482207,139.68867041162986,137.9546653175261,151.21453760141324,145.88999210841897,144.82132061161218,155.44941792257367,154.92977868626554,163.78114666259282,161.98316991442653,173.6488494490849,173.23632647048169,190.2670750598025,205.50149883354692,216.45810970240044,272.0346562964005,269.4480657139188,274.6783478652492,293.7266255489117,299.23049035787113,320.88668032391104,331.05863004000355,326.44634379738505,338.8381209518534,359.63333910910126,358.55746591247305,317.45213516113097,331.6488989531262,331.9202921132231,360.06764222606466,339.7774529863048,322.7438140544074,341.6012419674516,486.493644245047,375.3604567712668,369.7176842118476,336.4409883719349,331.8089352809123,347.6347196479952,337.5896523799086,332.1663961593823,323.4286252921219,339.30359436373305,321.5489942321477,340.18513680453515,356.41938302833137,328.22873212072795,343.8719088734065,341.09080137371006,325.09732849565194,335.70087811335134,318.48322877448174,316.7788631185449,321.43590086255983,324.30691145638315,299.4274764722292,308.508356558643,314.503679676086,304.5195982504255,308.0438272851831,336.2617119935275,326.37046246754454,317.65855929539515,362.41231403678586,321.49001193933987,319.1607765840408,309.41272294983094,313.9262592746712,308.27076435077043,316.91199401419993,321.3865732262758,309.45915869065385,312.6648868843992,313.2203200301589,314.3882596108288,292.54596282252265,316.18870601761546,329.0285289225937,326.85020498567815,317.9074767755553,305.5329777731911,309.41513641176294,298.0261777401132,276.37747844202977,357.0315555857472,520.518327584686,364.8401397933917,362.9774062616184,287.6589004020669,294.5389887327659,276.12712021309056,281.87855308977146,272.0717272997896,256.3123043197607,243.8662032267101,279.79341508179914,350.16133888401845,342.379257811474,275.1017326479022,267.4672849564895,297.30976422033854,286.0708746938643,264.8016098730163,237.4282642628927,222.26706659135635,282.31007965226354,241.10762048141635,222.90350505129285,226.5569992333948,199.6587564422804
220.58126542708192,212.973486842652,203.3896780522904,213.5679497213326,213.5038254958338,189.49972299759025,190.01855352066815,201.8074661743421,181.4431549952132,169.46603706471308,165.86746206797892,162.6362909775413,160.9529886909301,165.34927371839552,147.2639491808661,154.53636997967303,152.21235410258868,150.44974574127238,153.52461163973433,143.41290174705028,148.4123317889378,153.6318917484962,139.73059636095655,137.88035516107098,146.10046785423006,138.0270698183778,135.79260645916207,145.0520694344784,136.21710645797953,136.59280489715425,146.12977689347568,135.24282115670243,135.626023528698,139.98649163243505,134.75938663939738,136.79485554004643,149.93716255945856,153.8075641735668,150.75786612988023,149.9098346344328,153.60649240825603,157.1841643115301,176.25381619105772,187.43285769058213,196.66906555741343,238.41949930512948,247.98471974246056,294.66211757713467,304.91316361504994,325.6588567612405,344.3986868796944,394.7406647222608,374.1670837283215,338.930587527742,363.53659673346016,402.2365114427561,424.5678613445644,418.3398046381575,448.86696858957913,424.5434803608137,375.3835411315505,356.5032527381919,385.3201883533828,397.6634763283655,425.7125974994596,418.62933891070287,400.4885515973999,391.88205739389866,362.3916800631251,372.6804103026929,367.5638352818371,390.5934860120023,387.6240537914872,356.6693112986158,365.2697215855711,373.6351760508279,365.74303556783104,378.8595840301783,401.4953594378047,394.2144708825482,353.27425495249673,348.1507107436927,362.1540701639219,376.6327361535001,368.9404566708711,351.93161122707954,336.50590768050165,319.362887176039,326.76319863946856,319.80124109785265,308.3352768182773,333.2722878440369,350.79493121045306,338.3039359071625,338.1732666715207,355.05701905168786,342.0538266418875,339.4644373848022,337.9302125296963,356.04685661193014,352.79130407682163,332.173355516582,375.2354135008853,342.0061598364479,363.15272075078775,384.0521254501418,411.5251781699953,370.8797651428649,373.342125787872,335.7856434423823,314.1640252128161,306.52592666125446,312.67893259183325,315.97118064972784,326.9820775306555,317.9486133341722,301.8350771146275,304.1064862300735,295.84779348163323,314.13543919257864,317.4010809217302,301.15043093668294,280.5922850472695,288.7951757987567,291.5563134701487,309.79727729565315,325.4936563385276,310.88233266828047,318.19903779320464,325.7323675384338,322.51358199517824,317.3821858455308,334.31133662053713,297.90854507705,297.8291507329971,356.1351464822533,337.2827878758106,304.75325245296256,309.125898801326,287.52329480451084,289.9082954273883
157.88295827021128,134.39758128909074,137.4470147973508,164.9404051233092,173.1787987167673,124.62119253617676,132.11681163185222,117.61357768990192,107.873906969227,107.06968917694356,97.43874082350224,88.38424972439434,96.69672405528743,100.11542164302529,84.15159929036516,94.57874811702668,93.87150849335744,80.25095589978282,89.3228890051844,86.34129143525303,82.50579445412102,96.97957317008772,86.81405104469908,81.62096974971189,87.0101576908986,87.33718270952173,77.30490751771956,89.13799284458202,84.077041448593,76.16801268216214,88.87734439306993,87.76593348698819,86.98304126113891,98.71777945569484,95.4198933204972,88.65963794345247,98.60569198821791,101.92413324930898,98.82960173258736,98.07226782078448,100.28329438148916,112.3418882374511,121.32880713169972,125.02081556996797,119.2869295289752,154.32708020218473,157.88391256821473,187.5375509732682,197.6410740411112,214.83145400916777,253.95260310480415,252.2237846375833,237.88847076482767,215.11805194020477,252.57490513099265,289.58921787282,301.6078326783231,315.74658250236865,291.1687656680096,286.91280286886536,301.4786520478836,295.39873231769377,347.9202745242509,353.26648667017633,432.08869747141785,421.56454382744136,382.477599977165,352.40425386153515,302.43211146687736,301.52074774387734,310.1460261856851,314.8968722792211,331.54772231971066,300.2409957329036,302.5272237906518,299.9339159471991,316.97164325368266,281.5758898884271,309.7023785149485,323.78849760354115,287.77911831684173,283.8914114124246,267.6131237836523,313.54755674458914,283.2128281548957,268.457838779304,229.46421396400743,222.6277047098613,246.06212463716983,228.89876837765516,230.3152569020964,229.43477006450405,225.79572361323872,207.79211728931827,212.68423708168203,226.2175365206429,196.587407384378,198.09618932658597,214.94884577570568,233.9842883806605,229.65106720747823,213.82293699120007,274.2624387483302,228.43917640440648,220.77250821824384,232.93214339388751,296.399074614281,263.6999057513672,286.0820394216979,228.14209251021487,205.77141939088543,185.9326289143431,192.71823226586395,207.1335401561861,216.4900987287671,195.7685309916376,193.7700841928057,196.1177788826244,182.06426807948523,217.2961854517401,212.04124577710016,197.6290738306345,199.5326096271911,173.380102950842,158.17141550099132,169.1265935291193,180.74804020161648,188.34590811349557,206.37573738672225,201.05001893686617,195.35323386390604,176.95005224778734,176.8257422751882,165.03236335299866,158.06862563098915,170.1556073410162,170.94300101697524,196.0690726215117,218.09864266684687,183.2180857049745,168.11267741057017
318.5208096048979,289.8074246122953,329.74368702608103,330.8407586596737,326.8961958619784,299.51861346336983,286.0565969140788,242.89485662929985,250.0310605289632,249.02644256576696,260.47410520534976,221.0892472517978,199.76174187581125,199.3318700656251,194.6354771025244,197.9812485077373,192.13327691976184,182.2363322666621,187.6863934806288,185.51783722429423,186.2454486260044,222.41962724030824,204.8015853218274,191.4751261254706,184.2900784905334,183.4594740560777,170.0507855458501,178.0454539005632,177.11292878540664,170.65764188581574,175.51241759975676,183.5769094437952,180.8616097389769,197.704125630332,193.6151006172851,184.71086508190936,195.7248361189474,202.46740650560213,199.09723526585287,206.21743958930884,239.17111793018276,291.12068069101326,278.60920496119087,278.38840878923804,287.77207556493005,371.2876742257231,394.7565725230807,450.18431850023575,494.2096378123615,526.3035285469722,556.827327003744,571.2637087485402,602.8645460348057,586.0893068938746,641.0865438934003,684.0979959191336,690.4751022427956,712.4457566344089,724.8721248505697,692.66487411129,772.9852857232387,730.5657542346136,718.0426612029056,748.7956017254992,818.2550406864726,781.6983029739434,769.3810760122019,764.3419939784928,755.4553901802028,727.9686662071564,747.8218918685062,720.9338580277803,740.318933560549,702.7377125504762,883.509258047818,752.7784467411615,787.9630743486712,735.2720488640045,714.723715475522,710.6101799956699,678.9726596902731,715.1339142206389,706.3450083679709,740.7152334095924,711.3099465941675,662.7600355142877,635.7438863421769,685.3244455822808,693.2598669149462,661.3252595799366,645.8427347503779,617.9367970583886,593.8164703448828,606.03888912743,609.8268849760749,621.8047209737202,576.0023492722095,552.9019557634513,597.1168853760498,577.1735637091658,567.7059453933957,558.0671342226063,590.8775508359479,546.5523005663631,541.8042840014865,539.2972824243392,562.7822362036588,531.4826503099728,569.1214110561426,544.0122384497504,515.2514367129907,511.1063588267045,535.5755880002315,540.8458388356518,520.9547118163131,489.5259015394574,495.7137875355533,480.92039453792165,499.4555852753545,503.27187019558494,492.1559987662228,461.1608328913128,445.660367374395,427.9469358817236,407.20166270440194,440.5247056069572,421.8702638896455,434.5073786981831,466.8226381832425,453.3887165492207,408.6657491430052,399.3710551732963,428.4138714451413,353.4195460359923,357.3232569071224,388.0194589571186,362.5029013931213,376.12214083430734,375.2365482606509,352.1843774681774,334.10791570849415
341.44598790385976,328.9942801483924,317.3585438239252,300.78283542420905,302.04177685288994,321.3971129198157,307.874788228794,276.9260402257156,338.6240544378188,352.4359715102675,465.5965498139701,312.8090006791236,245.12724250278592,252.299442738926,262.5374508203098,242.24767918371288,240.430590812728,235.15073722927835,231.44065438327087,238.50970703740325,235.610599386244,231.37083399344573,221.37080150944743,224.99330549119205,213.4153917725276,211.1927578745359,199.54499474338385,198.8979387418813,205.9924228070096,213.1481037740313,199.66438394165328,210.41795234055317,216.56041511384663,222.1351463176285,216.6093013833065,220.4624382798779,216.433153975625,224.19080699341845,230.4620137617027,227.52147307569888,262.75507436518166,329.54249988723296,308.1686210009593,326.99305482480054,357.5844999066636,446.6829090379844,478.9747264838019,567.4798029471722,634.5519484091845,676.7474255167803,753.4511273860387,780.5557819756091,873.5078969946884,901.618125917947,948.000078899835,1061.0775528728952,1050.2545438680936,1096.913292091199,1195.7504547485732,1136.6665801850802,1269.0267773770654,1181.132098626259,1191.116740375163,1276.3507615348244,1369.4140656151503,1306.6725991436158,1362.792141116413,1377.393287142607,1457.4101876638422,1431.8860619968043,1434.221360905554,1359.1290970808666,1306.0522404850203,1265.3417043749548,1387.180201758484,1261.6405004382443,1345.6539962971808,1310.155437813795,1226.474821542661,1231.118535535032,1223.6221396083845,1207.2409479363466,1234.1713339843525,1229.9911496113243,1202.484393768896,1157.022357053808,1117.3030449601997,1200.093267091473,1182.6034784002427,1199.8575510816167,1171.695010111079,1077.3401581563216,1057.9266571474163,1049.0880463155856,1119.2289396737856,1115.3776602977127,1098.8537926484423,1020.3171574382052,1082.013409252968,972.984637260634,989.7940650574418,997.982164688038,965.2032710095402,928.372295242893,918.1838857160296,912.9133511880428,862.3868196774457,793.8467853913783,797.6713160645029,783.5750304670329,736.6310335268996,706.1115538907515,733.2867539318895,712.1246839833072,695.658767759244,679.0240978830107,661.0968793685171,663.1525396058956,765.6015668938318,698.5196095976574,650.8579386555336,605.4021510120068,588.4323156334174,582.2280573501689,553.2473194757562,571.3890054705952,551.8649454256168,564.5028310043479,576.7674791119288,554.7051889134832,532.1137526370037,579.0711712569491,569.0595292018422,471.90406441219847,469.775007275597,479.1349954870946,436.453630220874,440.9179651525777,444.3651011406282,486.0430647258014,467.6611892520245
566.9651672679744,588.2918036803969,620.615128977859,559.2815033411082,521.523722743381,500.0903017696295,451.5090111096209,427.53025069998216,437.0983657957877,441.9527964935336,539.2888824648545,399.4061563757689,348.17955388930744,364.4680312837379,373.974375086658,358.60856685364377,359.8681776268464,340.4475262410704,349.5588473121489,391.5911287069712,377.209589470134,392.2554609090394,345.50622447162056,333.64775543365647,355.82176918839,332.1150120425953,297.4208583915603,294.6116204058593,294.1450727511183,296.748195475924,281.7488227016727,287.3415767582755,294.8299747271984,300.80248556554324,291.4908058905264,303.7991329216832,309.2293782210253,305.5384041306103,317.0489453344913,312.584472302481,321.28009107242417,384.5822582089516,395.2899912069568,423.8360423189821,500.9713098122468,655.4095359848945,707.7656041838708,893.915349057849,915.1435450538288,942.7984828671192,1098.678656928506,1165.18422562098,1236.476241613362,1286.1818170423833,1296.1635240082535,1394.8549300076488,1483.698955101356,1547.3832751563452,1636.766563650348,1605.8988675068629,1727.9126246178932,1645.7621058080558,1796.7848748355673,1790.3299909835491,1881.742456397616,1927.5714523119436,1890.75076672118,1924.263699513349,1991.056708275678,2055.7360194621,1935.8431893290956,1905.6961419026195,1771.5325060230718,1759.2205613434164,1795.7085553267557,1776.763857992475,1772.8756626646657,1773.168901850811,1712.0266971246565,1784.8061745767338,1811.7876057202009,1754.158204833985,1809.7827462547527,1759.3734896048577,1731.1367105603963,1692.07385212399,1498.2921420594887,1469.4117149118554,1447.0687692502995,1484.2757742154731,1491.3952688611892,1530.4202420415493,1588.3465417397158,1555.385795492548,1628.8644838558478,1483.7369014410715,1505.8750285962117,1444.4761610704284,1487.321938048998,1439.4005114198092,1483.1247022988243,1464.4052296665204,1376.652742832861,1367.6904354749845,1339.5727122841545,1368.7870442616202,1323.578815935237,1305.4640979389162,1267.6113830615266,1165.9214226242157,1114.3746676683834,1101.1330693909065,1108.3430333456472,1054.595952002454,1066.8815412335653,1055.2252023206331,993.7143914903548,949.5713871151196,1026.7062871270462,940.5133100284844,849.1414341460978,796.4139524711151,742.5320306031272,745.2391782483223,740.3004017693928,734.4244252020578,743.0404729627846,736.6336675312933,742.2973707921881,735.7799650901594,700.4893633913638,691.7773933715948,743.9981893641959,710.0019681459931,686.9103539236537,718.4723696471257,695.0499851632278,745.5861720951749,747.0012817673847,888.575192248282,912.2617521669011
346.74848522836555,451.5705797796476,624.8370497620159,557.0127717707568,419.2972520323665,386.0425623949618,318.60850911480406,274.8519644145377,252.00927588131196,241.91609010060688,312.0189046105576,260.70396454336367,242.90082446986167,257.3320889782882,261.36175540868265,287.4041539420127,286.514984026302,258.9167836739365,272.6163651576181,271.29877120553795,266.8624053647512,275.9691452255538,277.68515215169856,240.25382187655504,228.5903024274271,202.4636305081807,194.3487985931463,197.08968221659083,204.3576848080702,200.4351235678596,196.3280430032206,205.11917081095163,196.62128948112985,205.00659104204703,205.0084253350633,206.0587571056212,209.28854649252463,224.0733857560671,227.77683154338592,220.2911347742165,238.7989368206492,262.3752009930596,288.59721284355385,317.19396129600835,386.3039308377231,439.7136329856255,538.4320962219433,703.1863915865423,752.0341652153745,826.7055861079325,1025.264395174772,1321.3489010858214,1659.2648258950348,1740.412842543722,1791.1046570558512,1893.290951193106,2144.2506774383623,2316.508956908337,2420.4907836018656,2412.6073674996883,2548.267630997356,2497.6807111851112,2697.42689253478,2708.806015685036,2860.041500310188,2959.93598527749,2819.368014018515,2719.9651339122875,2815.959732269626,2842.612453492586,2735.109102505818,2817.4511868663417,2785.5645929513958,2628.465259111096,2830.2931283885678,2844.7322631415664,2649.513229656978,2675.4654208172715,2560.0161177682207,2692.740448979649,2758.9286423892027,2758.486794765747,2726.99538567767,2541.897078536738,2631.1645697895437,2711.367446744051,2509.351419157096,2503.040879477874,2339.515188146844,2294.910631309701,2414.007124978723,2486.687998765149,2626.3778446472666,2599.603508532229,2737.1659926592656,2546.491686639377,2550.3972927953027,2359.780383640173,2483.0606136923475,2467.1248528681917,2507.8816338184743,2446.6533819137426,2236.104916901685,2093.481697731773,2073.5799431228006,1959.7402284999064,1838.6519117706928,1904.8072845236832,1838.9885952181364,1659.240705476995,1592.3144067024405,1511.1749894951183,1288.019416129721,1267.31798820405,1324.0278791010091,1175.1093359981026,1127.6619899879115,1071.6320746602091,997.6752111532423,959.6514911334414,957.4436794859448,867.9018294535559,803.5140085726541,772.0403390214092,726.0163566635176,718.2432788865957,719.8709780445876,675.5713511630064,668.147986652804,639.0222057176467,590.0173314362198,535.1212177684818,585.654745902686,616.4536352823832,577.6018629279258,673.0923383458032,629.0557483702028,696.6025277410632,642.4979897279142,587.5714484251936,608.3919408469797
453.168229321336,435.2637252952951,422.050554338701,378.30759551068536,374.042341331881,342.24736403673484,365.1689051320977,333.3076563632296,327.8190579559228,301.9077805587946,295.8009942123947,265.2276105319045,248.81156019092705,266.51723375938667,263.87738190188816,301.1466933620452,273.9631300178722,286.12608711524075,276.81119436981504,256.1951174251035,240.52754335057503,256.2643247831137,264.4500931751671,249.05874870847603,258.64702519069215,234.23800991466845,234.3321517232356,230.79317541185284,234.59236949063063,229.4460124751334,231.11631625926157,234.37923175854544,226.9126466288764,235.22332253836623,229.7905898062013,231.8978288599312,233.39498312871103,242.69495555711077,245.954535150164,246.18119122249624,257.21378889944623,267.3830475847469,284.1961637135103,312.6093020514001,362.6755360733252,414.1852448729439,436.31881323373136,551.2336943199147,656.7127982602238,846.7298656970568,1059.4554401519258,1386.6957967133612,1683.6873808129956,1820.3449230057684,1939.326535388955,1981.961214894276,2088.718807196497,2311.961100950591,2365.3422540616834,2362.0717843350667,2567.31423315904,2552.438215176277,2736.368366764608,2915.8939529600298,2896.044050406194,2905.5895616002795,2899.569478902144,2802.2792329419126,3053.4097261333704,3089.346512182096,3041.3087973692204,3020.4959515411742,3248.1784854359,2984.292779379744,2959.0440498942853,3197.889000273587,3085.983866637592,3009.3767100111127,2854.4663022265013,3046.585352230705,3019.578863533122,2825.3730476893,2790.413602703372,2604.6510981412453,2564.109188892011,2591.5744619163315,2552.231400154036,2630.623344744284,2549.728401435179,2533.810832136609,2474.146101551866,2450.903172076744,2499.990348414364,2655.466225664916,2799.200789927313,2526.691487067326,2326.7207110664745,2201.531988248232,2296.516193751275,2329.1073606350687,2243.205605458168,2164.94917132368,2117.052881185653,1914.5867023150292,1943.0279281361368,1944.3752220387112,1813.8668125420295,1840.4895583267407,1727.4724509543166,1442.1662232209571,1370.6528876519465,1225.5140003716551,1062.8229397758812,1046.7652957171165,992.9111177976414,887.0746865909367,861.0844415681001,949.4969921150714,962.6946141594234,1007.9488428533164,1030.8901287491403,895.8036302285674,846.5881913164548,867.6106456493824,838.7552758862431,796.2762260275683,749.0238298579708,687.0514621924558,653.391970857309,635.1642222403706,708.1573545389658,655.154618168857,650.446414728442,681.3907854669069,678.7857326328115,715.660716164213,702.6857814595273,693.263012642163,645.7938277859354,654.5224068919215,659.4224861757723
592.7600620709981,526.5715781784978,489.3178575316908,477.5138771594167,459.0454646896764,426.1395733717313,428.7482832066706,413.9475757269249,393.6019601411023,360.4621728750294,373.3110030072209,331.0673994024719,340.91188460036943,334.38269673435354,322.0529816773539,347.6180411241364,296.45206026774525,322.608702248833,333.6147764203178,311.4220346866068,289.78589228576914,290.6026030001223,294.2137699601922,282.41953384154084,298.5667041573912,271.8987730469001,277.98206799947394,276.9515877936459,259.60942555725705,281.46230906215305,287.4504071545139,288.43795255604124,264.8299985829277,275.76636297852656,262.08058066045595,266.2180884858832,278.6340413652083,261.2395372226839,271.06638991850326,295.386447448473,317.0550273633564,335.87515726701054,344.3545785633329,406.4946469847359,475.0617756832859,524.024034098874,506.5416225890799,572.4534728349659,691.0344236964618,784.4188737664829,765.0566171852442,854.1391511281577,948.8851691206892,935.944043511276,1021.1610532941568,1007.7427879764066,988.3590350644224,1006.3936637182206,1006.0035315762326,1005.4765515883668,1097.9285196123674,1105.953569481181,1109.1477497644423,1238.0062001459787,1191.717322539964,1232.6279096071642,1260.6359746170072,1277.4404730684078,1248.8977935636146,1320.787576160942,1349.7820626452249,1273.4462665553092,1249.9288886070967,1254.6420690036982,1274.6607548798495,1315.230119640844,1281.0404492793025,1310.0284512441024,1296.9180237877997,1356.6321732869078,1416.5845051592391,1368.376831621288,1491.0481437146625,1398.295939482708,1326.4514626652087,1330.3956630920682,1233.2159724930625,1196.0690174795905,1234.9397536368665,1290.285774743485,1246.9313790991548,1163.4665785208394,1203.6208735767368,1208.2596094900318,1194.9716418513476,1159.697030355552,1119.6182918001605,1125.5289283043028,1072.3322620319673,1135.4738177720155,1099.5455667519966,1052.0577863718102,1048.5247619609054,1003.2300291833104,1029.7246858929257,1017.8165280620284,1021.5962065777636,1108.1959314074309,1148.8431028997363,977.1952652483336,928.799957599132,935.537205310076,911.6186558744268,930.3347318588436,878.338434093693,815.9869430094915,821.8479137286976,955.266425397845,862.9557681570496,901.68315763581,859.1318726497922,766.819562608116,779.3296194227456,821.2178955821036,784.7263672111505,840.3571099512097,855.7492583278522,784.9811597930466,823.9102780221119,762.998324636309,809.7313338599437,809.2235531388152,795.6302961913264,842.7478312332001,770.5936750299247,817.6648655385299,822.6494207957234,792.7758148654915,744.1521758573051,749.4002978312212,770.5779877240955
456.543133673018,394.15084883481177,402.9011161312793,417.95199282259017,383.6869256715984,366.4346552015995,356.6173836348729,365.5765106925962,334.59641077566147,318.6873886849257,342.83144895516847,322.0167074431105,343.4155134861943,310.730833403051,311.6748903250669,320.317354888266,295.620208218754,290.2317352365718,301.06225849818907,312.1443038441398,290.63930565012924,281.4976647529164,299.9782404276523,280.18227190097906,278.0937871537172,270.7625592994947,288.1216546105916,285.97732451450224,264.9345566366884,286.13350657740347,296.6999133042522,303.2380252726168,275.93622874586066,273.1858990350969,275.78315046772497,284.60422063792936,301.1364487799341,288.1885417687566,291.82715298218034,314.3966010375127,338.61094523279513,369.4241268837869,366.573470059491,480.62956325868777,569.2734925011972,566.7994974107318,545.7625510326824,611.8547967146436,707.5022675218445,800.8919530469869,795.3273246465361,884.7151395792157,961.9315959457384,983.0794208455052,1048.5283405355997,1051.415689243771,1069.92209718995,1085.6403965509055,1084.8579311047376,1100.0228309091,1192.3748300930356,1240.6390760465213,1228.6170234035324,1392.7538917233037,1345.1819502664755,1329.1927255152748,1491.545613567387,1420.928447574181,1390.5765759438532,1501.0797040118412,1630.7547427843756,1468.1112350919605,1440.8234342357125,1459.2380270401038,1529.571515684998,1520.6116017629834,1469.0211536248678,1481.9350629015046,1544.6437920637018,1585.919662793749,1710.2273548532332,1664.7299916131708,1772.350063925162,1629.4525916056723,1570.790556143481,1599.520993508968,1504.791792076211,1464.6992564435457,1437.5455519605966,1501.7974914971396,1531.669437685794,1414.1457634953183,1478.2750198637775,1461.517811840406,1388.577729602872,1380.4184469401573,1363.093112794607,1380.5777273023796,1311.1186692191347,1301.239872642635,1315.8813904973758,1249.6577242371077,1338.4756225520296,1326.4892452743993,1392.9597056667922,1257.6607483385665,1242.5691450282754,1274.2827448334556,1282.3144043406492,1123.4903665617278,1098.5578536889143,1103.8006300873644,1008.4826324155435,975.6402167854708,994.374275032983,918.8932563806228,927.7809947714552,1012.1796909164004,965.2460605491234,934.5232621362584,846.355203599638,776.6028702839342,775.2027533390454,753.607579887535,737.0348508266951,754.5660291110721,780.9728353172014,749.1683518968524,730.8866159659357,673.9715367375688,712.3832992021959,729.5521475974823,685.0160973762753,703.7406260633348,648.9073302832587,705.711827490411,698.4291830492347,654.1693175286115,598.3865226258633,583.8521167392297,590.6611011709406
362.5099581190384,343.8830298463739,308.8006032166718,313.2834760937546,342.38037560313745,319.5122240026897,305.9318624345449,310.1934180883744,312.2791745943868,295.0162564479151,305.5608023787086,299.6058847067197,275.261455122094,250.70845302073016,226.3622556939009,243.73732750072227,310.0358164716993,278.97195512522376,259.24573186981894,257.00958376539296,263.3962407349394,249.86193706712356,247.35188962999337,247.20827877268096,233.39699330740848,239.28536373860743,250.0031778446256,233.6654629374476,220.26230909340237,243.31480829105527,238.03036780696223,264.46393390357974,269.02157247472377,247.6762276408502,252.88620122320725,268.9980388093595,265.72146806123703,271.557383039555,278.03812168710976,287.5187385697254,295.3721474057258,330.2739474048236,324.6866757949975,338.21785900755174,408.2387085889356,442.7800935012887,504.7899371905813,680.9139208317316,663.5722614818133,741.8614833544049,794.9995113368363,815.5867418842395,960.9530719932266,1197.6138292186224,1345.4032050926503,1328.1119527247297,1338.6686694488558,1406.8273373869777,1426.3667825445384,1493.293210737174,1579.8631225665265,1724.6747023907826,1662.2344003611493,1813.4884347865775,1853.9675466360188,1875.597461030777,1881.6915981274335,1787.67815091032,1819.9852034086011,1850.813698374177,2213.450631603864,2063.6079972597777,1993.806548839147,1979.9454592820464,2204.526318256447,2142.8434948768927,2169.6010274752434,2115.567057060181,2250.8880956320054,2246.1992715994525,2298.241341214824,2322.6592762293594,2528.096041379681,2155.814225883556,2245.9687850210807,2279.499383000438,2274.359340122174,2286.7277341136646,2306.4737007919634,2180.230766929399,2073.771158930097,2070.0319961332416,2010.8154694495247,1906.160388242101,1836.5991435246565,1803.6582010058305,1770.1271317043331,1787.0859369202112,1893.4732589423563,1859.0242549935936,1839.6762914094888,1719.7580295874254,1913.2233758714135,1907.1269633190368,1838.0212344571344,1674.5465353722452,1831.678236628706,1718.486033238171,1625.1002982715304,1490.704934903976,1422.5632416870158,1341.2567157031426,1253.1744415105445,1097.6178860341436,1181.586475457996,1132.3206838822384,1010.6138782418276,979.697050941816,1039.153997148786,855.965774816246,824.8552634083243,852.1502362788921,783.0075956189013,714.3202067333558,658.1281221668892,615.1189266629796,600.3408848072798,580.8633898705956,535.3172045075798,509.3485844386407,525.2097767510343,620.3067370025723,534.8341397900973,590.8057004068338,520.9341823489442,509.3757771974045,486.03007947050753,508.0055672675021,449.8951666423384,443.5561923154693,429.8890463237933
241.2087849114848,237.9213495194899,218.1120363313759,221.26320350377463,222.27903029932256,223.35388330713096,223.3251089796008,220.5569701689376,213.97137031217545,203.39526664024385,191.11776800330009,184.6422471070136,190.7703709809872,184.1104596340895,172.81121584150443,193.29949404559488,186.369633098616,185.79609832953707,203.97859362054436,219.93683017369997,222.4427015338597,224.63034774483168,203.3987764190808,191.75912146513724,197.2591419483118,198.01893271277265,197.48949745431955,192.4172434840691,185.3539530183185,186.55722174865,192.77485390462323,205.62183667245677,205.21134205481357,207.1246559550064,211.1433472078625,220.0552453261372,211.4060890939903,214.20018582952,213.38152313257063,226.83640786900895,236.86762963586213,264.71583080493787,285.251648813096,272.9819559662308,309.00122035817384,364.96602648789377,408.3842815580555,551.6664003400547,563.905888638556,626.277889773219,679.4715426201673,731.6963295896009,854.9110867441633,1013.3494646609468,1111.103638678587,1131.0376423313687,1179.613479183393,1243.7399001640454,1337.139782231107,1344.8728106369538,1389.3371056319795,1486.2773553316813,1481.9481918338993,1592.7397368687127,1582.2496014078793,1645.0197771925923,1715.5021532224964,1725.137523694243,1728.1949776318663,1656.1839079162903,1722.9418991273883,1729.4045912042457,1820.0664425979196,1813.4882396983253,1805.5810278165525,1888.2270755428983,1898.681808034038,1955.146818638833,1942.727000316314,1869.143011780657,1895.0398096527267,1899.7592402655785,1914.7776437034984,1710.1926690154598,1823.6500011575663,1772.4660897764124,1857.399852972004,1854.0547837218744,1780.34393428528,1639.7785510529577,1626.6486723695014,1697.2230467231784,1672.0627808926322,1618.0852570648265,1551.0059644068629,1513.7380254232928,1534.1218274775804,1537.5985116238332,1516.575378053583,1498.9824936395207,1412.0230089853508,1351.7159516056574,1382.840480564454,1416.689528919136,1365.2631130895468,1408.15185434873,1375.593757988691,1362.5101628576422,1465.1282241164106,1233.276352043598,1123.7385652371374,1086.17961362584,998.616791236562,896.2239391490464,904.009205948138,850.7722552218916,810.2065671336226,729.7646534067079,690.9030605880373,633.9184616908208,641.1628624912674,728.2635163581729,639.9884026852836,596.7106741613794,532.8339229164898,532.1025976912806,522.3831768409265,501.08345733756414,459.88874391944,448.35339422905554,434.07448733637614,499.6066808072624,399.98391717444247,401.1365274750566,377.3585734048957,373.2569903257835,442.4834992874382,622.0010965555048,430.32523392916937,341.6386188382866,344.1235216244244
385.2566245369301,388.8598458334141,347.3462997866868,324.3637339797798,306.93988230615975,324.1100448519072,355.4500027552054,317.9896436652867,331.4647038370432,314.0221532601572,288.07482260931783,297.5431247644721,237.895225938473,231.81836497073232,215.3438780587528,223.4183528044608,203.63636919680653,204.4394680396897,208.4225139612517,201.18532928034733,194.152622539582,208.6849411114935,203.9601722638627,194.6498364352197,205.1843027599575,211.1159419036805,210.8913572934736,200.10392067541935,201.33512373543985,197.84908286752287,204.0263710475415,199.93482932313424,197.94434035208135,200.56844344028283,201.846014642134,218.75333175766391,218.16489565344088,236.3153152926703,242.91634079309844,270.65240231658555,254.4678970496741,385.0329379590027,577.3850678021431,465.05083097994606,469.29044310108986,487.27926329713966,547.5670549955933,692.3675501199941,793.0176606636684,940.6507316676596,1032.9032720826146,1118.8135907375906,1371.8387712783715,1429.0214274736863,1553.143394939376,1682.830149583623,1789.482264223333,1919.9115954818808,1992.9280299444588,2093.570798152989,2182.9563792189933,2203.3203837867104,2230.664665639096,2498.5574211447574,2488.1697143736656,2501.1749749767127,2596.119646221774,2605.738316371566,2605.924611276357,2507.2342237484604,2556.2663679727048,2567.150640788765,2737.8905818061944,2925.4239485435105,2668.020626057218,2772.35581304904,2969.5119141439604,2835.8256060215167,2830.081227460442,2801.3892129835685,2721.3852154281944,2648.737823905245,2711.450169398748,2426.78513779716,2471.452734676928,2464.6753603844163,2647.7038548986566,2473.935378563838,2346.616013747656,2205.233960288705,2169.321451799647,2134.8988656415945,2295.939023257732,2270.218777038036,2198.914563305212,2122.1830750889662,2113.472073551772,2095.1603207293674,2040.6362740905756,2111.2053142252626,1950.9426065582888,1794.2242149366175,1693.4875789470746,1744.6388300157948,1684.9044036403798,1793.7396703989102,1787.2231729870607,1734.6488656628355,1746.6813229218492,1532.5650708915457,1407.2439664212536,1325.2491950444546,1217.0247651311554,1127.2129582667028,1059.7770484813416,990.3504598186112,938.2355357769188,906.6709862288131,887.5083598898608,838.7156625894127,721.3330664165513,764.2856492707837,651.769559150967,567.4519990137961,548.063763253171,542.9732842930683,489.5345731321502,471.0862493877136,458.1659979710996,483.600627355936,478.9115189914638,526.3557798646532,450.5178107516386,437.683063136966,413.82647802934457,421.08936903781927,410.39547975045423,425.62387256164254,374.6832350904396,379.3138750322162,387.9898033841411
342.54060841777044,354.346960064596,289.6981102401373,263.6788959105183,246.64962262639483,260.1356007362884,330.00769264567066,304.72567586025417,387.1078223215894,352.94875681322355,292.1180427440352,329.4571567464011,269.7169036702341,272.04723628046173,244.8389983132184,311.2687506579859,264.172026914378,261.3714468431824,237.4009678505933,212.71025597332363,194.25496751508564,210.7336414177387,204.19618989403315,201.1701139896433,204.28340170925168,202.83342145622584,202.6969442765761,197.02305274108136,205.75490493878985,197.0954148867529,203.6767376168981,196.95717205528587,194.49455066215623,192.859004093372,200.27337617889907,213.1717409480977,216.8645057925029,235.13258971372989,243.15595328682488,268.4843010809044,269.36870662733475,358.65846259750816,482.4389156663629,438.6282754454902,502.0459635043477,503.5742708701902,569.9822945018923,714.9365351114856,845.8946147096303,979.216364000426,1051.4807396546144,1166.8771332026165,1447.1061623029543,1503.83024927948,1628.4561560294749,1733.430727758425,1835.9664305061208,1851.642306583176,1942.623693337579,2033.8212860340109,2133.1398185205903,2210.4887806265065,2167.102213988996,2370.603953497443,2382.723313208832,2457.318523864816,2521.729872740047,2413.002624938066,2307.1865585023643,2399.4502846810906,2422.145795440048,2457.1854728698763,2506.113817682565,2574.419393424148,2463.6667370713544,2602.1552422148134,2556.522052565423,2521.043148776847,2592.191128945112,2581.359153515334,2482.246357438976,2435.978882594357,2559.2960414714453,2350.915648159101,2363.869458346293,2388.710342108467,2411.6883975351334,2312.1257606634977,2246.731646269849,2130.6694372252123,2108.132838920516,1990.5815083554023,2053.4362350946512,2033.037773805564,1955.5115605893332,1922.0083162788037,1963.7320559213397,1907.9925309689272,1782.4803091390434,1885.2980444294224,1715.998639896728,1646.2955852490852,1590.509854179738,1650.4297070803511,1547.5275476256732,1597.473059131377,1567.818169040678,1566.0087779437763,1550.4936453927685,1430.1779319329275,1339.1774013894044,1183.9513928653798,1055.310431051031,1003.089219429238,972.4849255096536,930.89967289071,886.2830264860847,896.4614392318231,844.5381847939407,775.4688084772981,680.0529383049414,743.2579845722406,642.5650563698235,555.065429653051,572.1119555451701,505.3271071987668,482.5817323935348,557.5193422499082,526.4466222513549,523.2612664070429,483.7747145963919,503.5454651993568,442.1656304135856,416.0442406004267,407.3058213615279,416.61031030468166,392.1252942361542,383.6845936346455,373.89736984721713,389.1374075529564,390.0974231708892
143.1379778491823,138.13820430772014,108.46784414738148,109.12517641854494,97.76708148242724,106.87737153315491,128.54990264578515,121.1908953312001,143.61727730150184,127.61496656649588,103.9167373743453,117.04742227167452,101.13580156671944,95.73432081874124,91.53680481690402,115.4339254866498,97.864694034898,101.70280344957,94.12781439988368,85.93008433882409,82.28307436880242,88.43826564639943,85.2920972439202,90.7947610172005,91.87845079267709,86.27642128146401,86.4648445498755,86.67296447054093,85.2057152045724,82.6053233354663,86.42961440162821,83.20365985316384,82.10536823572615,86.47453670490187,90.6571873670981,92.58946143619828,93.60840662424016,98.75762432031398,99.62040357682716,111.476164225563,127.51068047452972,150.71035798854712,174.57214919767614,194.53432073006596,229.9475397818347,255.95144572786228,315.8556673065441,425.14161766857336,553.2838893620128,597.1309590974279,635.2013540834332,690.8339022892686,856.9028971712366,1034.2081343730565,1068.728149463416,1153.7817633503023,1219.2091028382924,1311.3868071415864,1378.4165134192783,1431.465052432313,1482.3071904244975,1552.5292628965178,1593.092104483177,1601.3183711001154,1633.804167063822,1667.4509716034615,1739.633603208538,1747.6657548975766,1680.362654839268,1741.5844062432652,1729.1941259667983,1660.7706989924584,1658.208625542598,1579.5668604886175,1552.5734867761776,1574.1031102102695,1472.4981638434326,1450.774518329736,1468.6616640531493,1463.5491566065411,1416.1365841866425,1337.6500128514654,1308.4441455595193,1276.467115708656,1278.758533668036,1271.2704297916707,1373.5169303704365,1327.4244399600484,1274.758794452498,1167.0606273588514,1171.3863309691924,1130.3073624214348,1054.1617781434625,1107.1146808222245,1058.4050538354486,982.2655108908838,1061.5837175046945,992.357359212876,951.7062042682908,971.589584581792,874.8447187541534,867.9980105790739,889.2546996074493,907.9741449000104,881.7590085917631,855.4409735907863,812.2145627991345,825.1543250055488,820.2520119894558,772.5363562429533,842.6899278445927,799.5308774168313,685.8123059994248,632.1857560048245,584.8762934598429,530.5586928285485,528.4442302481222,532.789361641478,504.3657450113578,424.80555852465415,424.2555661858595,356.0904358088532,318.6826970189797,299.6413735416345,297.4413526021694,268.5065651819543,246.59139591759887,267.699685680843,254.10513015126088,282.3208358433365,276.8442468808394,268.6848810497093,226.1562908831432,195.28647741955425,182.56051474430635,188.8648617570379,174.52137717853944,173.19151456660344,184.19157616816875,192.93602222128447,189.19617302213604
212.26724123907735,198.36207804131763,168.56956992323794,162.9969724730524,151.09558017690946,163.77050388898047,158.87032813334815,153.14614031725606,158.40244774447902,134.77492307009894,142.87309259375854,151.83581297305153,139.19339713084167,138.2745397462397,137.72512822575095,137.13139983745967,132.14328989866794,137.25472713358067,134.98852719355122,136.2058679313069,128.37523441049734,129.22236101897303,130.49411266446185,130.27156123172674,126.2131941406513,124.97223560485229,123.10123892410886,119.18563359876116,116.0168828761132,120.2397849642902,119.36554425385262,111.14072782119636,115.96073561524918,120.19123675789098,127.330396115413,131.5301966736727,129.29940784452324,146.1226909770299,142.3031129398856,159.27233927407295,175.3561649599063,191.96475417933237,214.8327708708463,252.6820764404148,303.84808893887595,348.4150763483776,423.4483052857989,556.1327311656339,723.1551978839939,844.207837531882,894.729678735117,954.4420856588948,1197.3904275460902,1400.3618037737062,1454.6524966377688,1596.312285973486,1627.4581796508744,1796.6463372690796,1871.6780717400293,1946.4918683915823,1968.3277725575865,2041.682537946111,2092.83037759192,2091.365209573157,2140.6436466321834,2157.005724653645,2265.901114185446,2279.797211896673,2163.7183471999656,2239.45130285903,2209.3118114750173,2101.77171588256,2096.8525183730194,1984.1285629115648,1914.9275680248377,1940.745110244039,1859.6033544583972,1780.346033784558,1806.1991233448823,1832.7644699417424,1788.8493105247271,1720.0451131063812,1613.3869374352564,1674.3104096726408,1639.6242782761,1554.0883576688454,1676.2424532697005,1606.4624677282004,1590.0268229025762,1549.826376380007,1510.3700251828575,1472.464066282275,1376.7765117468382,1520.3554843864176,1406.7991810114304,1369.2044825923615,1440.4254045585371,1353.9541075962456,1262.6922433024135,1240.3490991043489,1174.8339676108978,1197.947817425518,1249.4549305764635,1236.0512721845607,1214.2967287943636,1164.9136101888469,1125.858835012932,1158.779857417545,1150.4021168177878,1119.4538269524955,1073.9996228842854,1016.7029809682236,923.0453769490864,874.7706767171717,830.4103321161398,743.7000975647982,702.16981230383,684.1722386340282,674.6602132352211,580.3431709803483,599.1770375345114,520.9870130167945,469.4570133006416,445.9587246981433,374.1673820999468,372.9648223332091,342.85307758000624,334.7046820183674,313.7579937889768,370.3771161450035,386.110213211926,390.7379095024137,344.15216234188136,301.8763659441255,282.0371828957217,283.05298181956016,264.9302209742537,285.3712206992004,292.3736302833808,303.045298224099,289.60775425582244
174.23286224676752,168.5102449191778,156.4822044449233,143.09934364697918,144.19655514950364,158.12941157201325,155.12201345112237,154.93286994094822,160.10329332998552,140.07127552952556,156.07717881170498,154.4476792032443,135.82533047384038,138.83795203046878,132.62733312299662,130.04666031237142,128.69123904024278,122.07451756258078,123.17417854641154,133.02763572906923,123.39940770928568,122.19087822952072,130.07907718571934,119.4706815651637,118.24873751094876,125.55302682835902,117.5813685590498,117.7567886350178,115.22073010050646,120.76899329686198,121.68323205686512,116.5357598312106,121.63700214872536,125.7306790988998,131.8729786977444,130.0037472092542,127.16273550310706,139.50079256614225,138.14239277305347,161.52956803865172,176.3667525842921,182.29213997292803,189.2045052738088,202.3054300631812,223.57279082344056,258.6921631407233,298.8005252975731,346.8493279428328,421.3867052852433,550.5598019446566,560.290633629245,582.2029342233662,690.7840592254692,675.9506852670384,739.7175184443599,822.2355231814938,835.2227586939399,920.2529092695152,953.7660252180092,1018.280150772344,1008.1428657195584,1059.9710402729447,1020.1091768451536,1065.3921677279022,1079.6225304421398,1084.560677087123,1127.71432830294,1120.9544337879588,1034.3050388888291,1038.5752372756967,1062.682081750128,1041.9044042607102,1053.1055041567492,1006.4274316603552,964.8945225557072,996.5225781415578,966.5725458322896,939.7073602451674,984.8207738723264,977.7235401860822,935.7725867425648,960.66622269886,860.9127873675876,981.993010988156,967.2951205011764,900.2088039545789,875.4838777703872,846.659734985297,873.5908164463698,920.5713422962576,841.3408802402928,851.1424046106052,845.9882674814487,985.4231460210972,899.9334347869412,920.7574972721004,878.827744079533,853.2714111575001,781.759313270244,764.0038964395517,774.327492956631,766.3595008648525,814.1854160670622,775.3620507701515,752.650316392521,735.6039736733251,745.4061537444879,786.1558941489369,785.1992070657664,760.2538985849571,697.4186508292943,662.1295184467463,657.317739767043,632.5560966772699,617.6521415394174,577.3847123237753,536.366492256978,513.7641023956036,486.3820255710608,443.6900496877774,412.2406026534393,400.3604626068935,388.3475770750951,388.1293606200786,318.7188849749539,301.01762034681235,290.98582055477954,284.73243420583293,259.3936121361179,275.4803901062705,271.2016782353085,275.48392983670124,274.14458088396776,257.6093579925904,242.784918258961,230.15554106333792,215.4641631072036,246.7257930198748,256.112488569082,249.59449387078544,225.33318963444052
76.81992305811222,70.58482048056419,61.93601347760525,56.0291988914724,54.92188579892652,51.159046282496725,55.57456390784396,58.4986055854634,50.97597106084055,50.44224375689296,47.24352325211871,45.75334072449466,47.48092136626395,46.38794906571944,44.56077724044879,47.13714992186111,45.13835454398483,39.65278031892767,45.27185609516978,47.19406114598984,43.31774913351975,46.00200662390705,44.35981274396677,41.461626688778,46.5007375572222,45.70103340369999,43.550440753613024,45.88645585018096,46.22273403944301,45.19774348848689,55.51034002945987,53.0819868216714,56.310001014263655,60.78613835293453,59.51827551103637,51.30101136308844,57.754601715277495,58.46284277510825,54.078647199950034,68.08328808931641,76.35880863159025,83.99052560810473,74.85288306520742,76.10361176573284,84.71392096375753,103.7562987738591,104.7059274744597,119.18783638491271,129.63327784947813,149.98082875393325,148.75865674137873,164.51556539943297,185.27297385523067,180.45713029978532,190.752550288052,202.9242868831815,222.7290520101622,238.6111478647172,243.94309942061693,238.2503558652252,261.9815458760885,252.7204704486921,254.79732890350985,277.6891159280402,262.6278138451931,275.0774779836604,290.16128750266927,268.6143075097712,282.8097482202032,302.80377052030224,315.27738059517503,301.47057327371294,318.9916698145119,289.7667662792285,281.99289945172865,269.20284039835474,283.5422167748296,268.4553937411165,314.46778328861694,291.7344678506682,277.84493461021856,308.10973060026447,280.8653391013636,289.8333678991643,283.45541565989873,259.60455694840743,247.2635636995091,243.06423728220904,287.96609782864084,282.6731532924801,281.76873978011383,272.7130715168749,267.27274593750565,271.6443382692132,251.11861600662343,248.3351536200116,245.83266183558675,245.73539594473084,233.5315801663442,237.82182823556784,262.1865513397627,240.47334982767552,258.6076499805831,248.75211126783236,264.0925976921631,259.1096152379051,257.2447462479309,263.01949505221285,263.6517713514281,247.57547150033895,217.5848608982932,218.1012455755078,217.95999879880532,215.0811111203809,223.1069698488971,216.2108667405216,222.77887017704504,215.24015643752276,194.41255997062777,177.19187806804757,162.82143376847569,167.3533221062683,165.88353692753523,148.61048177613267,139.71157800990335,130.44714304771605,121.86751292758105,113.47336370898113,116.56613349935466,112.14813279048816,108.35713136902405,103.60252641691552,102.19766741143076,94.54224695725708,94.93254479995612,89.16513807015811,85.60017162295367,81.25874886258465,90.6731771155415,91.62977446657676,86.33502062212487
429.41923061602114,419.3219321678997,402.6495577193096,411.6644155507347,400.2633001031952,338.20122114825193,341.21683525449976,376.4951386190946,316.4829011997985,281.97549132178824,261.1060265009784,249.80016524107253,265.56713284063045,270.9778879416692,254.74940193592764,262.41642035113887,263.5674206930022,264.147273315611,273.6737991747909,281.089679532543,280.21180146085027,275.5611132494872,248.01410301044956,255.04442204524267,264.881982567202,255.1204927407366,243.70327121247328,232.66100963191263,222.21587129971877,219.42973331483756,228.55723488623917,220.45541692312423,244.3529611078287,254.76366275529293,250.59013513615864,251.45043450086263,257.5843755791971,270.331168780952,280.16595614744887,297.331563681852,306.85959779170304,313.0261256538552,294.8082991415486,320.7103200830294,380.89031120327707,445.9889371529329,487.4504427332105,609.6937296938213,644.0536045343965,677.0750481744146,816.782579139005,880.1144425021249,898.2655003370845,920.2212150318624,895.8391510167478,969.8653799968846,948.520742526812,945.54157713777,1027.3515547644226,1082.5157170810562,1065.2540791278072,1051.7203540947316,1043.6557225792496,1173.2324113120535,1023.239563388794,1089.3755223124251,1191.996873282396,1164.0994337455704,1190.071569713135,1133.1753988749188,1202.6336145712476,1174.9088759324518,1393.9711226528975,1223.963054965011,1191.8342066303665,1334.8315652248828,1329.5390910384256,1176.476233398307,1203.4401275544485,1092.4207387520555,1118.734337546069,1158.5153393659502,1137.9006086329923,1187.368891008287,1122.3305421267903,1138.7603251477842,1113.077055201554,1116.6939873041804,1189.1060181254836,1145.943096511996,1140.876947361694,1094.3911272641767,1129.1649149719124,1126.486786676168,1116.237877712778,1182.878493125785,1139.206483907986,1279.0238244445245,1236.8136513102224,1147.5917570284853,1242.2937942542244,1151.1550930991414,1126.9810860684,1087.2825417820957,1153.8001719631009,1182.146886206957,1214.4307162841344,1269.2466955057023,1282.4550936698124,1171.28733210023,988.5095578131908,968.2875596748312,959.9177613299574,935.8870687233948,938.0967696530912,925.8980982280876,899.1595878615382,885.7953981916146,947.914928086226,881.3892897555069,880.929964436062,864.2358754634593,869.6447187456837,891.4532364760399,853.4113357215989,774.6565440426517,756.9739590128984,767.3884975621139,758.588293598255,669.4947270250741,775.8374459605448,685.3143994826087,615.2859477465448,568.0579323158519,536.7381824334941,514.1512302740664,482.7078733284793,543.5426089038849,595.2039426898633,497.880281749197,528.0042709810006
517.9624677143565,525.9569105552024,537.3836137529673,508.5135822965212,467.31038526827166,383.74326955331935,395.639538163499,414.633954397438,365.8922110377981,350.2211000991066,329.0957385176742,310.4222198673089,325.7931919695708,338.48718012639966,312.78579290847745,315.7983958127796,319.86944238159106,320.52421142533245,332.04645474487654,328.4129910450778,317.20286686551424,327.36767655078023,294.18628671736764,301.8444149074807,316.20797549785084,301.75475567757,296.2047305436942,294.18694752997635,280.9463459201557,271.85091618926344,281.9861181230395,282.43472726751344,294.44521479182885,306.85446383605773,300.4541305136623,302.47815086174535,305.4375475629728,320.1586036313031,343.1399352570704,364.8804188810546,375.5959401914864,392.871877866659,401.2868122236872,429.5250472250151,502.7840170591547,554.5443912909959,629.2174387342849,750.8141742811858,795.6200435264221,907.614550465206,1013.1568176448015,1041.222746214616,1042.5662171799686,1084.144289985755,1035.1971624806813,1128.5015482214792,1104.7797531246515,1052.9665206559084,1101.5296228313025,1160.870181729384,1131.0628095216807,1127.607351849402,1181.645934286644,1313.5869367477756,1164.84693837491,1120.9057965516597,1319.042282425662,1309.2228534931978,1257.9131717751488,1186.8000703603675,1239.9854041103608,1217.6463610866067,1362.8564365719533,1224.62547386946,1232.7952122767772,1383.8103522162412,1365.2254586691745,1198.745806285443,1208.4676422487385,1098.1128155333342,1134.4420817352247,1154.7347586880678,1146.062033083732,1244.8498039711417,1132.6349498917111,1192.918250963873,1167.9016492991143,1170.5656849973766,1205.298609295642,1167.552098350753,1191.907059194353,1144.118728790165,1209.5070042275036,1206.7145151457394,1201.9903261932052,1251.4086821969113,1273.4943966110266,1338.429780026892,1305.5932084526062,1263.1414847700892,1269.0930968057844,1239.567364661502,1178.8305309113366,1111.406253246603,1179.3535404251024,1197.3617640385785,1238.2758334148966,1280.77962366679,1309.2471938445578,1217.3377309926316,1068.7712048330648,1059.577488975482,1096.7818329044503,1072.6138484753585,1003.8184480673776,1047.504766410583,988.2135568577874,936.2890461069476,1003.2870122465848,931.5469601914524,986.017946752566,916.905748857298,994.9612580759148,1024.672554669124,971.2932800291276,923.3840385715192,865.8699521850177,854.3310427493557,834.2006070674902,785.5917411878326,868.6526224238129,779.1193763788582,703.5639919440861,697.7683012874936,675.8275729500415,653.2158747778429,627.1353892576512,660.7008464484524,685.0972123584892,578.9605439041833,608.5336089072591
337.56396447292013,342.86274796186325,366.9293221870232,319.2868934479412,274.12729684895885,232.9244254690516,243.6402503443913,226.32832740313373,231.17449280166585,243.2949252484815,235.0680534894541,216.06401801355543,225.0576750018056,229.0244002645572,212.69391310285383,210.1876332179477,210.6804094045372,202.42607143669665,213.40430684473012,203.98264781931843,190.52429713776087,204.38671412374836,194.80688497963675,198.10793645014877,210.95126253995377,200.05382866339585,201.4235843523305,209.1696440160844,203.7818767989208,197.37296135453423,207.50807115719917,208.1329824566491,208.187547358984,215.50345086435144,211.7158774058123,210.5922642276228,213.51619515693667,216.8693619321284,241.263205367998,257.6814087410945,262.555692193178,286.28305887694785,306.6641139320289,316.66681464286785,364.4256882510287,367.5813843044581,431.459992586711,466.93199565488607,488.4360525566212,606.6903048834959,599.0828519071683,587.6858749200316,604.523016294321,637.1724311341626,593.2565841558886,639.2771536173938,654.9137431523847,616.8952073218273,584.9844459238566,618.1834027046579,629.3297224286752,617.4624007882929,658.9846645627066,707.3605940434838,728.2705640997415,571.6738748033598,701.8792187128597,693.9784402075197,637.8654994185762,624.8013276189436,599.8779143946979,598.6102879039867,556.8413978501702,552.8186756666303,581.8535190671709,603.8021307602322,594.7572286962907,560.5245552899652,565.7867293955735,522.1849291408664,530.3107436642299,536.0094240454166,524.527010621768,599.5759583360569,533.9565651710737,580.9251852137969,558.68330790556,556.0470724480159,545.9175109221547,532.2246443428993,567.1600477739029,562.7438698807505,609.8827904545836,613.6966443882238,612.7787660106748,595.9878815841346,641.2310791694168,603.0886465869121,616.3219967041607,639.8977236816246,572.5907130409059,597.325155359032,585.3581663745258,520.130255126635,545.4165487782893,536.2723972868769,585.2137909226543,583.7877267009501,585.1352913365846,568.9791752458756,547.860439914191,550.5689144534296,584.9699007657717,562.666731604729,503.8336265052288,573.122581235739,603.2534497888281,503.5480676736326,503.8925443350199,477.2422614045108,546.4183217257946,466.74293705018994,548.2631158554072,536.1027214585474,496.7030448752272,496.00727714333146,458.1092914392965,452.1597164025008,463.7492405754383,445.7261866817918,427.82997919304137,422.7546585514255,404.5694668666718,433.4624526340818,431.5944091094655,414.61574274032847,436.415238501156,400.4029647572266,384.7171201027055,356.3469595849724,348.8372200674977
185.2825510200147,185.81445285559525,188.13298548500512,192.769614682626,178.16390965693486,156.162290766553,150.3657220119269,141.559560703411,143.22040725865543,143.91793505002286,142.9631355994842,126.62853026201552,135.63497379062008,128.14084641601616,123.05434814188912,125.20839175619128,121.83975822325888,116.96697957178742,123.00967861286382,120.39556287857678,121.52920506993732,122.5313161404542,124.5354984873814,128.0985568806003,131.93268129959716,127.52189146029,124.6561968919922,125.86980392976508,123.676177905564,125.12100677306675,127.0513013498484,123.31097066556596,131.12833073454723,133.6312587111914,142.0057592224087,139.9871998566162,141.494899955995,141.09778045748644,150.8988630928704,156.4359168959391,153.0538603311209,163.14085633441186,167.32382334133644,176.28931594921127,194.4686505037297,200.7577068671596,239.8476448578361,252.7708452682387,257.3818703812656,283.8821908348055,291.7939404614484,305.6527930963883,322.8697810341044,326.1265577804071,339.51975445355174,326.0254319386828,336.51784286188075,322.35763921285525,314.63304765170204,324.09382441159283,342.716504975921,332.4844476282151,312.89992299474045,330.8575703829117,444.2196928671697,346.6901047921632,356.7162621045085,321.1065604052956,342.9127560619489,333.46057373173534,319.61758249634147,328.72645468675734,303.6663146375448,323.7994613242494,311.32418991615344,319.5111567457507,319.3983691865967,313.9403500122027,331.39801019532024,303.09600266036097,308.40463540834423,309.06266177503846,302.04842354335256,309.66992528290217,315.14470465210167,333.2431467229165,294.6826533685011,305.6628370081092,302.4044898944064,288.2684536000048,307.2839980075591,308.25056048298643,309.3148764439907,304.1307021554987,333.81206151688565,303.5426608826167,294.7006279951528,298.46946779334064,314.727922908339,303.66134226495296,299.56746606230394,296.9705118669908,292.7009204451668,278.2086351601218,285.00144552276487,295.44317773619593,312.79667116716035,295.43351062361234,296.5869120202905,292.4795810000985,283.1518563783242,267.22420609335416,266.6481134171541,246.7359088152737,241.9998521409472,302.8454089093389,418.4211894256992,298.63900839941107,298.9451371808741,266.5604255695479,285.8233413917571,247.85729104767884,272.28449764973374,239.48976647793504,223.77582838321183,208.74118249045264,219.09146641528963,251.9593891794958,281.9002366223804,229.85793250550472,228.714549970356,253.47760238303832,239.37886843587896,227.66960564510572,208.44466117440984,193.69660984130948,238.36012062996733,212.6662825246856,199.01508600201456,193.29279605401277,178.3413387417766
231.58207281790143,227.79183763212723,215.92153510567127,219.1727249350576,229.0233772756801,211.21464812218775,198.3843758886189,214.99681245180437,205.32911620820084,174.64792598642742,180.7126946286212,183.00806329897668,169.23185274069857,178.67224184358514,162.90336535272178,163.19710870051415,158.893996813238,167.73912233712625,164.37519829335548,153.9353100826083,159.3968767727453,158.2551088164137,146.02691850690007,148.70919036892502,158.63721581051325,145.55950751619457,151.44738482289023,155.9736796996035,146.80261735827295,153.05807610940371,154.71941503552432,138.3631991398947,140.66420955747935,138.76135310834675,129.59677961815163,137.77993443418333,152.9678947602818,158.0923605339084,155.27054212479996,148.49723431661025,153.85622806310414,154.0666463756099,166.09145383419684,178.94979753437298,196.8979661859045,228.58482332080928,233.09729517594383,301.9253492879219,294.5961714807366,325.4141741708863,330.269869765453,412.7332807876716,392.4884521486324,342.77695277640794,362.97726391398174,415.8345346747639,438.682983281123,428.00698592380456,484.875169328663,426.1949908863396,341.9255844177534,326.98416681622115,331.3281885715276,347.6204840651881,354.07766553599566,353.85665509447733,336.0687461081728,337.78576590498244,324.25279196977965,335.45835548774664,332.4826050163279,357.9380402514922,348.1048112341749,316.72461310185247,333.4089491876979,347.7044634947302,326.50944392402187,378.20959017898855,398.2768387134899,372.7938942236922,329.95683435996074,324.22276845850223,348.3760731568468,352.5743390713738,366.0034618369088,330.60192033791344,334.0269038528415,311.73240546836365,305.0442342611812,289.06928358966184,285.1751937284046,311.8468166702912,332.0445531019093,320.28845154524083,311.0629277182796,331.7660641761131,361.1601623099544,355.4113440093814,333.9424176338202,324.1096325658674,343.88901381635964,333.7858582305097,367.83048110179857,344.24832102028137,393.0343894944343,403.9810772002645,417.6295050044741,371.6861558710311,375.0594519289946,343.1641186269944,309.5709785574004,308.3097357134974,317.1278765274042,315.56301593527024,322.9792641438967,304.99323470196134,284.5873183860812,291.12616173618306,288.53707508222857,303.57178664179906,322.33816625617567,301.59553432389737,276.7480724816829,307.04553938044296,307.7728720028717,329.53186305454744,362.0220122869535,332.1898262300412,310.5302332252103,334.7810057110093,342.6684782318721,343.5696607171341,375.47953385001694,328.64940218837256,339.9292023775633,420.01308961169343,392.1869264353908,328.02049736988647,341.9188477229871,325.4230291089515,343.328034708628
243.7227635426389,207.96606615554884,297.9429230379658,267.20933405724395,279.09536981002543,258.03493451578424,226.4928424742297,197.89630436308252,200.37627951249,176.68267849873274,173.22180483495842,170.91672038842185,163.74021309553535,164.10776709262998,155.28784866365336,165.2373012761735,152.34629482982308,153.91675306851272,157.27962733946808,139.13987545872604,142.53762627321623,211.20185896279028,171.19751276061157,152.68034406105187,153.44356238979205,134.6871135962326,136.49010165716186,143.25356207794934,134.40294362859655,134.53811761170556,142.1879369343844,130.15440518273437,129.36662946173794,139.67000106431797,127.23543322726154,132.1741577167126,153.34308184461926,146.57898804243777,144.82233842859512,147.80678693704004,150.4389955899894,207.3961374327608,202.23095651151831,188.67888556390844,202.7922297151062,231.01633723368147,235.9058175901912,306.91972420648904,320.939536392958,316.8680827566265,322.5419389362279,357.9634508596023,338.42125232846,319.4747469890081,363.18291015900166,417.07315122484863,430.8812141483723,437.5142265433857,425.99810595833856,392.91478575729286,380.2077279817452,367.34660894069935,371.7866111395014,381.0619479458697,407.8619795660389,419.59714782581887,405.3932216218691,388.7200784587108,372.669412287392,376.7916682962411,368.8308861921423,381.6942604875194,374.2755744118202,349.0912210955618,359.19248710005866,355.48886549176524,355.27047013961266,376.8831083823832,391.386130412386,385.5820574091641,375.153896815874,403.4941998837713,396.1818411471824,401.88924145762473,461.5944544615015,395.2203621036677,364.33144598226505,347.160795670027,359.2445903665023,344.0130819945685,347.6217505096752,347.2671960342566,350.7777596139475,347.3979316293926,339.706873835035,348.32673604788226,354.3688635009798,331.2616001416075,328.30456379838404,332.6955476790744,333.1601345079083,344.9548834577755,364.27438633781554,359.684319320305,374.2326512986549,362.900050425866,374.8893230899629,355.3734632052165,366.7458127505324,360.3753575330133,319.4500812669301,363.0303867754657,366.0871691180053,342.22343176702697,332.3262715601271,295.8405969365368,283.40127315637915,281.76731298572685,289.1598264314768,300.86394278216864,312.7850193405513,286.0450052316399,269.77286279101105,282.1155300032205,287.03382869079786,307.1895660301432,304.36652056856263,284.3896246034454,275.5504611047123,329.0184548602738,300.3733645854097,278.12622870150403,302.74905698645256,270.6891580879577,290.69966234499856,335.11538810752705,333.2784287240136,285.245621173639,287.7501871286982,278.07384526307845,272.03048277529814
300.6132460574805,242.7439066267529,360.4705689607299,309.1307603095088,353.10326039787657,348.2415394911448,315.9159032474904,237.29061947832284,246.92842914902164,236.1576226895434,245.9687907876015,213.74593066291345,190.02955442547756,183.4811399026126,188.06904763036292,200.36100404330767,181.03419848933768,181.3733765493501,182.8737750742294,155.75605834059203,160.64482382905436,246.51793629729764,197.8997150774696,179.3883478102363,175.2886561407128,150.0048901888594,149.53684452112017,155.24624783013294,152.86835376764537,152.4350833793209,155.7830511171481,148.3666578503507,151.61724589577966,167.85081431061957,151.12582653083888,157.39371460152367,175.65507337166486,168.52976847188745,165.7023143181171,173.8216639312227,185.80640177098715,271.40500408870275,257.0278168821955,242.37096311079696,266.0632223211499,290.379307615396,315.78772404594173,398.2182976864302,471.6134877915738,442.3750912578295,469.8645196368959,486.1059805835172,500.394425363526,525.2404262547574,580.9688330029011,634.6243682717079,625.5021083726863,699.2407465048984,679.317952325425,624.9570736177088,702.9271771510621,654.0243341454391,650.9672482622158,672.3954153151565,708.9964040698162,709.0846340518484,724.8016872676211,740.9984381251685,723.5065889666001,701.6741451834255,689.6978624061165,700.3614777640639,677.9493663340963,642.2912370699887,660.3526845415028,642.4840591337813,712.802560567036,689.5705463552218,690.7927547696383,685.046344504052,690.3472661715156,726.8458375640197,710.5243503120446,708.0195339954826,834.3405553753466,748.2445857924969,694.9292528611016,730.0411870346894,719.8448424552319,682.7450873713077,650.2855277127608,606.9438315112023,613.9170242042729,601.3094969184212,632.4359584844472,711.4104032722155,779.2835748275638,629.5452435310409,655.0513691383536,600.4650406744137,557.8318635465769,586.0668973734834,591.5339901732611,618.3693737949493,601.3152306588993,591.5741921136099,578.7857972915924,535.0671946261574,552.1605029743586,566.5448996335924,520.0306828451362,560.5887860798045,546.8147313420412,483.84722931812814,455.6604939643976,403.1584955703142,401.7840035086009,413.0532189357388,443.7451606855879,452.670850925243,452.66897876122295,412.5706229611717,396.3691383632973,371.8785389570589,380.4214843996077,406.1678627819193,376.6915056970882,391.1263116880294,362.1854594246973,419.0360171377724,401.194417070195,380.7405789291249,366.8248405748596,316.11378184464417,365.6723850535975,386.0376271267895,363.0114400678455,316.3334212566918,304.7270001966115,305.2636708450397,279.5880056696162
219.55426873543715,203.3769718335806,203.37097249089064,182.72562693050327,206.11822606611304,239.68723401597276,234.3716240536878,200.18459714887288,268.64601854519907,278.0772745370467,379.18551368095433,239.5212519821089,183.239168702673,186.53921637758495,200.4792766957186,187.4475956414104,179.82314559553538,179.03401318551707,170.72238351893986,156.64669129969798,161.62417316854803,155.15542346541793,145.2504976135695,160.24828040844085,160.7238761490903,150.41869806663505,141.92850766087747,137.53974382917576,145.77624439838877,155.65980576600597,143.9404679354286,147.50837977691884,156.37248196113353,159.6718970368406,150.34470320161213,159.37294020794383,153.34563760890387,158.5569027821885,163.15312690717371,153.41165600397022,178.153387268326,238.35999179909405,225.61916944743467,246.41464296915044,269.027462627436,289.5472723028245,327.6345441228877,409.0939658354496,495.4143424406757,504.7344507328084,587.7850629412527,622.09486704161,724.5100981976701,772.0615064582599,825.5085826657034,951.2014092840848,925.6955190761552,1002.3026609439636,1091.5194550837195,1025.9389894555654,1163.5783017246113,1078.1374567936302,1093.8223903474454,1203.8387268212366,1294.172394288597,1250.107483451606,1299.9715050544614,1298.1850914455488,1378.4752040957717,1328.0642278304438,1347.7615804307825,1311.3262471779326,1249.620802754078,1211.0312543167274,1190.882177399078,1156.9535625378123,1269.5052085751406,1248.2067769299426,1193.061510226673,1185.4522947082253,1190.617369710429,1147.562110919191,1159.3552652043363,1152.226239685799,1208.2461564105297,1160.7140571408363,1123.3342039732945,1195.2719691989328,1166.3355825744852,1187.96724622381,1137.8711121794602,1022.7129640469612,1045.4668470208903,990.053157778696,1095.8732237975723,1148.2516555653604,1178.3208119746669,1023.1263605949774,1067.2506765373462,930.556827451076,939.9577942777188,969.2344860927536,930.9838192254452,903.8061114543848,902.5124645480936,898.1534885143637,818.8392849414506,719.6873427244504,713.969045104609,710.415760819213,658.4790517184528,618.9118098083533,616.3255063536413,566.6730074483903,551.3417688186503,510.0410741445438,496.8160389928565,530.4080833180986,613.6663687408646,574.7089751623704,548.2561576746504,490.6532590921156,482.77790538334006,456.129508569666,437.0274762282911,451.6500964230171,432.8520918285545,454.9443076099511,426.5902846761071,424.6559196424108,434.38077106492045,485.0002768668488,415.46130595854106,350.35122768348305,370.91122321352447,361.57511225832747,319.7943287592117,299.8735645305734,308.7203250841124,349.80013298607724,307.7103560718762
180.2988568611973,186.6762144514584,189.0938775555685,184.08565424962367,186.5819812121625,219.07876273216505,201.9919620065109,218.81595962681504,254.9431366107042,227.3160395360072,217.8437872746765,171.32924006988185,154.8224699107235,151.44492111049033,165.3465777354429,159.49204580124473,158.0227820474658,158.3807956671499,150.87757912913457,153.75179642274918,181.44573835772007,170.85960161236227,151.87806755517445,182.65143052485348,280.205000603706,268.22852981934426,187.5095199827452,151.90164537282888,153.58931086312907,154.88011212442615,143.7059094218646,157.00758898552127,155.14774664685356,155.73548622553128,157.03519564910323,158.44263226424684,154.07199077060432,165.14370302815215,170.7676582673865,147.12982357279407,183.6782916866443,221.86843381319707,233.04095546594803,269.0277386747564,280.6516649000764,333.67427301139185,376.89989276116097,446.91173872965567,487.39209334296265,486.90586317561525,583.9076275404823,611.6335615412917,700.9435346679699,727.9284707527304,776.8551571734286,811.506065740194,841.8922626746947,863.0034377278838,921.7043688346828,956.8250774108566,1024.9828346008426,990.027770861048,1073.3032420981629,1180.8036955150258,1195.6221121356396,1270.3103645860583,1203.0266349695503,1136.9027557063116,1243.3429541103767,1183.5151736144785,1172.99951138219,1168.1535166235087,1209.2722075417284,1287.8976424413845,1255.691294953475,1234.0016257178672,1197.349171931732,1235.4933412309256,1220.5502420660332,1169.2185552394017,1248.3460890516458,1209.2990972994846,1147.9542008631872,1141.7496409081689,1145.7620539804218,1145.9365397324975,1067.8774695443713,1027.6536931578253,1079.0855357747248,1143.5366168074752,1057.5078004565023,1101.899877097478,1219.32698353272,1115.9885471149469,1160.712742976752,1047.8823045488402,999.5339620585846,930.9184196442886,926.0204509678553,878.1178749110813,923.5840965539218,935.1253086879336,867.1156179763888,865.7568022222576,939.0214889358635,1024.899465374622,910.1951429022948,812.3987773462684,775.4534284466604,705.466253938909,668.4885373541065,653.5925421394892,755.3709674439966,658.1490164648959,594.5881876640485,522.4019095213669,497.98429570396615,498.4877427009391,496.0918636082194,487.0369946578039,513.916160720752,450.71490907173074,402.6410545116272,383.1078552243177,390.9692967245746,408.97022545443417,403.3550787206024,413.6810939141188,359.34539569047126,342.4538408807555,337.08286788841514,337.385654526298,331.75973094495686,315.3944393627255,336.97092064145414,319.26657131408786,304.94852347967856,296.1809937486517,312.7500119505799,503.40246165704326,373.8207076690453
183.41153489161772,227.74345121760425,287.6222186723604,256.4589005712573,229.30312018378237,230.36476715842136,193.70060766374303,185.96292139622744,187.53713425020285,179.97626236301488,190.85715987493745,168.34961562507246,149.64765640648167,154.07086331427638,157.8270581131055,165.84865363508845,157.91872345600763,156.90390334938715,153.32477073068873,148.30553203307113,162.26369450217032,158.55073732310933,143.9098179697177,142.02065015883133,158.34948702770782,145.3343406583764,130.46988685411486,120.0861360509666,126.02721261492805,130.18467410745393,123.64156859370682,126.37053180727872,126.09836411643406,126.06711066331644,125.49105017467409,129.91149177655555,136.68673377514392,148.58596915271517,149.13357271146288,142.0399500888022,160.26101124711013,187.9655415739873,211.332927031777,226.4678877570527,255.20422330525076,286.9140767329347,336.532596809585,435.3914530095877,449.7719310004599,477.30902204782967,587.0098505620098,739.5145063569395,924.6951840328472,1000.77840681544,1055.096726643466,1090.1132584335217,1230.8667067364008,1265.3841574371115,1301.3509593454228,1303.719486369156,1417.671619751859,1373.6527189947797,1478.0076151505923,1538.7701970281496,1626.7252072140086,1648.4421884385956,1546.3365087177808,1535.8526362152106,1575.6995003411791,1640.4998676449309,1590.738013390884,1608.115076095015,1541.7176109506752,1530.0685701468406,1626.385130337734,1625.3092183442734,1569.7254705710309,1615.9431991343106,1610.618300225496,1566.8405698180643,1585.9868710855092,1632.2825691102898,1681.6440811433465,1544.7712944836433,1510.54325810174,1499.0651886421942,1408.5191147214505,1423.794722504039,1389.14989461064,1384.4194834405812,1344.0190058240855,1436.3789739098652,1479.8555499603633,1386.0375307395443,1459.144673151286,1364.2209588191774,1352.277006305775,1328.8843099286603,1356.6778624159442,1348.3824379262371,1332.1465203196544,1303.565542996851,1235.2968316735169,1152.8203766770253,1132.5198727163606,1099.206257141123,1023.0143183411463,1065.6856193662595,1075.393352679468,940.1771818706912,900.6420098239707,858.8296039769423,739.7012417643683,739.9631037064005,740.1238093083504,628.3287591888396,613.3014874262702,589.7323614675282,526.2047552042852,507.2717325654619,496.3032219689015,436.1945146750258,419.2658971960467,396.615897092953,409.091121592572,433.7340370385796,395.9928767818812,418.31833449812,388.70964586322594,396.3732852004868,382.0726305322732,340.29862294363386,323.7867382181444,320.8098223987864,331.9072459068768,351.8709553131478,327.33530946514344,340.7105353023105,326.22580912077984,362.5074082418483,351.6411282356324
196.9071908658744,196.40306303438453,204.92367380704457,190.16215206963,188.46332981498185,193.3996535613139,206.4412185536679,199.8281465001967,193.93303396939731,186.51104191572347,163.4897429795776,169.3159804881348,154.69335862413445,157.17335381572033,162.21315609738647,165.79198899159735,148.47707380076204,149.44088181399633,140.8524578836209,135.10182493150492,134.05172269246512,147.16680373788904,137.89339577955224,137.88650801508396,140.71324424358357,136.79917792070435,140.4196892830736,141.3307354870304,147.02788089373732,152.5411395580471,152.42637301861907,143.16604639144106,148.03478984055957,149.58020872419834,144.18766035030163,151.68552642486293,154.36657107583176,165.56810006854982,168.34866923178444,168.1877310381104,177.96185966363453,189.11028285200464,208.79359211851332,220.4277969747286,255.1193878027288,283.8925189613457,308.89021491997937,411.483207544621,451.09798596888953,592.3297527114387,730.3393980991077,919.6135738406156,1129.8367380598256,1279.9531509640678,1337.6686124350736,1353.2142285325883,1447.1939768341188,1471.5945766310208,1393.8773173632007,1447.219963090227,1600.122874780578,1632.0469342335778,1768.511956323745,1936.2496782712208,1962.805432233148,1922.2793311520973,1859.480060836201,1786.707035706335,1922.3776320178604,1922.38130329166,1984.200699192371,1883.271607243156,1843.7182126426392,1833.387634842997,1815.7152191888429,1910.6503128640647,1948.2202501049776,1918.1585602081695,1805.1386353253824,1894.783914807981,1879.0931277843029,1742.8939080079554,1773.829873562318,1754.5901884735215,1677.888451999225,1591.3783827206364,1553.224855040527,1565.7116829076383,1539.6033623932813,1562.9266699805332,1465.1301057264968,1414.1067593903967,1433.748103287289,1471.7694006664394,1578.0359393739552,1475.0370255954451,1406.7475971490744,1361.14996445784,1400.9058671063335,1404.456366936607,1358.1034422850748,1355.9374865192872,1361.1488330084296,1197.9982804565002,1194.152281591884,1143.0892362668003,1147.384671226328,1248.2090262369763,1244.185251278762,1055.4032339134724,945.455819572999,817.9302615891063,698.5088469192407,682.4656174682567,636.0900305019956,556.8343664649765,522.8919816842395,582.7112765807074,574.7832357989047,593.4373676669309,560.4428454907093,490.6009700916323,498.1585721836909,449.99036701519503,443.9807471206976,437.8066084291663,408.31316996962113,442.35314806197295,398.0211794074737,397.175064604944,429.5296864523023,370.4154134577959,350.7250331010413,358.9293664837072,419.67758801507176,407.772798257385,386.16510536930406,373.78299104024495,345.2698197842019,348.0406219844993,344.52350734914575
237.3470739566349,213.0079842165989,206.74377752028937,193.6980016099837,185.54991679797885,185.95691411077223,187.25163902783956,192.5656300696301,182.64612515983453,206.7699206976101,216.6194304775293,224.50773513999107,216.8322171486445,208.86501000784375,197.84831828055735,182.91095879694467,173.01104164838645,169.2237433483861,167.36949013500623,165.02842803570357,156.40842568365852,157.83594303091223,157.81236064851092,151.1042134405856,153.29752130730137,152.2756439812454,156.03639632175577,158.71594978883064,155.5050746309316,161.35173367908044,161.31734834199423,158.29457190104034,152.70657584784175,164.25197958991677,158.59538224974173,159.6971344255034,177.21805346209297,182.4038529582176,194.3978502854954,190.92064562538687,199.8624982113984,203.11935747626728,207.6949500330297,223.1067430953842,253.45612938236235,279.96291927658217,298.9362515001412,352.53254595601123,383.5680028840305,857.2086352040667,619.0013413809238,576.7445529783402,647.0070759761635,684.8055937194576,746.5202174119624,758.4386058969242,889.962059780013,932.3520670329722,927.9435576788836,907.6057648393464,1029.2624033730744,1049.144168093683,1050.658529567628,1088.3302265874474,1170.4967901428593,1289.3395792244953,1402.0562113145786,1247.5495084421386,1157.4753910489285,1170.2828188819954,1283.3198894942025,1202.883822727437,1213.9074617108824,1217.5995124905587,1222.0581682924071,1286.4736505241483,1242.80085299878,1178.7715666633162,1186.586544550598,1243.4712320285778,1185.930939257932,1156.804954980891,1127.8768381239747,1124.0040810978276,1070.8786433094351,1081.2395363193214,1101.2755220728338,1209.0446382848277,1165.2782144041414,1202.644099512445,1120.6679264451138,1052.7208212130754,1029.031002959447,1076.1443526162714,1105.1018592190294,1227.9454972545466,1185.8768830799854,1143.5523997054158,1021.6641524555577,1029.751302569531,1025.5377498465043,1210.63153542774,1073.0789564980012,973.654440156422,914.2347828456913,936.0969142512369,914.113614070166,887.7683253432492,891.2678277221581,807.698392288466,731.5865675806549,696.5734911630705,678.6145940126028,649.6210022698064,620.7354315018232,623.3003385377124,579.3968556320458,597.2145685914522,517.9974049837565,519.3898501137094,571.1653155309764,520.4486137213912,483.30415549273926,465.567509642572,394.940657621588,411.71174261371056,457.2032429619363,452.4537289108063,404.7732792124126,387.6749385550918,389.1678066767997,375.50786415861177,366.665657933918,371.5600475531397,376.74713026937474,379.4959497400599,394.49767636436616,385.30103011868897,354.354992421195,340.3945644300115,395.9329619444533
260.36410972448874,251.60740312110693,240.06806775708537,228.5789786883702,230.16030191717115,214.90431221976036,217.5579997388,226.71387223514404,214.74735021580813,210.22743888479272,229.49030312696303,227.7201807780124,221.22963704444308,204.29119931019127,205.80449910616116,186.2418696321151,183.4449799004167,192.83201684094115,183.19936872404875,182.82837482813167,183.49466917410217,176.0126296861579,260.94212120544864,222.19032569237507,197.10969560551956,190.81280498552192,198.2826948709783,185.4336273623026,203.7750361322666,199.61914910474775,178.6595249869804,183.7449376766993,187.33383925716663,179.68264844217035,202.36797711280903,211.38646331318375,211.6172368291237,211.24932397746025,214.07633499183692,204.0420323169212,224.5213902653052,246.5240670717801,259.7452529318962,291.6552428710144,346.3665494562043,383.35214651349895,395.8709722141861,453.51480623051526,498.7585224929327,807.4872451349216,689.6704305615083,715.9500707369779,776.155131955798,903.7334685409847,933.0899880938822,967.659838107874,1078.9243495316664,1055.6367642384823,1117.4058801280696,1172.9537926100777,1216.2711193984758,1294.6455271304787,1318.6591431489455,1324.4736750557263,1418.6303825622808,1415.5204305712264,1527.2745119106742,1469.1214669757308,1356.7731987289142,1394.212936860894,1537.826384754466,1497.6648635669235,1462.3855920397357,1544.152066059575,1550.1171154671963,1471.3874593958562,1438.4974690365125,1488.9715002808296,1480.5888598582217,1472.1117248392836,1576.7960341635342,1598.0477434351435,1667.9740564612102,1566.0576727527318,1555.8407512750457,1560.540557611767,1561.094586833078,1549.1093281813908,1551.4600238697458,1579.0511275584688,1883.1599421244096,1714.0173867375197,1945.2213889178768,1795.8527502572288,1707.2240816849333,1687.121788297005,1625.1124224787102,1515.5618744473782,1363.0284019543928,1408.8097007414756,1362.6503833885236,1344.5964730526005,1284.677223029465,1330.1311741521051,1416.9513867886649,1232.5111781777082,1157.2195058542634,1065.084399465421,1074.6275420851823,981.7119654900356,904.7285069582214,920.4494785733312,826.880327706903,759.9401226393123,764.832571965913,706.4563511973419,827.1535589562623,808.5167213985499,831.4228614837539,734.521229568793,712.0509698163007,621.9788240236566,655.436623109615,565.4943681586414,491.5273497533223,536.1595600878484,534.2573712966602,477.7976623408708,438.432184165947,417.8179725581955,442.9417347923339,487.821745465986,445.0242203518889,446.5218292972178,409.6059032470837,422.6101646421519,401.27000527739824,424.21519868301743,388.0657131298789,369.1741977659877,407.1354707677638
320.8103053140468,303.3824375716739,289.546970726191,291.50384720447744,323.82839582973173,277.410883717274,269.8117342348548,251.65698277943025,284.33561606825504,247.57463825090196,239.6808530871609,208.1375302639489,216.59474304766283,211.8718179990568,196.6840046591618,206.95705159267015,202.0147143747407,204.4642130194664,202.6590999879284,199.5128435344548,198.61165344250625,208.3797671594705,224.2615299400949,207.1005345698989,198.16327884245803,196.09123178197663,195.1413452492989,197.57566919210743,199.31110262906597,205.98371314739572,203.31005924444253,207.4741402238253,207.92768818968565,210.41077474905063,215.8135435003516,227.10834827519173,231.53714194848868,255.1187834509278,248.6152736122917,252.8301714695122,274.64939066856056,320.9989844334853,334.88251074732165,346.42109303775663,397.2399346904856,464.3671351399492,566.5966796202264,643.6145588942265,719.8490130610621,961.5472764592056,1080.659494615165,1147.8096738699348,1337.608260234772,1553.0209180651627,1607.6529412558789,1660.2322769282614,1770.9303974306474,1608.1049603123174,1641.7325168516134,1765.2912210431111,1758.3963550340593,1852.7295254561209,1867.3935366915064,1891.5924633786503,1989.2539131250985,2109.7169357435114,2206.1631504654915,2357.909887322769,2209.698288729476,2456.121573621967,2649.733732532146,2553.451639873704,2500.1347932127514,2613.0013974135395,2642.8147560590014,2823.5311712802145,2712.603302050826,2788.9309659878354,2828.5719020755887,2755.0058135917625,2835.639074142406,2735.5727913035653,2776.498231962217,2672.006871882896,2663.1858760428654,2767.3999047610355,2722.4363140679507,2598.6730606520364,2633.320924898176,2558.4545760768324,2838.434365145248,2718.8472651498573,2751.4547762255424,2707.471812799519,2601.027607572119,2550.6717704404527,2403.6025764486462,2481.6149591488534,2435.2484755553296,2512.218343590899,2415.382056488032,2259.201705069572,2271.8643438745457,2243.845875733867,2411.288137978447,2265.018566771848,2379.8454842871192,2216.3184682385663,2155.0524492143545,1835.5059900477895,1854.962526903624,1896.7193974120007,1791.8880242292778,1587.1233614160485,1656.8211101774752,1529.9296733283152,1636.8091065260203,1586.1035477487096,1488.4896767444588,1228.6983095213322,1192.1637373748008,1194.4352975537124,1144.4621887383314,962.9841966347042,886.1308411896349,772.5373967011341,835.4464218308914,846.0268608543222,723.4351544748753,636.4436254858199,614.5453037781167,615.269534070567,592.289167098098,625.777510825995,584.0009221677157,547.7288567851099,592.9013057254742,588.5317296571639,534.7151198499236,431.9051142492782,424.9207785080665
166.58605839082531,149.7407780499779,142.69265958247843,163.44166849283008,143.4154630926706,152.44693986254578,144.8344484065816,138.21121302928438,136.9578692551348,131.00993221553142,119.24239598027091,114.89682027095148,116.62961877221926,111.9374468921294,110.8142836199895,123.1366183328768,111.16654259547391,116.07385403373048,119.45941299137436,134.27518608449387,146.5688357544319,140.33009505511208,132.5902702105963,134.09952852364287,120.02226942003846,129.0295855273942,122.81752744001176,121.48195335580613,116.51479807550868,118.87727028181136,121.81946053182963,128.95106889139078,122.44084096233526,125.44794021600543,128.0207463186309,129.94150868127298,130.0091133283682,137.221818133116,136.25711365092906,143.62016126082915,159.84775482501206,186.91235881938667,211.7372801767824,200.18882516243903,227.98976851392504,288.51847523711183,335.7180930734119,395.8418385411423,423.67356382364335,479.2770832346527,554.3905820287171,570.1266316640842,686.4863272627058,782.4524227800339,832.0522301629735,854.2807343964098,883.5301681710962,881.6225942154532,999.984383704966,1063.1004496347389,1031.422035750821,1054.189486490576,1046.9515142215582,1119.259272616738,1195.8974685025576,1327.1512761586346,1357.773403365477,1339.183002216704,1291.9121000951989,1290.6371735514529,1396.3282315400745,1403.871796139539,1418.4099018535128,1391.4857502697234,1386.3403323138334,1459.3591455621429,1543.1040614851674,1501.9647159755068,1585.2992200510896,1576.2646942290066,1565.569821809177,1552.9522341635457,1668.733581372899,1505.2479858495776,1540.9209483889845,1590.599529765669,1473.0234050758506,1406.367664804754,1444.873512966813,1330.6682270753602,1339.2714051396815,1411.768147318819,1341.488900176512,1487.040143601862,1312.9021456561818,1240.7043538537057,1204.3864790015905,1231.8122128086654,1165.6750992472728,1168.160164663194,1156.3398530042482,1088.0491616661868,1147.6985293275156,1155.7176625820468,1152.4577571488828,1109.2040771030247,1140.07912202323,1059.0276681397502,1126.0081772918977,978.7542834946946,909.3929967602314,927.1332052361572,934.6890750832924,853.8576026164974,834.4334739695873,777.6243902336976,794.6278715386038,716.4966891470917,704.6037370215623,640.0134195550672,624.406573679846,622.6600213475723,615.2734467226144,495.453074846905,462.4636979320595,456.3213364549288,475.5936544984892,429.5132198063973,391.4279986271053,379.80103701062745,382.5521932133977,400.4158916402065,330.8708971542481,307.839211627646,283.1353210330598,277.57155318028714,255.57885429971608,270.90055438532977,257.18929624287983,224.62714553731365,208.6448883994155
443.9143588195134,421.611757654534,350.3633318377507,324.667422845283,293.9657767996839,273.41425074660424,261.5539796997735,238.06625075938493,255.87339644481065,230.0292439925156,201.2788717068113,215.43449604550247,213.5357902939626,230.59071127711897,214.22157564579405,235.65337226749315,205.9162352849097,208.8498250982857,212.00298562108225,215.94968522823177,287.301994460503,294.41249458486334,241.27831265139784,213.2885860986258,225.1454589818148,224.88524743487957,201.27467345526892,205.5922610060905,199.19380464745785,191.2813496875935,194.28053240880283,194.0257846979524,204.30060730797916,206.020840177104,207.06348061819045,219.80583863743013,236.85268368731255,323.18647940184275,458.6443838539974,427.3869865868029,365.4313669840337,390.2520588908863,421.41046750462016,418.9947097050125,465.7645404695587,491.4147852179811,545.162044894176,620.2610729276936,660.6454770748448,831.0224188360085,1184.8466560714942,1213.1812586342528,1470.9861750868204,1412.7693523034052,1520.8646449238402,1575.2314854170702,1672.0368832056388,1815.601584868104,1944.807809806984,1933.6197195780376,1947.989251609808,1986.9788580416289,2103.457122951481,2100.109806604974,2184.518521696327,2337.7404759213077,2465.7447052595294,2396.816646753202,2388.536212522412,2415.4098837637475,2402.508164455273,2436.0376592387947,2638.9472777582773,2701.2335043383177,2543.0147704481287,2697.116053582521,2645.802577589609,2614.8519023910508,2786.7067229218114,2880.8204232085527,3013.3419353097024,2892.343379172988,3013.183691885413,2692.113830784141,2660.5123231434204,2686.66172308401,2688.566854676983,2516.8538163707053,2659.917344606345,2459.000823287854,2423.207632597961,2430.205402281464,2399.340900805629,2321.178707828826,2243.5263094412294,2168.7780475596105,2157.6531418254813,2219.431850274235,2176.7800115756504,2163.3685504964787,2068.4356010420224,2060.6380764377827,2033.8100023863733,2045.8484548070053,2036.77377541308,2125.1000694505487,2019.9266580251356,1849.066207344605,2215.632352408074,1956.3245958372784,1982.8623847183635,1765.3612081234858,1641.4427445568083,1649.3514774309317,1639.1393862013415,1484.12602558274,1349.2507455692732,1212.734748971122,1202.730949547581,1050.205681584348,1040.4333185609,1064.2128439592948,918.599203764015,855.0989638113685,848.8109358377463,926.3422336349112,938.0997815255552,1059.5360405212928,1073.9452712014388,933.0926743118785,936.4545519339606,927.198721060738,726.7911439146274,656.6171413286166,579.6873472351551,587.8037172331959,520.8835037779133,593.8278958529686,516.7203625307392,481.75367765048367,500.7151394556738
201.44748359489776,191.70427804080413,173.14614744554777,175.71271865396884,158.47493214708894,190.8724391520565,345.3403085938774,357.0771792199004,570.7596877697567,537.572599660826,365.4112438207335,434.5443458400226,323.5913227611807,302.72671588336,227.44884254729345,405.03397186088114,317.85362183754944,314.85765717510134,228.66115678442557,189.6657509902849,171.95355199888007,170.03091085362874,159.36707549272256,161.75644030423524,159.84893856754056,165.98238593704104,164.86959595652715,162.24660168854885,164.05845333447786,158.19586125569518,168.1144592384977,171.16309418533518,173.13541789853682,170.21247298539626,179.29642074033026,184.2655156542271,178.70884406744253,199.56905926594905,210.86172824797228,217.1371424554093,228.95064533248728,256.0510025192336,280.85270221153314,271.4068595579602,299.81265940237853,345.1564184035479,391.3321282801524,425.286171687014,496.3057082142543,600.4432830667096,664.5715026625242,741.1199620375721,957.111003117642,1081.0951723949445,1188.4425140602173,1273.5632537201177,1353.8704491966892,1399.3793648812905,1423.7284511756393,1574.344904947995,1685.3147660831044,1688.8297747979734,1705.9925407705184,1773.8164473127536,1740.4943630511364,1833.178026218364,1948.1185067431009,1949.8971544503463,1858.303322293542,1931.8742758333888,1958.126326170441,2203.6220056176167,2072.873526895097,1959.9598683969343,1855.4126599369176,2012.5442217384052,1969.2905505351048,2086.891495752963,2130.5106420656984,2097.479442418692,2139.221709727356,1920.0720971122305,1992.6626927102573,1860.0534398247412,1962.489826968811,1943.1512052122823,1979.8591531862048,1842.7558470743008,1745.7055942690026,1752.448826066151,1705.673168209189,1652.414359935155,1652.8999555314035,1714.8579728760324,1652.2255116667095,1618.9042967675084,1646.757977522857,1575.544775865308,1532.7747379163911,1593.113205480035,1481.164116107083,1529.4077662994248,1474.03467168753,1442.8595509289933,1405.105182991938,1470.365131197992,1476.802192631386,1565.9873663669343,1473.198256095822,1255.3623761118806,1206.7594803512693,1135.6928186233483,1106.30294586576,1040.9619784138176,1005.4847190028432,1044.668086006362,904.0820085927376,921.1766669195448,873.7282722860532,795.5659279465218,752.495533465958,600.0042459859653,553.028846620676,530.4688708095404,660.9705606356098,547.5329672672503,456.24469167069134,421.5485763029868,504.0307836918996,482.692189365239,410.5525966256781,400.0800225929936,378.4046400428236,342.6039122633477,344.45874304983687,314.6300891637705,309.5026479765862,311.8417243454142,300.1003793548475,313.4837793412519,314.3451787889473
328.98274055992323,403.5690561901418,311.34564736387665,300.1181841893645,285.0222430656442,313.7161995031555,381.2958677968976,328.13532960887915,328.3703224740649,286.8187210665662,236.2731993768059,233.607802613842,213.98384585350703,212.5832442485481,208.5052280003634,218.0136556687252,200.19375944297784,220.18281734030847,221.03016378972345,215.2722655760329,203.377452662772,211.84155741801115,208.7618837827133,216.07034807753084,227.0085073252137,210.14341372623883,211.9151615118303,229.11325342963283,219.45760712074164,191.76349612229933,208.01175506972783,199.2332254815472,192.4599464462885,195.69500028052417,222.08593184440045,220.10176064157943,226.6932826603866,236.02753197239,229.52901769884184,243.8889894079045,281.0431523636776,287.91551826892857,317.117650170962,306.9409462609367,339.99930505039805,412.9464665200416,567.134193959072,745.005796216727,931.244497306425,859.8827615755207,874.7198676031228,866.9585147688348,938.78214314971,1086.5962222401497,1195.1306543565718,1302.856668893113,1366.5640768455046,1473.413932818826,1539.3898502015272,1608.5652730502193,1771.0334212289747,1855.8541584098095,1913.0719251129376,2080.314485804886,1941.8773460090877,1937.1697206113065,1949.8724134740032,2069.6286364145385,1961.343137432091,2084.38224986114,2208.4974395706317,2072.4686215424244,2093.51631671566,1942.3269278612645,2009.724643769488,2019.813359253564,1843.4502652359056,1939.1459762549343,1973.7708276263515,1954.3033692967736,1923.136240094646,1839.6123100114903,1868.7965189951583,1809.172942171272,1922.8256509992505,2006.46652653612,1881.124543806414,1796.0003823987065,1720.7916068057311,1689.3546121770596,1692.908895880946,1751.296147291216,1766.577253044389,1809.960905103876,1642.3461965632405,1522.9666721650167,1620.988990940515,1510.776094463684,1426.7756090948849,1530.5789142924527,1447.0954161764455,1391.1520148644202,1397.9385784047447,1372.861578307865,1395.407495722663,1365.0988677887356,1307.914903505759,1397.6584198728715,1398.80583756119,1484.204751529389,1760.298940472621,1737.9091344216145,1364.0815550441089,1216.623048348223,1082.313087899625,1131.653533564021,1031.5247385474368,950.67823949156,935.4406824239188,791.2825534923386,740.6617264093271,637.5365734493956,607.1406545931056,597.3031335612873,585.8733781671368,525.3699324582183,491.3401637456703,477.3006009193526,507.995520202833,561.1450491493928,486.0731130319482,476.4734040716575,434.7501936970034,419.6607651761208,404.8187630773711,375.71144152093456,376.5006076729153,401.6938987895463,420.2740660140352,458.3052852654944,391.9580394478256
289.56383828321253,299.31094984085854,252.689443009788,233.7892396435225,235.2103851631752,225.62628633544963,233.65689832849029,210.9086156971127,233.48337822534447,298.4795963543336,370.34576636968666,274.3396348138169,241.9336144234996,233.98839680507027,191.8551239002168,214.362131401384,201.05367179735097,180.570524802342,172.75905079473984,167.79332213093144,145.04059307991062,155.104600016074,152.594735375592,144.42923066789933,149.8716023961908,149.98614703547446,145.83294684383634,152.88382371513038,152.7212729035446,144.1104105877252,148.59859503121524,148.10858119495026,137.6745710345307,143.3018720041193,155.53390371650525,139.23657002735308,149.61377732050548,161.69091942301637,153.67554871261672,166.496756840481,186.39661044735823,186.57460263484583,217.4719056350609,241.57614725108863,272.0139109237827,394.44825451586337,421.2451605454668,553.9696188871989,827.5884208899796,884.9686779619444,843.9565236628652,878.7848944371092,1026.043548720597,1124.5333309020668,1326.4132772764726,1456.2500175342186,1404.335013153254,1452.4653588827878,1598.795055564199,1702.2691798201704,1684.97526499915,1785.087393273962,1769.4457278762484,1847.0070761201348,1726.1934304619524,1769.263108605125,1802.75309479566,1801.2124703452266,1716.59130039102,1738.5369369807688,1869.627063708974,1826.0780016743763,1969.225218225385,1866.2874293366087,1836.524324933433,1754.460885254449,1676.2711230055336,1657.7848971694757,1669.8385345429524,1754.410722604037,1739.546208379454,1624.0505026078265,1498.777196497036,1581.3175660530746,1635.968405199602,1583.4435197578894,1535.061823481208,1369.4915756693572,1288.9710733518134,1270.9705380642906,1302.0815740658088,1390.8492350336303,1377.656602157972,2455.198507664095,2387.5175995740183,1644.1626534922614,1498.0954777724148,1349.761911698691,1241.8860851554964,1278.0349945582805,1156.591947639644,1127.609728022884,1164.9238791306066,1139.9889185654292,1042.5160763236274,1026.8157189975902,948.8159326942312,915.2807079875652,966.3741960621918,958.4028748605062,1022.2018430268448,929.7678738198048,790.600582169773,753.1886608031758,690.3817548189705,631.3691482613767,571.6860099779852,543.5213122054336,555.1873254013524,486.1211353521929,488.0765500151103,436.9238896904726,420.97006797529104,437.9113622077022,419.57183850518646,400.3992119037397,452.93125830174034,412.1996846913688,363.96164507642544,378.762563735959,362.621836167754,368.1224442508267,349.2328399466692,322.78571752515444,347.6204978528084,321.9337726784364,335.28198347515234,334.0673822724981,344.66409152538654,359.4422739338673,449.9399543484464
143.3222418734661,138.287836573881,123.59869907459073,114.2599961698768,112.32415160997677,116.2536275021693,114.92937279995898,110.90836091361676,116.43384599972634,125.23294077768152,141.8636452781011,122.20811012825658,110.2078769146477,109.7899497381036,96.95742501202736,102.99857574534052,101.73986435317808,92.70362386777464,91.71506386170714,97.0621669191286,88.0143311130759,87.54482867436788,89.52820259822131,82.67812805721069,82.16595222472897,87.03335456888476,84.30139736392817,83.52865123103534,80.98199818478109,87.32784105184547,84.80554144851985,83.79641443369644,88.95716905742088,87.63698757269354,90.83714285763013,90.92217162989974,88.21413017562968,98.33935362720784,99.89623162791018,104.64618219472116,116.5684133409912,124.34575349846692,134.95695910087372,143.32038829200417,169.79035980203815,207.56814308163,218.42391202678695,271.1030528418892,353.39027852166635,433.5617917046656,430.99066162368575,455.1274119380209,507.44101735768845,529.5941733378378,607.0397223962783,671.9576790836434,651.9634260187615,690.1624088491113,741.3784187842765,798.9195383188148,787.5134207767635,837.0677602904375,793.5709648859697,838.9920861315724,837.3840431641686,858.583071579427,894.7023846552678,883.7842589565042,826.4704662578569,810.7662652004348,891.1661546293218,855.7400087836612,877.129064247819,830.3165711198186,787.5126159168196,814.5935397323244,785.5471009527168,750.6841217637344,787.5921899623427,802.4941306560174,770.9630354981424,775.6346422726539,716.4815195525495,789.9529360539497,816.5802862912789,759.4997446101964,723.9550032200871,663.1560424119415,664.2252160576234,754.4159730448971,704.5212866805928,688.4037121383517,687.3268248102438,1010.5507873259892,915.9608368080684,793.6484928808208,752.2253637065924,709.517205605017,639.4809509786393,625.2048502102602,612.9137673924755,602.9361600221803,642.1292707118574,620.8630834979123,588.8719318587125,572.1568790322978,556.1644767238288,577.5025982575161,586.5548745983069,573.582549597504,529.8524577319997,500.4450260355197,474.8178472588639,466.6825404290167,456.3228636425644,407.5382550300637,377.28251684557057,372.4391197861964,366.06371044001406,330.13266808322646,320.6298119568481,306.7722912917328,308.9505173350188,298.97668396578683,284.46838819153606,273.404228942002,275.9679432737139,264.94209718379574,252.41198998744505,249.29705540814595,227.8494344525862,222.9163680983124,232.7852200989116,224.26309789954948,231.2231028502846,200.81423232978224,190.6840806176882,204.94312002351748,202.56514258800132,204.60569021636587,217.68449525980972
66.63313922572993,61.92887292241273,51.6485182447199,49.514467565187,45.81550009747112,45.56190892599284,47.46055065570347,48.68204878647856,43.90574311257188,44.46398143955479,40.3880157385114,38.65831013190634,38.976078354860576,37.81189642612368,35.4304044183182,39.77745741425643,38.24925803108752,33.82794161985839,36.61001901061896,38.687501341069634,36.46623456044643,36.5342105177159,36.18016481504553,34.35483006514034,35.6990668455346,37.87863565343908,38.63284421371917,37.28192473027815,36.12535718715951,39.99423094974313,41.2768198910894,41.715220123122144,46.96976478786696,46.34469288764189,44.0149716450486,44.12680179365988,42.85684085690788,44.85436700036181,46.75933212475773,50.42795661275069,54.88221982002885,63.72945107891953,62.78733093651539,62.53268316284898,77.16930679924192,86.68346060724923,84.37639534277761,105.5172742313077,117.10250771754298,135.26465771528854,134.81754847572927,149.5330788825384,155.0441253040164,168.9046368427641,182.55369539726271,193.9837093730876,191.7437039718191,195.5596552784529,204.13914568092767,210.0309056607468,217.42816143074748,224.9765996543096,210.05515568160703,231.2126311381966,228.5974775153188,242.65143307705603,264.1427480386649,257.97215444051653,249.95297718692697,247.9360448484359,295.92593572480786,262.5377363309232,262.88809961198245,236.8085425248001,225.98716472118707,234.4285486707224,244.65815351459523,218.47279934424915,251.86792450517297,249.2598059391076,235.59164353527115,263.2328595912341,255.1838642357507,247.7732578356249,257.1499281927252,246.4807962535077,238.55515757106755,224.96676583025763,248.14380392127407,304.8968602826525,292.1538833742037,265.77675006023014,252.44353994523183,295.46366122947114,253.74933580779935,234.7164036151788,233.57446329340613,234.9308251534941,224.90713934275868,215.54903412049427,233.42737751907276,223.0835069064188,240.45966135683224,241.0816125971737,248.29132130728144,238.67044177405955,227.78577228681704,236.9375676558685,237.3212186237352,228.5849323070088,197.33583606387987,198.74155984117323,198.85425425608477,204.85274100995872,208.6997227053672,191.9028737059536,187.11160431350143,182.29056137079897,178.58036185948973,161.06763458989337,151.54372765454613,151.79226941326996,153.6506607941092,136.69995292949127,150.51089223236343,141.7024877041255,134.11803705711287,129.97446575299702,130.68826765282296,121.64673619687554,108.71174718661736,98.865296477113,105.09144920538787,107.629461817666,114.42144955248553,93.4919567300106,87.20785152988367,83.84739599184755,82.60756983275593,86.19555809323822,85.64143959414537
243.02436350444572,248.96214753189292,227.03830183469844,229.39982521532545,217.76480557736755,191.8212313798196,191.1068877507404,203.91356208603216,178.50996094494835,163.82731214102364,150.3132506084435,149.05241380289854,156.72143071525016,154.71417050521532,147.9375146683327,153.27912383672688,150.30161763675446,151.53756038570398,154.868942932012,158.00927304623326,160.18195323148612,158.3312827078501,142.21101955740895,145.77225187225227,148.18796689532823,144.2962522560283,141.8483281027618,134.6660336813318,125.88864016879634,129.2876355229252,131.3203118455926,127.50422978996396,142.79201816016024,146.43638530842654,143.4737098206133,148.9594634305746,150.6255011518072,158.2349018081659,168.64659011083546,172.91087708035687,179.62025528583106,188.81564712892683,188.324366889974,204.40816030143725,246.03122993381947,281.7928581818132,304.2332011950799,370.2968819624985,385.8249110751709,407.4592499262948,471.2314313559064,507.0777208727569,520.8582697576954,551.367228989605,542.1640179881069,581.7800263734376,590.7070940890188,568.26772456747,613.0194937827215,642.9378653091303,621.3943872150323,620.3928324485867,614.3597140810687,679.0364674269849,613.2986135819634,644.6394765332682,707.387234558867,682.0417992307475,687.1855163736467,676.0389217949244,721.5888938484596,692.5452258100444,787.8765142560209,703.9054110978242,687.3766871997765,767.3966743307942,764.3690620582764,683.4039405503612,699.8853754532835,642.29541387568,655.1809253793728,687.5616956152531,684.3221330268855,701.8128741669482,666.3751960751133,683.7859051324045,654.0270443916205,649.0726963842236,691.0871493171427,707.9739597913795,694.4180577359843,660.9503134345175,673.4346295725904,683.9962414643131,652.1867045210872,669.1945984304513,659.3724439410423,744.506563556331,712.4645988818027,655.4691415043422,707.0153817244434,678.1202148332377,660.9319514624624,640.1727992164722,681.5318810375051,679.4457726772899,698.7958603627584,715.458525832461,723.582549424165,683.1629125761618,579.2278852629324,574.3847073613358,553.9068257272535,545.7470674532224,546.3108270004236,541.282970690162,510.242594895337,503.43258827392793,539.8717984255114,499.8711898957832,493.6495808637622,484.876624122908,487.3748561664803,490.7383000749421,487.596741384254,440.6465572373983,435.18873964667455,443.8263267400352,434.3145915659455,383.1951214732581,428.47205278012666,387.3206673761638,359.4937528075758,342.14825591084787,332.12096884331186,312.51698560780534,298.5112056292053,319.4505343839175,344.5367077934324,299.7209236870634,304.2779851212774
503.7307850386464,594.1242184895341,488.06188195480746,455.7047009364984,413.3520091585597,365.3874849021095,366.0144312137074,368.9174027394112,345.72024222548,349.4601935908636,326.93481125009174,338.1834164160374,348.76733903532715,330.5624326923106,309.3287881513131,315.78235092976394,308.0355136635637,296.9261648905372,307.0450125766752,307.76785457318834,295.6957639590425,300.0113913718735,272.3035080114498,272.23455054208534,278.59573084961187,268.43854871056874,268.36492239325617,274.9243754833991,247.26333447470645,250.27582460527373,261.266189310337,251.865528747204,269.04616666092795,272.26461860508306,271.3997640769805,280.3885492412442,294.4493433581283,299.6796136617881,316.6482499644697,348.9056545906824,356.7172997271897,382.0495056483013,457.18840482832775,538.050054069136,698.0992406492871,812.3107569570798,885.6267047643145,931.670624285099,851.2730578321318,846.7469817722337,798.2170115049604,775.4829847461064,809.2623737678432,825.4351813518017,836.1646964045095,851.3405764098256,942.7835805906996,889.4184324988141,879.1817585629972,881.1589970587241,911.0954703593108,909.9416725275406,929.874517838742,957.7268800308706,879.3208018551545,848.6778853229908,954.6060795119472,905.3248577227408,903.6654076269272,977.905563937457,969.686142824526,916.3710063519228,1024.1529293114563,903.4611123734792,891.7112940245387,947.8843363334169,916.3794655811344,849.1387386201683,875.5039495692819,850.7837816187472,843.9831840431351,926.6784555749424,883.8878646797745,927.3702422882473,874.2661809025043,1042.4653491741697,953.5641616988024,865.9936589626176,837.5607836169985,924.5239412692762,893.4448874504953,849.6777193421664,938.8470448761522,937.7773788067348,866.2530138551884,873.4861504978891,917.8123141377046,995.2085831028558,921.1777459298024,872.0930730270582,884.5546857751641,904.798841724106,903.3428960823762,831.8292505335711,835.2822587614748,814.6035284485563,898.9602767114609,854.3777400863701,898.0173732805384,916.4330967672976,843.5811353422598,922.516814179078,825.4695575621236,815.6151539210044,794.7731557481225,786.1756281826629,725.3986396842705,713.3220782845692,728.7859900619218,698.4011502292021,697.6194631039314,680.896955836157,691.6432157865482,727.3676707624502,699.0808946332581,659.1036298201551,653.3300693904906,660.5976915784294,667.7616915328794,675.7714573418033,697.1079878541615,737.0183192689783,687.6914501848471,717.244735345134,810.0094155852788,764.509754990347,787.7280464918199,686.9400150674455,756.5059067195232,720.4669782815821,636.4908791638151
371.4693322349798,379.6220570712824,357.84052882712035,339.5512232326697,312.5807719656596,281.19371421187645,281.85044339036443,263.76972006562954,298.1431878024966,282.0708452197962,262.4398031050675,246.94599500827795,257.5112511841112,244.2026656858398,229.61757345228068,236.5489393250811,228.06554001161768,222.82915217764372,225.35618273131325,223.8973672021522,223.6450413245321,224.45286823949283,219.57482863947035,224.11356102742656,224.76094558202877,220.95986358507744,210.9364517066447,206.78050363231117,201.50152916271503,206.5764314200097,209.6869325220336,204.77820742096876,206.06882434391517,212.2430075399248,211.81188741646235,221.99888540841488,234.5804404428121,243.17677621281032,258.3738148248866,259.6746051901915,269.68839395608313,284.308222126877,312.9299483924372,342.7410173975704,396.5816103618154,409.3721064100076,466.3375623163568,489.5725179035283,494.3798549709903,577.443897282514,579.4810037638496,598.5221871852386,630.5812652453454,655.2262545744433,606.8032624018891,627.8536787797287,674.9457428303264,648.4306916767099,635.5553973155955,642.7697977828914,633.8032456217483,631.7629700905362,600.280256625852,635.9570110773407,627.8093832517206,566.8589106130202,688.4986648127908,663.068845138043,690.4629104642751,693.391557883347,653.006483117355,614.3066091921634,617.4311495558571,613.1180425628374,602.6713762905249,632.0822397184071,613.3331205418485,617.2399832102136,621.3117574188113,575.9770856714297,586.2689037248987,622.9060008007851,623.8972752072308,670.9553201049807,581.207935258448,627.0929455748343,582.9309164625105,557.05097540775,553.5656272626545,547.0861025090568,615.2934114549358,607.0624368877557,656.1541342753956,622.5595580064437,634.3895704246837,579.419408750638,566.5015644927223,598.5710435634269,614.4588115079245,608.9886621651539,583.9977892093988,581.9803069409478,605.5616203329739,530.3264414833569,535.0873379246242,532.8175489328029,699.4780269025456,611.2830608180775,581.5372020248584,564.9245419381849,544.2065475717172,547.2073156350007,526.4499699556139,506.28157113671136,511.8828204224098,518.8575713786762,491.2274132865464,477.68017652452585,494.7228695624047,533.4597777384099,601.9223353091386,528.4294299338727,522.874509272566,490.2894731572362,463.3493971597739,451.6526463353625,457.0292560250391,491.9980430667071,472.6474601076842,459.2762146670346,430.9183257400728,438.5590743364376,421.4412325304128,427.3116195056251,430.5100813487494,431.7633458746005,442.1112357311621,408.64840983378974,437.81682432994967,396.6062426350148,379.4574886605626
321.6961919438893,317.69538211821254,293.7488676521483,312.29674063912074,279.8360736092122,248.86496785325247,240.2453627887633,220.88576742779253,232.8891422420072,234.5135898780845,218.6677740950657,205.27547734275817,221.9595552636028,218.26178098966088,220.03715720917504,226.2352535770412,213.24950965683735,218.995524475005,223.383286180788,215.28938056304648,220.7641255900489,217.90186090110376,217.2087099624877,225.51271898428524,221.43262651538865,219.5201595504183,195.98315562165544,196.23285934168507,190.019154628855,192.21521043096055,192.116337995249,195.5950525411856,194.61227085189648,193.21040315518903,208.7369829260401,207.4477499507792,217.7462422416248,217.73172351824397,221.91499656558324,229.2791311096776,244.64154675204628,258.62305215577913,273.4379027313197,297.59035337143143,308.05294668598384,311.9384976571825,352.2281374570279,381.8949904466244,399.362863933691,475.243102446652,502.366234394768,522.1474051412013,523.30816294944,557.3552760726159,598.971419391079,549.3518031711739,529.3346578419602,517.9308152695972,527.1456831140295,536.2892111157595,556.643225483214,563.607774034334,510.61851877248506,562.6817660376395,586.0043264766973,543.9188536705393,605.3715834148679,576.2762679366327,639.6435211085499,594.236665415664,593.9463897225346,593.8184648551116,540.2097820393645,586.7348990892326,567.129370303374,561.1185105114953,544.926053815869,570.9183119884988,607.5704369857089,579.000007910009,559.162624030745,602.2237497881175,614.8716602673016,608.2950692064392,555.8564875800322,597.2630505969754,504.5404562410198,511.625736235566,540.2036586802083,506.2718185832801,529.1327472888852,539.8976080467091,560.6291920991089,562.51890572874,603.7801346420796,548.8129258879237,485.82894388718194,463.3207341812982,478.88683176245047,485.7122082032164,485.411328497298,508.9559041883737,495.620678533833,436.7000417766995,428.5444600871252,418.30781612752287,478.4833004244297,439.9124656989935,445.32395638053055,430.18825473778094,416.3856735152706,411.2279129935857,432.6792715150007,415.5212726363095,426.583821738783,437.8574931747711,426.7807910303267,421.6903223271358,437.8347647242528,431.9300975046861,463.08815633120895,441.0689419936925,417.4193940442961,380.91949160989424,386.070568084422,356.18028403536084,392.6786327260864,420.0353767805486,422.484528702028,415.4093431598561,380.91827771749456,379.0861197018452,360.2426886820152,350.40300227747974,328.55401175182124,331.9298099974372,325.2930638906838,328.300265544786,355.9985554365977,314.3002021560996,301.4804683745864
350.40471948013385,305.37109102018275,314.2512648125816,299.6476543533206,285.8256177477251,270.4450214213055,268.01058034656063,248.4776925793708,308.6449275485729,262.037026088698,242.74453645530204,236.82699672207693,238.6909953254629,238.43382705829129,221.86544185764225,221.3561792614155,208.95855707259892,220.41680569849308,217.87291692470717,214.59093450022175,220.94210333590445,217.47395970600888,195.5392963995641,201.56144686001744,202.38396954181337,192.46368915756,207.72210374105256,208.03023518032896,209.12483379303168,221.28439657579167,221.3710441216812,203.0708073800192,214.93545971500976,226.35962987470137,230.32646169897103,253.2321755356025,239.26423945223493,237.59955792808552,243.65963279086623,237.8184907027936,244.5830312320754,262.67397996870136,268.6784496730379,295.15386899571126,337.0072237630659,342.07693400195643,361.6940060041826,456.60042620606754,448.6796613770569,431.6759229562125,454.2379377576058,468.02748640540176,438.388009601853,443.2168220514401,480.9562428193185,592.6275401419429,524.9744153736456,509.05682823879016,518.7435387637593,512.9244579660169,520.3830614303877,507.9549537401169,475.76648082515726,531.6023226176482,519.2681930927891,557.3625850702703,516.0978780091057,502.2456585212775,501.40728316041566,508.50640567468696,498.5244564613596,555.4808029540515,601.3541175126934,549.7434805915607,587.4613761606938,633.3164473853188,616.7569901587497,670.5349313341487,611.9318759737004,518.4015312893807,544.6479907736185,549.3267623807501,576.6496648819978,572.2089874795254,551.3162202716015,513.5443458692544,517.2033393075272,538.9705511680235,562.3860351914881,544.0161239365307,612.4128705475423,608.7880287102995,590.6144679046494,668.7555056133652,597.5573844940333,586.1225271746065,730.9721225206306,671.0295101643735,621.6324482569263,615.0513969371304,661.7961583426412,612.7872149594581,605.4282105930487,601.8104053182899,635.3391251150135,629.1300953412308,588.0942519800662,596.6200644336922,585.1941376505415,638.1415110643619,593.2739148798177,595.563057587148,579.4140067748658,585.4979652864063,585.8973860629354,525.4981733417545,508.5723342964749,510.8855499565831,527.27155247045,512.3019772426348,538.1426531003524,464.3711611836716,500.7611664400288,443.6592658629625,413.5551315386679,415.1676407277657,376.8140914133001,375.3862953401869,383.005884439631,394.8762394763276,451.16259779396,407.3595474970065,394.9054538211919,360.5914116200513,368.6953514605409,382.467404086616,395.6655137665797,372.4353796538046,355.20600562174815,366.6663704701253,383.08050791075146
441.2822169938203,375.04568948387833,428.4180752333992,403.5538649382429,400.1575994957722,380.1586417135661,375.3331836889322,339.57718154289097,444.71956542677776,375.0045900235092,344.6077876764104,331.81009700166385,336.8987463817939,324.7597508737211,302.4450139583423,303.8437215640917,290.2223834228504,302.618343740692,304.5878157125098,295.9657057010924,303.50547442401296,321.8234622055701,289.8728435132597,278.80462598668777,281.9273138273886,269.3086289188441,287.4873463480551,294.6733250828054,280.9363487893738,297.28683366989964,305.0432557547841,286.7148672438328,280.38631201672445,288.5532406362285,278.2008799543608,335.87598660590106,336.635461798731,289.6753835690287,285.732117552289,279.7228721891684,300.23804961951,346.4444011285241,347.0057097687238,364.22808644733385,431.3067992379029,451.7556186332416,476.384037415086,616.6333559034452,609.5587209431698,562.588371956567,582.9027882046435,604.2189925065525,558.9992975352461,566.2542591891806,616.7900338835117,816.3064999980508,720.9948609908083,713.2245191882884,710.4905823722977,675.8310186874157,692.2194968233833,621.9508968469208,616.488584199633,650.805839174672,676.9560950834533,768.5389569474601,686.0482707513263,661.6876631531887,640.463197289768,635.98070893629,617.9808112650077,678.2826727724687,700.7961312009563,652.9849055935236,716.4607990109499,795.521157054673,818.6798324733272,923.6010429813764,811.2981682796385,662.77205027357,663.0598574657078,710.320869283125,759.9821771854104,762.9370013756502,767.606467524101,688.7964535148544,758.5148150578063,752.2661898487062,783.6715417283456,744.1112833210633,838.0220642793366,784.0144477334089,786.8593482042157,915.8767449149332,808.4324133995032,782.9145806560397,924.1969889593062,880.8988110874815,796.73872221848,769.1484465849345,857.5906076859924,807.1465634043101,772.9638012410143,758.6849609945226,801.7337949448378,776.7984196994216,755.6461603436692,748.4325881163569,741.0912119413066,764.7030057173715,699.6036807387889,714.8822023849158,717.4741912492008,763.1203317556188,768.6512303350629,681.0374868858949,642.3653209441909,633.7422706266952,671.0688925769304,698.2284549670969,762.1799014923952,628.8180373672413,588.6921861026278,561.6961140834375,532.7358581800148,511.90159328173496,482.565746586325,531.6769617724034,553.6134585148396,528.5177429902665,510.12032611644673,479.1785417334911,523.737480525324,497.6903916481265,485.9217927675633,493.96092387272495,465.65277429184073,450.8622161427772,433.84749340637353,483.1876530653408,476.2508663894747
464.0973535386256,383.3903246430584,422.54424576072654,384.5794422299748,456.9107870740726,451.3060284689879,460.61021614046354,352.20363945895286,337.57345867506734,328.09281109349723,287.38381306335447,289.22663076100235,272.2413457982999,252.17997540624356,263.438962847152,278.2179558507932,256.13712695361755,262.11487100545764,260.00013873819586,230.15534091224663,237.1240763634373,274.11064937366285,237.8578834115625,237.03034849760417,245.0623167182712,217.92276724810492,222.4955385605529,227.16426621053117,226.0722763874081,231.67631241509648,229.18082461281244,222.71121105431385,233.60384439624295,249.04797082911531,233.2837609237497,286.269044965428,290.5032207641258,267.14796926146136,259.0829938748117,274.5443349328441,298.6491619051765,351.5257648623967,353.3352888040529,378.4976970882258,457.8305089102791,470.1852416258111,522.9170467250815,639.7919796724685,759.039382292318,711.6269845037954,769.9582682060646,795.5330257190675,788.5782471438437,869.0736024360783,927.2272501042564,965.805161290592,889.6246442820144,1027.0142671012466,1045.2118516373455,965.0142478970575,1127.421794312964,1031.3583757257247,1000.6567248013216,1001.6250702097594,1017.9958629706532,1051.2578157303074,1022.9835247342024,1114.9208422137613,1031.2035759044754,993.296033284958,991.4923920435951,1050.0460580441988,1044.644008448366,944.6352110779972,1012.1833791325816,1051.1277629706408,1179.5065461259671,1125.5999058825798,1161.3744789844511,1106.001724517996,1081.0007503395586,1103.022557994328,1107.1525322112384,1093.1951690356325,1252.4602559447417,1147.1466080420528,1193.41751295665,1267.0107694004903,1239.3366977872688,1127.141891016392,1030.639633715549,961.0892617227468,992.854401763803,992.5818464664844,999.2441315391608,1202.3191744502533,1418.6351481473248,1133.6770526306066,1138.038625601009,992.0739381812596,927.5306022511008,938.5111832255365,953.74030667935,1018.3932963894104,1006.966419466452,1012.6806862502614,1013.4870910679882,931.7260423841276,976.7101770475664,976.9110049054,917.7414185743444,920.583108670836,849.4679093267763,804.7581299506447,784.5019547307213,696.4093022026874,694.9639717372755,708.0377016641906,720.4092423882696,759.4269699212789,768.1123770121217,715.2729635901958,669.2210875052272,595.1258833341325,608.7265757585224,636.502724357973,584.8017283721732,681.97161132197,610.9535549881841,595.5249317186041,638.4388415692171,596.781166797392,578.8719769171367,513.4263815112672,582.8157891388835,591.1750720696929,497.47501155045614,473.6387103432055,443.6689988885468,464.1313991452507,439.0340792965365
245.39252645314204,227.91551368823173,314.6869206212822,253.6171150571652,232.98576320196244,227.3973750418476,230.00981335926403,193.6463775265952,212.78651220881636,212.92842529658384,187.7256745634578,188.9634909260789,178.17557663253473,161.57991217037866,184.6100409703525,191.87643394344855,169.2827254219927,180.3947036355696,183.842721784694,166.1923703713156,172.8114745533617,176.4669363409421,153.77458581384812,172.0875902968966,193.07175743760476,169.2199551521704,168.46502807410013,161.71824140364984,154.66912271975758,166.72744925746247,167.2399219077702,163.95392595886872,183.0883590456902,188.96787024638903,177.0500321160698,200.92151345846904,207.450180732192,191.0039763563888,206.9543917951954,218.85659196812807,226.3139682960906,273.55371821280795,286.38065857050293,310.05253788886023,385.11936078743753,420.3143888591083,443.12846098272206,527.8432042281164,628.6289702458711,609.9283426242331,665.9505237819725,682.9298929788049,693.6779923574027,762.3795591943298,812.281403228207,859.2428692821461,830.2206963005953,877.3477176067352,930.0255008939232,907.5066725872437,1105.1694990582753,1102.374319086424,993.333192773705,977.6674389313952,1024.8221476889496,1010.10850248133,957.9314969029012,972.6759889242448,983.0107064912538,957.4751396516732,994.5552341872648,1017.7785263483084,1030.8451169711032,1005.2225672557868,1011.7773618637816,1017.6651611537774,1099.7357073982291,1066.8889806110335,1130.82532952771,1132.9898493898602,1090.0536889038772,1063.2105696128483,1080.57536547883,1069.5316577071428,1096.1128964254324,1000.1140083237556,990.0681853509772,998.8052575910452,996.20974630641,1068.0928624993292,965.3851504200486,921.419860993698,994.6033198012288,943.7733628220166,944.8660651645752,993.3114722096076,1030.1355766314882,979.532272293236,965.2815269154326,919.3735762213736,857.3632559476481,861.3631149181974,868.1096784631826,872.8358584048486,857.5128077597169,900.0802457062209,825.316046201665,790.9453418831338,830.3458433436707,807.9514019816621,770.947076825799,779.9890046017986,735.1733404099008,679.522983207535,638.3622055440234,600.7009181472997,600.9583979155716,585.8191881030881,546.3201283414419,534.5043065883048,538.9025066825628,516.7946625140875,480.4496110057996,445.9142686862577,437.7697453297488,473.5267412236605,433.8105046406816,484.9046021039243,440.4464417971749,400.1663565272398,410.0766251691912,392.8803350404297,372.9529724556609,341.24806248240344,361.4558630004042,351.7392947779866,324.6913707779144,316.6006721551603,323.9349201535824,329.7180920259274,312.2972960918804
260.3847794616359,245.7757646811891,403.7204656890992,310.1953812868833,258.4812384870094,262.3473060587467,253.9528456156616,228.46284518635665,247.89462623774293,235.324871618201,215.5339489947243,214.57031314773093,210.01954388838715,201.6077289277621,228.79860625466983,223.7138774617877,215.2406580762441,217.9527850775613,220.43375350683343,222.24441160145705,216.9296502498977,213.4941854597915,197.64719483705912,209.61661527768808,240.6189269869317,219.182446388578,203.38652340093336,192.99176619470364,184.9628005392132,193.11808524507487,200.7434570396124,204.32736181838223,210.33573713224453,209.50694172015503,203.0639289255153,211.17117864470316,226.1203402869295,220.97935404078083,235.8859071659376,236.41644900242488,247.65122755591975,281.9237861550539,305.2264289595045,350.49048436828605,444.5283718226378,473.4838768403921,487.08503737315215,584.3562523469475,695.1740931586792,657.2982384098094,740.9223920530765,719.2717488859815,772.2235782069648,843.0430577753357,873.6202043369185,937.3084644362376,937.8077624199736,986.2952260562236,1102.9391496462986,1064.6298108584676,1253.9917635505672,1308.179561622965,1158.2574929415655,1153.7855097040626,1216.1222237916274,1175.0015927998572,1114.274126631158,1085.2913621516327,1116.3784690814791,1146.2398980658131,1162.2788807304566,1174.4732228554,1153.907469721473,1238.815321012232,1203.747564766392,1179.5667350809538,1247.805237180385,1226.092528561674,1227.525736402714,1262.88405196267,1241.1484802219431,1208.865288526035,1278.3834060619076,1258.280673574732,1170.8833939725982,1121.8693753944065,1102.09577733949,1081.3336630178474,1084.1461826489892,1140.77831111994,1090.9695310651105,1076.3427736746714,1167.1863805906444,1098.8378291381523,1097.9271688573417,1101.9487852570685,1062.6093904905365,1113.154432763014,1048.342094234706,1123.3061115346572,1041.7269335030717,1023.141556365491,1012.1272965462164,985.3923794015788,952.6237782865608,1058.7572705920877,981.1098255587576,966.458011693774,943.9284235269035,901.1277568397594,869.9013807624364,863.0822775674604,854.608935562096,831.8605644394486,760.3750690421116,680.1335258588867,668.7570367770068,690.3090074501976,598.7491515089665,571.904697296544,569.3002240207717,516.4740247478195,499.21575904125007,483.76552510046497,487.6907056258541,546.5484950593126,480.9174005557416,546.9867360948213,507.6518884187009,452.9700029031391,445.9686065566541,466.76260504840144,411.3649905158965,407.1972152057382,404.574321669544,369.5244604124644,338.3930913101811,346.54580966781253,391.6613767413119,426.0900497776214,371.96036566208136
297.9839233146997,294.59864799535154,354.3256861078669,294.1051299327348,310.1531651797421,322.59408164692667,294.7647067352356,286.202881279751,306.75976602712444,311.87515531351426,295.29414733399904,282.8112613751879,250.27361499431893,246.9588844085788,256.47091623716426,251.91106275721512,232.25088822595436,249.2268644214924,241.42103268164885,233.75714256504656,249.4925860251541,246.8358225330446,214.77672456526733,227.08105378906828,225.64248135634327,212.03655241937736,220.30124245466013,209.7953307632177,208.0060143821227,225.8144999392385,217.82543596689723,221.4467854417958,232.60190994509267,223.42788775907155,212.7751220505945,233.30291637316887,259.8615142584185,261.3347488805331,267.8338045251538,267.32090247542305,283.17624432011246,338.07300505549006,366.2700651047282,391.7651398663148,431.0676699289293,478.1362722179581,527.7136762643484,670.1404514631215,703.1853475476263,740.8145845627027,858.3684974197686,965.4399172377988,1091.4518131712975,1238.1137494432626,1386.867630029007,1380.2105101671214,1556.2293840924494,1528.43585167506,1574.0985908185316,1518.2590823256808,1645.0161567788505,1589.6401755409477,1588.3193212181986,1652.8949129273117,1702.9156755175495,1643.60626165923,1641.7301227528014,1678.0068318789056,1691.1248148460036,1871.7591103232844,1791.1013092062497,1752.266984445712,1741.4659728876263,1711.765166943383,1778.685636724416,1846.8226006869236,1826.7586836425048,1892.274148414162,2004.3111530720837,1911.3022314890552,1852.321779385721,2016.297122102183,2089.046083472599,1920.8014925171512,1793.593904808849,1722.3269409581726,1687.0883798031175,1698.503970222182,1667.2374151126285,1643.3484497926036,1539.055208294305,1682.4083115933286,1641.9068980821485,1558.750346477947,1559.701811409381,1492.8280638299934,1430.05317717014,1523.503915828295,1548.4171759632295,1580.2534153241616,1446.8119877978625,1413.9455520463855,1420.0526139268368,1343.7317048521393,1282.5402061892903,1315.385996437177,1235.6524829560517,1262.129415591167,1298.242351977238,1168.7294524843885,1141.5472377031256,1135.6928568021178,1002.5297085985528,1049.6622899055433,1001.1627187641784,881.8680762040093,909.1540050598912,875.374955153438,744.4384714854591,671.633629222849,713.6805720296838,624.8882101102841,598.4564362814928,595.0613183931405,634.3033134222285,689.4378200666216,620.0696922128851,675.515766140304,617.7873527461883,629.2442373853829,628.2575085594304,602.6675302761183,522.1929542048962,476.6898986069984,490.8384737715692,450.6450899265025,412.0161969099071,417.35111736565005,451.7715499337673,460.46553033483167,468.13587254867366
312.4643981343881,296.1757040154687,304.6676226535058,303.25615780929024,287.8402458727265,308.3736896939894,287.7635082904316,288.7675848959736,283.60211828794115,279.98290083317806,240.35223324592545,257.1050372119461,245.3959319290684,244.49635072939185,248.1693544057674,246.9232104792244,215.0907928411322,220.5034330925611,221.38517396894912,207.38095076717215,211.1698167234204,230.6452976655087,205.86464550859856,210.4329171152989,217.2294752118256,211.5316006760881,209.5523992264037,215.047816070552,208.4275211553932,227.4385842634881,238.72592282009109,213.4946264381128,223.15083666627064,239.59815441023557,219.26779230046705,234.2863103391857,249.2461753561109,251.68631019238973,249.54030547430915,274.41956895071814,292.29862735741494,309.79630949211213,353.7682255562973,358.6721326408138,413.9265351181581,470.9431757823458,508.4987446547133,658.3412322545354,729.1410297430976,865.3412727457953,1031.9778116785467,1276.0902815452982,1597.0485215986475,1795.3659905311192,1890.3366904612951,1950.2946277384624,2042.5198756387176,2010.8632581584,1800.6731982557858,1919.2697422207416,2029.9119535665973,2044.0996859773784,2100.261781699327,2331.781768920641,2460.492813908714,2249.294217139616,2170.583544632093,2158.300283788984,2183.9601860800494,2208.788587153216,2328.0112566383505,2097.250811202425,2127.30850049622,2138.0169684062093,2094.95935022426,2127.72960083147,2067.0652557353837,2073.514458906712,2125.09067490741,2216.3402248955344,2108.418731385512,2144.9036557820373,2242.067908028961,2259.204125625259,2161.827492375789,2086.062231851029,2026.5606272356156,1936.2133519639003,1836.4266165556064,1842.3913225729184,1836.9778848578103,1891.9294453205016,1846.06065651646,1828.439128465536,1822.964354336342,1888.5804289116788,1810.8486440307868,1744.0320664130509,1757.8463091626218,1799.4168630760164,1751.934953565127,1792.1086280280529,1875.549427559536,1702.3198449843471,1704.9473911551408,1686.3687631910673,1706.8242183295215,1866.0237450714533,2004.3739129173296,1837.340433842176,1563.5641761115348,1418.25912091339,1256.9254608463837,1229.3232646537597,1155.0435267273365,1002.1270417416775,934.2083611100138,968.9155151597834,819.197078085121,761.2574382827684,793.802388236388,737.0950316325218,750.1514305319274,679.3455363015387,632.5425727352102,670.2183482432381,639.4858937810878,753.9369156978381,680.9839023082124,623.8497409625431,634.6391745159011,592.4941844623629,540.3186463302878,544.1973915713548,661.39197251447,612.5639501309747,564.3841120469268,541.3591394603251,534.2682378543993,534.5442519999469,505.3039250393471
205.8060935626824,216.1363055919867,182.2093441138408,170.5302085451098,166.80357013013807,156.85875345516973,158.76197846089963,155.0425983677659,151.95325204229107,166.4040708170278,162.7705058484715,170.8071216361339,173.99217466895337,168.36526495258911,163.8452075860257,163.154770947381,157.48699593843338,153.73787677838675,154.31210525513194,148.93610361574724,139.88529151018184,143.58975599284483,136.88707465420106,135.99673698774222,136.89018415498174,137.18240561383735,134.96834103952122,134.08075883353547,133.31086140642387,143.48014421930307,141.2390993197213,136.4176519300785,140.26339668301975,147.0821235313579,148.00514157156152,144.38834015894247,157.1438278973967,166.88152264734367,159.8291004689125,169.02893450830234,178.649255878403,174.49849608320457,185.1137624363151,199.5899308077385,226.9703259982897,251.08363097655212,275.8290772973752,360.737204217356,396.1035282811059,638.5584287327616,602.9862018532389,641.5232271298837,731.9080999783699,830.0455332743306,919.3005002814256,964.9695369506012,1096.5795226976672,1103.9381179575453,1062.9854604921852,1043.9424194024018,1134.748346677539,1110.8301004260102,1129.0312491205457,1170.0458735378054,1251.8570758251903,1330.5448689528926,1375.475782544154,1333.5524646190463,1343.4742430344386,1325.3630148745738,1364.7212179394492,1291.141814473025,1345.3204394092734,1417.8625510924333,1417.1177634621915,1419.169904532764,1415.4149129526616,1393.5921638190462,1441.877036723415,1561.9629365343046,1435.7670784110023,1402.5066517099397,1427.0208577768951,1412.736920840062,1357.6914889762368,1362.7904548745755,1365.2889053998222,1361.753594973312,1325.6009500997366,1277.4091257392606,1284.0261266487555,1309.909403850947,1224.5530164639936,1225.4183569100394,1222.7214664481417,1303.1819664662437,1258.514629566203,1242.3537799095595,1141.7588614293654,1170.00893720513,1136.1808589203338,1223.7049734777092,1217.5315857467542,1156.4382989400758,1080.9328008468092,1078.7363581996783,1048.51587286545,1015.0770283086728,1045.5418797580758,992.4376571553768,905.5388305617114,827.168932221723,773.6040770969303,710.7389703356976,678.7642659645652,663.6106944279948,609.1017198998559,594.1574393718497,537.0307140661694,506.7672894452153,579.8711832779768,565.8175400806288,531.7245719544737,500.16546557217777,425.1892704149692,406.8861678672271,431.3358698303985,490.9690222394147,411.2402317254748,348.45429522871,350.53318505813013,366.4239681610992,353.8318170523445,365.4078705238336,386.26739498534215,381.50243272394925,390.4217743665002,370.3260838907708,337.923647831964,318.6839370797831,322.04688077404586
175.9882158716333,261.6731208784903,213.6000017241593,178.79035172770068,179.08271110560688,169.66583070732204,164.68321207726893,173.38955859549375,168.46192191924317,177.36769156049735,173.42342768660103,178.30338797445862,171.5892853708229,170.7637630582769,169.83426887834585,151.46182563014682,153.5291996068308,151.9660142197029,144.48446152498323,149.03431555074815,144.23679214672887,147.2694889855524,148.65067903384426,147.26524888472332,137.6279444458019,138.5478167333108,147.26082250084514,143.92677816039395,139.38602191613435,140.8258453356648,137.05031047892302,136.51364153713257,143.00811397903743,146.44738586626502,143.92796583555733,153.83636758842206,158.07951256275075,164.85537202554565,176.13460609630118,169.27315419465694,185.5515288612801,210.3912123033798,231.08113336887573,254.53070617987757,296.75399120104123,334.234554927845,396.4256385147654,489.8848737623331,553.9676259751556,887.5255363276433,877.2898447515257,1040.6272668451577,1201.7974091467047,1383.0566688643842,1533.6692904322017,1700.6711191401744,1931.3833358223465,1958.1638565591625,2148.0052332596897,2171.9461806540176,2278.37418746864,2276.0360379325466,2316.207618940814,2297.7604786806864,2486.096463868043,2615.33521466595,2900.049136512905,2814.295373346803,2589.050055390712,2642.83607407719,2790.045322695343,2642.5791783472464,2584.242853642776,2832.70664324202,2781.3666505828164,2764.777438597234,2670.644956608577,2674.8572766318093,2702.537475740421,2675.105676289483,2690.377513984572,2684.0537062509,2797.129200856505,2743.16204304052,2652.441565695005,2734.5048090693444,2652.512748262982,2644.790410438995,2588.6749574841647,2518.4016049896427,2491.5177597481297,2445.416336663846,2481.072852651916,2409.6514493065624,2446.97436271172,2494.9887757857664,2407.155707386381,2340.278735158031,2221.015108777305,2347.530616059149,2415.732063611428,2344.3763439198165,2313.883034815197,2151.379220653708,2095.78628674709,2005.245346842745,2025.2110435213733,1879.7237991955292,1892.3967829871324,1789.8599965527635,1637.822956663917,1526.278623699376,1470.5543255939344,1341.9310049626422,1259.6924330614347,1185.634876363659,1158.3923020362374,1116.148281542486,991.4941259990524,935.639449884756,1011.843084785164,993.985187801768,954.1815572237416,882.9170958568533,762.4349522039353,766.3014231643904,717.1813526324931,689.3182867682021,585.5821495603259,514.6165723851287,502.017808549203,481.0911039611525,459.2855964815923,492.7238277526643,477.6922420788706,421.8896953249206,410.44637190910976,401.6739140481219,370.6616673494238,362.4053661425586,371.5376631065213
323.73421123195,311.24556455749155,302.0190231842856,311.98471939282285,315.30129460259286,279.13246463571016,269.154500017959,254.2340628246748,284.7385772713553,279.0493427157929,245.81617582787328,224.5595549176949,221.43172554214988,207.01090986475225,206.7923490336658,193.36395118914015,190.62474958760512,204.23115668534564,203.22511332581217,197.5070048053621,204.5960527161396,205.80994832706747,202.1136559648089,207.8439017953412,192.07030424182935,202.7498980556729,234.9567391584364,222.98491459949503,202.7041637055181,212.22336837815283,210.3512691439321,209.0742852741118,216.74038927275828,215.708755505823,212.45952723858352,238.12372302142543,241.13329494545343,246.42015366924255,274.31969616176195,263.04321162099325,288.6826117291689,339.8135560775021,366.06533591343833,393.018411681373,448.7418375763179,576.7045193256866,694.3276657183304,843.7589785005842,1015.233938129766,1345.535824622727,1523.996322939041,1733.236147110203,2125.048228244066,2519.100015979998,2744.494568144273,2890.9602457346564,3332.308261001588,3237.047478392118,3377.26112762862,3568.9612226832137,3891.848856376592,3789.2196468345273,3919.569305789102,3853.79602907696,4113.65598977163,4411.382217783836,4666.236363403098,4486.131150913102,4338.600534645078,4660.037975420489,4884.106655481804,4644.162613153275,4388.822716309379,4492.063320262727,4409.521179844735,4552.664755260508,4463.056814334393,4534.475673868648,4761.716489675109,4653.202273415256,4750.331916439383,4694.461481602554,4770.21277090716,4504.629063954614,4469.103326658824,4647.404189801299,4506.660195530983,4453.750923951218,4661.496231652408,4531.062116672144,4676.857662354486,4685.867240572171,4739.618686044852,4502.118212446195,4537.946184214504,4478.245979288808,4342.311710331074,4340.628590047053,4226.897607529616,4568.221834500508,4652.132486209578,4455.126016284646,4319.088969865669,4222.230106231314,4277.465751365173,4007.6535739387855,4251.930301245448,3930.600644084602,3845.760442053305,3517.7068364038446,3351.498347859667,3190.0076819127416,3001.063116387982,2789.108149557488,2630.4255079453555,2487.2546668038804,2410.7587163811745,2327.4072888126343,2033.5057752678615,1860.688086032833,1774.5191410455527,1697.36839428283,1622.6673606155284,1323.1877610785818,1206.6652243782794,1150.2119596640136,1037.8668798266713,951.3004431102552,883.2592238950151,799.2075042905175,778.6796437889066,807.362194839318,744.8212309731376,812.8346502195669,884.8134252347776,772.2534782995945,713.1327623105896,714.897775671068,714.1852463191294,638.7011529548788,628.0379756780316
136.09769925968214,105.8858976674205,135.12273040943018,193.2054285958819,120.70071155103015,97.87142816424334,79.83860881388905,79.03166264702027,143.28983183473198,97.51040289815111,82.61285784158055,67.66647373689663,59.916190152277935,61.748370803467054,61.678431063843085,58.774505496401936,56.75327752265127,58.26019378506003,54.13278532465641,58.86116243167698,67.90217275340342,66.11909467460696,59.96546965474119,64.64127567204662,59.97417402671002,63.273642564028776,65.44760691251523,65.35439008812219,61.86341565800964,61.77189541709091,57.63823342372439,60.92112643608319,60.27680961507018,60.50799382191896,59.98745491112368,63.9783838717898,64.94910421046748,90.12685272550412,118.87635797288468,109.23176862436654,98.50749037966044,112.6426990732976,119.0833230268176,114.73388382703844,146.6064426157991,186.78400026753704,207.5533626316586,264.8393547113788,281.1479897635472,339.21478644760816,414.5409394122071,447.64468443085286,582.5523897451899,655.1421151598863,703.5312277069078,771.2406996279722,798.2596375168008,782.4799243285022,832.3818526416998,879.0013621278569,935.9825977540218,1056.6221298023258,1082.3085802469109,1002.8883261652044,1241.41935910272,1246.8420606073323,1238.9769187558657,1184.576691261965,1213.6528574460858,1287.4503336258742,1447.2453790398465,1413.482088355897,1291.3859242654305,1242.6229672406853,1195.3240620550778,1265.100510370062,1203.6175252446485,1210.9379838583714,1327.0622974723378,1363.9360695118348,1319.145644476852,1284.2565800519244,1359.04778324365,1283.6581277050727,1276.2896652090149,1297.555873311904,1224.952009437147,1229.3452163495533,1198.1742847825496,1230.55386830192,1199.8300806848702,1237.1718349475066,1244.927970461437,1241.2702608466377,1219.283038590493,1216.6298342931664,1183.1050246585091,1177.6882205642248,1141.498327570598,1241.6353208736218,1171.923617069379,1129.7748302919963,1098.2419653706936,1100.936132916543,1137.2041413491077,1095.260830900664,1146.061834734311,1150.549826886167,1183.3848122752638,984.0139172523916,891.9530516228853,851.665181070711,873.1918923623613,836.8152910869218,784.9794309675098,733.53985643878,750.9792968764167,687.9950829117029,753.4894442464728,706.16547571856,670.2528319643325,595.8869370404558,512.4369423636512,496.2274802121127,527.4406481344893,483.5399766577765,409.74840904113057,486.1175101617281,435.13330969391046,370.6984332524044,322.8510620141239,337.2969319769543,332.2750205658233,338.9364629930219,262.5431208126363,240.03340131392,220.3812994612737,239.05913999010224,231.9680796273917,193.183249971874,183.26363925879485
556.3648564820825,491.242541772435,483.8647753453728,533.9522917640609,413.8504559969508,363.5292102462625,348.8424949353811,303.0701284577006,336.4011058513956,369.41979236155214,285.1465735207993,292.075576357022,310.31927658452946,277.10514349218886,292.1284966736032,307.2532259835555,265.109392091709,279.73142589693094,280.85782903472887,266.980719548174,373.06197137688105,483.9506006537698,323.9053654425249,307.7852975610431,303.0809254388758,276.52050047359575,292.7536659057652,298.1628697763956,275.51960932466204,289.838313610009,301.18310723660454,280.464053417527,295.2375232797309,299.7510017000264,269.53575870501777,299.7503452301404,293.8129911021211,306.22154421701924,331.06273999089416,326.04042955018605,336.5211522829032,371.52470093434624,406.9988749056593,353.8885716451835,440.3687808437713,563.6236487348236,633.2197440480419,665.7782292860281,680.4482795274176,799.1551875557368,996.2618116389287,1040.46694186374,1244.582181824422,1369.915112603652,1588.0955391446091,1821.222399459556,1835.7678932143665,1867.0893929872304,1978.646644866447,1957.4385492464403,2051.8531762450416,2160.5124154672358,2399.110350728893,2474.76156882452,2577.98929064128,2480.218964209408,2900.0770555962044,3175.126685144888,2962.6058952916114,2984.4051930077976,3292.698771605311,3610.93190897577,3816.5688507359,3695.10600052882,3406.2296277690893,3857.285418165268,3887.2817809820494,3740.528422956565,4231.7027629850745,4460.5855894916485,4342.849046583746,4293.921220451923,4319.581941578317,4139.533818166287,4449.544854058603,4348.202102739638,4407.391838116347,4351.98818578591,3976.978103211487,3949.774172822352,3827.633680989549,3902.280467664479,4033.354479658616,4197.601297294206,3786.9944517377503,3811.6656442636554,3737.797751541642,3590.46918454891,3619.125811852264,3698.222217688008,3634.226986052165,3610.483763214948,3737.003852171442,3649.4174006201306,3540.936952858532,3598.2905023616,3486.5443734514392,3605.061969018269,3983.4103772542617,3606.757887999283,3475.590645987909,3235.818047285086,3009.434243692851,3194.3678244461207,3147.440852447908,2935.5438278349343,2870.0464806076798,2596.648723872792,2625.448181137946,2341.0061321556504,2273.3259443948045,1981.6860715805096,1908.9838378263823,1716.8184185846292,1645.459364448257,1558.061575125779,1306.1455024567151,1270.2586819533522,1371.9607501851876,1372.972069097038,1100.5328630482136,1046.882442400199,1008.753025447784,873.2053021747711,757.8135247933158,734.5212316030438,686.7913389173838,699.4953155273654,784.3953278913318,659.6676248755664,603.3534966589473
230.6890494331313,247.48209935526,237.27961287302293,207.03541623989844,189.1081435737492,175.96701150472458,184.55331529515777,182.22129425039492,189.24242381351297,185.9813074200856,181.793487194739,179.47928271819202,176.63973373735794,170.50284628747613,171.40619371969842,180.3820091074066,180.61383744936552,192.3688800850696,181.7273066233612,175.09815895113016,169.667732126599,169.6745347580446,165.14857110531372,163.25390203341735,163.64663888435962,164.40065164300088,164.7185946360131,170.08785493160522,168.31041168083854,166.17780612413213,175.105991686575,182.22063227351035,182.4708614830499,193.9174777332252,211.0545590120711,233.68076907311612,213.60483303760597,213.93493059734027,217.951735945364,211.01635811406692,226.1645042757605,242.92889888956097,274.8327065452386,290.8021305045256,389.66636267828073,521.4170433486378,491.9430219658672,501.7148268805348,576.3389002163738,638.1487676244335,760.1448969181816,781.141851167292,895.1714992841987,1018.5008320446371,1207.2208183412356,1381.0886156153897,1500.2386272525712,1556.6397144285704,1634.4647744680694,1715.936247501121,1909.1065899977425,1889.4149625231,1930.141412513116,2052.0049086266663,2065.96691291251,2043.9464749407937,2150.537165191531,2098.032460126858,2128.320556716128,2106.346388264443,2220.262338009014,2398.367079521335,2523.1886559070863,2423.984831728012,2400.796452247061,2571.294235338657,2462.9992027055137,2310.5301414482137,2455.560987980901,2753.695909376509,2694.215529538507,2652.793697933121,2751.532171585767,2504.735802964731,2499.424970581635,2551.9018277068662,2566.925442990977,2478.438655254766,2291.7543883513385,2289.758569479009,2249.0422141829754,2233.41306655155,2222.379076021727,2224.892496069723,2200.1419374836155,2155.718237781342,2275.896048555325,2169.9442886703323,2080.4571577712186,2360.151579789256,2268.839754388161,2239.921610475792,2258.8314773877164,2224.7629223209665,2170.476940538073,2292.597171283669,2080.899301461885,2121.9219139480288,2016.1693220810268,1856.9413175873372,1718.8950555307426,1723.1464100225785,1668.8569087833275,1647.961411468002,1528.7163979462125,1450.3470987683056,1257.5987410503994,1257.0030911670478,1230.0337632972485,1094.6336404767203,1044.8077861315933,973.1481319933064,912.7807061230956,938.240482415128,1034.3635734692562,1107.5468658065158,1007.5637513988936,971.6370229756328,996.9946491202488,1033.8875575244954,952.3241119499766,928.7795778528916,891.9969453534758,821.0336896058103,742.1383415908186,805.5865202215342,845.0164977596976,939.289056341392,766.3646866398453,708.8652882001626,533.184930891435
359.8066693562517,361.81818199570927,323.95750430243555,303.4164406769455,288.74081452847975,278.2665916322793,295.20813879587104,275.97171010661395,254.00051782107852,255.99245234563864,248.018819456366,244.1676541401933,250.42403600605311,235.04567144980365,242.40295930414604,261.33018607154463,252.85204330167116,255.7867084035988,256.41075941600843,257.2240416584039,243.6489398294965,252.50186189962977,248.8684126261259,238.72984845719688,251.57098769199555,245.47765419335644,238.74103756649143,254.1546451429408,251.57651426799345,240.07886186987363,249.32474267645716,245.31818419522517,232.3498687417396,249.4566942978348,245.8484124124858,244.17877310884256,255.35829944667051,251.3528541178984,264.372436280536,277.48544896774456,295.8740787991312,301.56355805409834,334.4480780538346,352.8540717501781,384.8176952683132,479.2137951584537,491.3756606414499,563.6489109010065,720.4834549727141,763.4568736370555,903.149246983184,976.9654763169196,1132.037122881817,1229.3471039880253,1411.118637194228,1652.3056083537128,1677.6261886308123,1776.7379733454984,1860.455216988213,1982.3596678990127,2045.118257444849,2015.2717624946215,2136.766235809259,2273.249425596251,2298.9721766378366,2401.369130108874,2404.3559463187685,2500.242151492367,2464.3553206225624,2398.438734585371,2462.529081759019,2459.6279740108125,2604.5053739082177,2562.0087421378707,2527.3245758236035,2629.6481467774183,2490.350108286653,2444.2009211300574,2559.615249647356,2555.9834164398853,2498.700392493383,2523.7367398692154,2694.4095972706014,2679.2277324340644,2590.47613613972,2610.092615848905,2628.954917962131,2504.672630346128,2359.465169948907,2377.4995372917106,2379.5575424448625,2309.416730066493,2294.2533145840016,2385.820180225094,2346.365512583246,2285.011903316831,2444.779811026778,2365.6026707546703,2230.772531517112,2440.479684475569,2369.3006438714133,2263.6211887799004,2235.595886719376,2139.554582161618,2116.914534956247,2025.074764168068,2147.819600091252,2111.0972769396794,2046.7635163198584,1935.7168411826528,1925.597251182984,1861.6688182302453,1644.0648315240687,1673.737603063073,1662.8134373661194,1667.9976711133163,1433.486985100045,1399.9534532703562,1319.8205044346726,1140.9769586789328,1114.5256126142176,957.6934384179892,973.9693889862032,979.7079760636744,1004.088286954862,1010.5563921408956,908.431005217658,883.7371934463949,971.4551355849626,915.0306246773106,884.2200499210844,940.8490765347802,946.8390620220632,856.9835055757774,789.1752916113232,786.2973612186603,812.9365163683171,866.4720876045592,731.4185750428978,631.1819721956838,539.1318165745415
217.88464510220535,204.02254439820408,194.7544432617492,181.1663424838349,172.3086663416071,171.86720180835974,172.04451665576212,148.98429647703136,135.27396145244975,147.01874356154588,139.1077675652215,132.44451937304856,134.63120213580646,124.27785364544648,130.19222741642585,134.1423545712297,125.39388095192032,131.04026801111092,135.3356703347512,129.28777137519955,126.75237958256209,128.05815194997928,121.6799755582661,126.50655956086236,135.30018684684657,124.22563775227609,122.20641112929476,132.5632812715166,133.41036010914232,133.7406402223422,136.11737752243494,130.10922809537038,123.54357369675375,139.194695704214,133.5687305641297,134.08062801424674,142.24551812182577,140.77621807997608,143.0205601262147,146.73085027862422,155.58067579064698,166.0762783002522,182.14087383629905,185.5867391508825,207.156786693305,282.0176579272384,277.7067047734262,348.2592399140732,478.8403663504276,486.14067524378896,546.964260036207,600.4631046894145,685.4898841139358,737.0862974613012,953.9501975850984,1179.2489195440871,1040.1969667191556,1047.8552922837048,1068.3380659253216,1127.2439360259866,1133.2838998242703,1123.7782619132568,1126.181355752159,1171.2268096204944,1159.5561765137477,1307.463250029069,1270.985837474169,1382.3082400232718,1257.8871043714462,1184.7460769917568,1235.0900425433788,1239.1329087276358,1349.3849751259154,1341.1548780345986,1322.8632158627856,1280.3005841646302,1232.0015071041294,1170.7072410885014,1279.014589754856,1346.979508452369,1262.9235199915868,1268.0637905411368,1248.4350630704105,1248.5116122589327,1299.3985622147848,1365.0996336831035,1353.046125006069,1318.682221754306,1213.2764962244526,1228.5134242107345,1171.509957852324,1132.5823196291242,1175.8155009385262,1351.2797591913245,1259.9790093785982,1171.9393960788943,1255.1767332379734,1161.6021040023925,1038.1171408609878,1145.1567755197382,1047.2227169419114,991.0759718030544,988.3134276148304,943.4809367838928,931.9720875803142,865.9780167622697,810.4323031362277,786.6843070603214,953.748887305468,920.4241414512106,1105.8589183773877,1120.627572565085,872.3898022062621,959.0951746571684,868.3815889000489,783.3119443165382,690.3750254701189,676.8719540859223,629.1662889741802,511.90466462556543,493.2234776528732,416.1036931724286,472.1667363643159,441.8756776279773,409.6734904425203,392.1445680682834,345.3205037078545,324.4433247496176,337.6843455051677,321.0968477660666,317.32782887410093,328.1384809769539,346.5542707077253,336.7332356092908,318.78567384430073,298.2221524478538,289.1641950683939,291.73820591849807,312.8434623199892,358.35521560017435,314.8324255150821
67.32972287755223,63.26910052930284,58.52001079046081,55.60650601168589,51.95278200395205,52.06055115703104,52.1339611999786,47.18326840590112,43.8673189361361,48.81671972585267,46.6687287592424,42.90108541439499,43.73123176666477,41.69005324046804,39.84128739356633,44.477973336362375,43.7767119666423,40.9224285643152,42.26180559133535,43.45153435996097,41.2984654144764,41.288296187858336,40.80869788565806,40.731529094945856,42.125068437939206,42.55754678575646,43.08578624122754,44.32190580928571,43.27997797558673,46.82485870799433,45.95929362201068,44.60247089510129,45.827865645119886,48.18246984618457,44.304865852951785,47.20499132699389,48.31949504077579,49.02363038971519,52.73196846987399,51.67097657540841,53.9362970656485,60.97821043100835,67.60585555351817,68.6874139322943,81.01027109882533,98.63700706072282,94.60359353756334,122.3618619948909,157.78555645006108,169.24161300489078,175.2269952907287,195.24532851892045,206.0739995976176,235.79929514028328,288.48981888099263,319.0695918340082,300.7145719799921,292.93979256400445,301.55402866026384,323.65235174815257,331.7942287547214,341.26401938941507,312.5082341033563,338.7305200355776,337.7502365327582,373.6306816216522,380.2814349414111,397.3241822599768,364.3587222361367,341.48116726735674,395.1220666433971,380.72700837775926,395.14729225995865,378.4802336745448,369.5113978477064,368.4159032137868,356.28722553169746,331.8349869614692,365.2260200816924,376.87804777387936,345.11343510609805,363.2019658658176,348.5002470077243,340.0350323253114,371.3973479151233,379.2866014195835,372.6957072783593,347.5116815135909,342.4239988669541,400.98487493704175,371.7156572850741,341.9832998974232,342.7459127050439,416.6412555822675,360.4741613482872,337.2544946750317,347.50288832531794,333.01873227186485,304.02150500477313,323.62702589406325,305.5665852905605,292.0026976207133,307.04360366627066,294.46547518499455,286.5492163153125,268.8215044875767,249.18370740292585,254.8607136454179,284.1333654222616,267.8435433921428,284.3841050238713,287.8378895665532,249.3918621550518,264.6555688128729,245.8407837190099,210.4045035812068,194.2361241734928,193.5980500161999,198.37318292373584,169.90451054595647,161.99492404563654,151.42877464738993,159.9217259095529,152.6306754048151,161.6992029230819,148.95170249097688,138.06297093352924,134.2834122809897,135.20699173398515,128.7052152653767,116.3716887992194,112.80859030941218,116.63827989778102,124.3536378831323,126.84024151106723,109.76263741256044,96.76158363098524,94.98583790933368,94.8396193597932,106.5851102436438,102.50596420029132
93.00275993811525,91.744229987119,81.4679775508191,78.98817812107814,73.63591538492113,73.08912749241631,73.94427816654434,68.0075959808144,65.48055343899996,69.13107495297807,65.16012861144448,64.28725451338458,62.933156264659175,61.691650663660894,58.180148741055305,64.72733291830787,61.544897139029,61.049023341808656,58.93916627016833,63.34061736214114,61.48131242656271,58.25363966896292,60.30150317478228,60.257311624141295,57.72449480429686,61.1574301972887,64.37967834709904,61.05186112167982,57.26377899246204,64.83059820065165,63.78767061358917,64.08428382174414,67.75493120137392,67.79632543332868,61.534538155748535,69.52330910301377,67.1212510006564,67.24573199702824,78.47980439516928,74.71687360479586,80.51104108212871,100.00993884590643,109.15625161231648,108.00402907066758,129.01607690969158,143.0448260192716,141.7776860512631,168.85811804967489,186.9729565815309,204.66708203665308,210.5143482482888,239.36666222107849,240.67670383358472,280.3531750478122,298.0412034296628,308.47397874173447,315.94096290620905,305.2471610609015,319.61189132784006,338.6825516668346,354.6927752634394,359.21869661591364,324.9348157833241,351.8209194074774,344.5795766973385,383.07521749597805,402.616638174817,402.3770290444069,391.8335355314385,371.5030150088889,444.6590039087603,418.4648458959804,392.2050334978491,353.67767428471683,343.46126793764853,361.3972351919377,354.35217936166146,346.5352705697108,380.88147418172434,381.6773049505968,360.5197824243508,382.4084993161791,380.0340468519445,360.7061354556772,403.063315601727,386.3252793509228,367.1077803938184,353.537273625721,361.6313221779165,489.4520618321234,430.1407139916939,393.24737249577504,378.49481009193227,455.2144207409955,378.8102323517679,358.5590541972862,353.2454152918399,356.45668971856486,344.9149562931003,324.64028721928867,330.53942386712095,319.94497782179104,345.29083359031165,344.80115047501755,340.54210623082673,329.6172167501358,309.044650472668,331.3723751572009,342.48415575011563,333.9122227792372,306.26600398776594,300.95806775041183,289.4905438177841,297.6072472151772,302.251500673638,289.60079855212973,272.7877487769245,267.8612131948673,289.3523546951283,253.5002257681917,245.20069193745556,237.8134412064857,229.7781607447401,216.66693860292807,231.06217459074352,210.4551788649886,206.23382172185168,212.6787261400408,215.0363328402112,194.39289810669925,178.14146708305887,162.44294544046843,176.4231465099353,203.1188498778836,204.86479785553027,188.16950632660604,156.67207082131583,145.79628848512766,140.36698839991237,143.1829222692748,138.25469256103875
95.72494724715683,99.04351022168552,79.61742746488633,72.9287200736987,78.35526387257364,74.66520697636174,68.7776296504743,69.46930013729624,62.39864570756847,62.32077478516168,66.01284055400848,65.1304331094475,65.09362262725378,66.85924394190428,64.74196185797109,63.9331890523448,63.29236491034806,64.09225986833961,62.55312570749158,64.05650007236665,60.72302183627241,64.27716718811577,63.686233686339214,62.262323916539984,63.42835731015239,72.04228317983454,72.26493609185324,66.79421765060815,59.80592266587724,58.29067307579686,59.159549902060746,59.62497968340004,67.91065360890832,68.79335113668037,69.47020097190187,71.86239472060997,73.58324997403295,75.80952246347229,80.96911105018897,82.12002798673903,88.30424748658666,98.17400664467142,115.13805135145915,124.80737850698448,138.62928525972347,151.07145517354024,164.37397951314537,176.54010778530483,187.35534997803188,205.95265771302883,210.33610095144925,232.03110561748656,228.143071681496,255.28010265310468,254.1017641836575,244.20201780601383,279.9504349544173,266.0800975539469,260.9598878765734,267.49883462020506,289.40507144606835,283.5520778632384,255.88999949686263,255.019821198877,253.82999842445295,245.96368692591,265.51589819590833,249.1004548602524,252.8954477799697,261.3984764346154,276.6074525268576,269.86736899321136,267.03643956114104,252.58864923141195,257.9012182871653,265.90126748483056,258.08470989879606,245.98062375188655,255.9139762882121,242.62437005384027,250.35682485847815,255.8814327731369,247.48112725431085,252.9009816501317,233.6603453799436,249.8048463364703,225.6096840822564,224.10049291917244,230.7365738561119,274.8563986224018,252.80932166169163,247.7498461823626,240.54830845376569,274.90589376424094,251.8102201717738,233.17975121981115,251.1693525942,324.0949897357941,298.2611241549933,269.59072065792867,281.1560170768823,287.59450080330026,303.6603641507708,285.9607441121745,289.2682396288514,269.1402946398229,251.319175943589,257.76587632144515,268.84731262833674,295.73000283345027,280.10228138753126,270.28330446762715,241.83424525877984,248.4914895695765,256.8650253018512,241.17999974444172,218.3902126650943,200.807427103402,210.7095305196052,186.70662519426733,174.82074869054142,175.13509942374847,159.22380064118883,162.2317213153122,164.72395843456343,153.39718278639452,154.46473827223772,162.5058663532401,163.23576405218003,148.53270294024264,160.64837002439435,146.70366187558054,137.40242654707248,139.75957401686688,143.42156089150092,150.35968153692963,143.48097143794874,126.96836283112468,127.40882417998483,144.48178376722382,127.0725765540835
382.02284125837866,418.3852181241185,342.35618310812606,315.7012538847404,303.1123665611563,277.2277196840857,269.68736395418483,275.32011559221644,280.57119533760954,285.22305703451656,272.33293690739004,278.45020407273915,275.25277372163475,257.45481355053454,255.621736473436,247.37446636732795,234.89622322997587,234.39802422712216,227.03001274453848,227.99532262512471,234.379245102991,228.1533932381632,213.10967243178865,214.1951851453328,207.41928951715076,204.4182325526694,205.1890677696252,200.71388240135823,186.0730917619644,190.057764806949,195.0252077890922,189.7895591818664,199.595265732336,201.08030907606667,198.6653690895985,207.84222452640952,219.1250055065031,229.84044243638928,235.2488847799113,254.36737176326216,264.47235299718426,278.47769359729625,325.524096501936,373.63536000031286,452.9578650295058,498.1883605561357,548.5035320794226,576.0411166022388,563.8723550486509,576.6670954288514,568.8006254477675,582.5393362932082,594.9507174801699,662.9199256130261,648.1683339926552,634.8419159439655,698.597349437129,668.6481930979165,678.6205493216843,653.6157302974564,688.4909701605366,703.5650683263256,651.3441078045522,636.013789796978,606.8260079518226,594.5461716251972,812.2141924875365,674.5507831767475,645.797172383397,712.6762431422617,663.6875083234049,627.4140569493431,649.4034889338803,588.8866135873614,617.3829737618051,690.9356920981902,629.6634794541029,639.388689748732,654.6627071760178,615.4903354122366,625.2376104706223,668.3237098586777,673.4331772517962,770.159492216773,698.5521704313039,717.3392755466613,637.7520918231309,576.9263284602325,546.9319950159103,602.5524147709674,692.8857856684854,640.8908700846952,668.3867663661902,634.5785027534703,589.7014797690656,556.2380139447937,587.9212135741443,607.6191925912868,572.0517439140393,554.3240367381317,594.4169938297537,587.6793698326321,594.1851691606711,548.823767051969,538.2021709341217,571.449344087926,599.4068975838608,560.943925206419,578.3457816364581,620.3623254154677,558.113168032084,646.9397227484566,569.921192784646,542.6324564274872,570.1382999683456,558.2742635639569,500.955246805371,517.1872236582275,525.1672757960239,491.2552116116851,476.2984539363552,473.13647451494495,459.8211966619374,499.0429711770074,497.7688431847951,519.7819132535232,549.8720455138154,639.6213833118611,599.6345269544794,603.2933536960562,539.9687698882951,550.6736640472324,521.99598471582,523.0519859037919,561.4840801306276,563.7045782473435,562.6840811260656,526.7716300301963,534.7724685643948,522.9676028046515,463.8330887380831
415.7734744413965,401.7943644552742,368.13136784540745,340.7012573536332,363.8960049409462,330.6627048433753,315.2807770556905,310.9333196815239,318.28919520984505,335.136267217084,314.13807222651883,314.1374742951937,309.4332882452222,298.7760725423023,307.9251033905333,290.49956748129006,277.2096099139162,287.60905416016845,272.8245752470717,274.78534989065224,290.50873265693644,271.57261727314506,261.9938349075401,271.5189096431279,260.91812895486987,264.2314417065635,250.0147566623816,241.04511024809784,235.3001046925083,238.6640091018012,240.4793311258064,240.86410236370136,239.4516908265677,242.7037794731708,248.8679769279823,266.53997915421627,274.29034622567514,282.391265865567,278.8294256369472,302.2495074103312,316.47593519685694,331.7044336217788,357.7456327722377,410.4574599680497,433.9498574999956,433.24182046696126,476.9853482656249,534.5380948853683,556.6754990957265,608.8163274272782,655.2106013063234,735.6214340118617,714.7588792417389,796.9482185153872,774.4182363910089,746.275881262742,763.8944454943389,735.7682023035608,777.1837665458465,758.950710841997,763.5343063579322,809.0957057695216,736.8180292074046,780.5534572172667,746.2895754056718,731.9753771372049,993.8822907261324,830.8031603947269,793.433725430641,822.0424250701004,765.8311467912101,735.5832611727158,713.4704756211439,704.7671049430659,752.4020423494397,815.0385700600345,758.6885867843569,780.5372852182496,786.3190316998787,754.1287758201604,742.1264473096714,791.7135990693421,837.8984409835558,930.3360397318804,822.8804992905195,795.8228401502342,749.5078906249937,687.3441674369506,689.1373750150161,671.901363403996,798.6958521407906,754.6673136164492,767.7858866106085,730.3842441541875,733.4013861912724,676.9849278952726,693.0702227200414,633.581596278361,628.780576161898,624.372781202996,666.6089657641378,658.12605454202,648.1815882455081,606.0078600509338,598.5571865205937,644.6477772851639,651.8731851869836,611.3505692999214,630.0780011460021,651.0926197964905,596.430317597893,677.6396152378925,648.0078752887893,592.1491017231106,632.5231840821172,643.9038159476229,592.3678422175161,617.2941057112567,620.7502968725482,573.267702449999,571.1640386589042,587.0247110660714,572.1910045155678,577.043458289623,588.9122036050989,603.2434425177879,650.4217952659792,766.672474340375,713.1060212763551,735.2906699508248,639.003563702476,640.5643990162744,648.3408312176757,585.6854655877455,558.0717028566563,595.8457719864306,549.3900750718393,565.1524769965638,554.8687385821764,531.326209985456,502.27426016331776
352.4614829315664,326.5844499073568,301.6981356271039,287.99274613284064,317.63091989921446,284.9474106694891,264.63203116358,244.9552896450648,241.58804878579733,269.3099676405542,245.18907054649105,240.1677896025148,250.3851466001165,251.4079598799985,261.2293551789606,257.48001434869457,243.5715563823238,261.5560273254199,258.251093202233,254.84781489425183,263.3015927121727,254.821317292745,250.72035903874905,261.4552066493705,253.4890082317084,259.4673802540413,222.8402987376413,223.38435485263773,216.95060118432568,215.6196315381912,218.2732385448652,220.32588725441613,213.12965248417032,216.08484471210596,226.6614741057533,240.3768419561344,249.1825863953489,246.5672776829861,244.0487964326082,269.16551277229,284.0665784394425,300.4172710026674,316.5535050935336,367.09958212054767,365.78701841990784,362.07222813594535,398.07848777419207,448.6711661530227,466.82794230914817,518.7161272383161,569.9396126551236,646.508953134119,591.9124039194955,649.0471246414872,650.4905680197737,593.9569001166072,588.7819944276646,563.7985781535332,597.8772128814649,599.6164547252395,638.620728330352,649.2064065715701,598.7537687589952,704.5355884139199,695.7450329811517,664.5062740913019,726.4904654775863,687.0754625511138,709.2898766887912,695.1558414077574,661.0727406965049,650.001134443957,599.9194286552178,642.6712038770788,643.3890179543884,638.2619584978945,642.2731311310415,663.0871109731778,685.6255051823263,675.1574619920119,638.0160413353087,713.0466712515428,750.4838744450047,715.1239207985567,618.6255201048147,645.8997859715078,625.809774886677,589.5656004379371,614.231710829096,558.4003938710337,573.0348749093522,597.0007612935412,615.2256402056291,644.5286020733649,703.4527599669786,650.7262222625535,602.9289081089713,520.0255901847914,520.4711564535144,529.7314302430246,541.5072691050112,568.8393886483427,550.9345096640667,499.299490094376,485.38304748234987,467.9680582933186,491.70926849810814,480.5435154939172,495.3470328646777,497.9469294632863,472.8431204211627,482.8460732246381,498.6357962522511,467.7050204742478,483.1070692215785,499.3605278740476,478.9801488987806,507.4453203096028,515.3435137075213,473.9214696147409,488.4387414666307,513.4965130090632,475.1590144195973,440.427539618098,452.6993557330456,415.2743244915369,449.7962591827369,465.9638022283367,476.8852992583773,512.8780471491132,472.9066699630592,495.42176516369545,536.3061463680552,463.2347396059663,423.063278486513,435.179169174949,388.1355844346841,400.79026289301447,432.3544466825799,389.7394348202652,374.5807971490586
211.70000273334097,189.5050968151695,183.07620489492496,167.09957163870922,149.46735331428178,160.80613940503378,154.8960278900345,145.2634230035016,141.00097232934112,138.48844302168447,131.1523294710781,131.63548923150162,131.60639050005213,132.1859592963595,129.86639410223893,121.27223193455018,117.76907700358304,123.81958855767148,119.94806880394466,119.13457952891709,118.56310353160814,121.99075708409758,111.55074702222784,116.03905880232396,111.2696215921232,104.28573668967186,112.41209132083596,106.51934685526066,112.8102780324597,119.31885562306196,114.52219957803348,111.67702268617876,124.24777118365948,126.63871630533468,133.96707839688324,153.6552621764295,137.03654947674136,146.3980159984368,146.55182053377916,148.42490580281202,150.6578047962282,163.28437351219588,163.3105642789892,194.9114650294934,234.63431468243164,232.16085314326511,232.90075433138023,275.5124633038274,273.33817788764065,261.5285576645069,293.3322501852904,299.6164864110873,269.2591428075676,289.0832292897995,313.30922225410507,352.913454456139,311.9117798248084,313.4720134123401,331.5440874401074,340.35240383708475,357.0703400998577,380.234083313664,341.7602138304854,378.45390991992014,370.1637582426693,402.79052767641207,386.9089805434812,397.03034390140505,387.22934480424095,372.1759080817047,386.885894168542,417.01132537492896,441.1387507753548,395.01488599578767,439.0768641599138,438.69567830473375,392.24884047958574,388.1430285195109,396.01572895957673,403.3280516108246,431.8364622794955,410.1228676924884,418.9018892136552,389.4178065204443,370.0504000447088,373.799529712007,385.053796854549,412.66854013479343,428.2420311232363,376.6284432348149,391.6718619571977,400.6010991823893,381.68902811239246,404.9099612966998,379.0943621033354,397.8601663303424,523.526034941415,434.1802010201925,408.9304311552485,395.6751646214388,397.47614482282967,403.9190954546452,395.2785868532408,405.73627304836816,425.61048660709,437.4349197296549,417.4846645810005,419.6144586533128,401.4147042889237,418.61621424155686,388.4657638472927,403.31475562690514,387.8237660627785,384.8571908204625,397.89592085404814,347.90925778279774,338.35364522677963,330.0848363180437,336.8550423241396,305.997330551729,285.3953309340265,272.5513127613728,308.86816203870933,281.3859989811391,287.31816025396085,282.8097532859828,242.7050440639136,248.81273676895225,236.45528992062552,247.21937154972548,301.3277006773095,263.9115312621436,254.8158996817819,253.6662910760808,256.82571773484005,243.36131910682076,255.19796037359052,238.45799531765772,221.14440040810948,246.66311327078105,250.05066002078837
434.6876735054348,394.4376049114226,405.5109125461235,355.8373133391211,333.5889857644388,358.9637730084919,341.08374189790294,321.43855915965975,299.4136092409409,296.26960402288086,283.66643205322754,300.26792301407085,312.2551516784424,298.58636408915896,289.4240534810875,279.1351695642396,283.7348888115812,284.34649363964024,283.29695306511394,282.56969954801826,280.20045015112606,282.8362697458417,273.94086367799184,261.676824429061,262.72692687432584,251.3799749393638,251.76245285012757,245.907619167974,246.97867638513588,248.29674144792287,242.35546997836704,247.61980962475187,247.93349400119345,242.5210892295445,249.7070498308781,371.006191675227,360.6278992607158,309.9085046097913,276.6741076601888,272.4319283622756,290.77049447799897,316.66378668994787,319.3073767360636,386.96755719083234,512.1557390194391,502.2837777264244,522.699019271651,602.4839064822494,599.985717322426,565.7266596453031,627.9661819365107,662.2011530297364,628.8808615906987,670.6612380440567,726.4910313718105,830.899217561647,735.775877173931,743.2214007863594,830.4100881857821,836.6437881088023,835.4409662920211,846.9805809546892,850.5152959272405,863.7099480137779,909.5480249657792,1011.24534180122,904.7044380944856,935.735898976906,886.2216382266238,880.82393474903,898.4086169505784,936.459008507422,941.286972440435,848.5573632435829,882.5197053849186,916.6304927511826,858.6230651188849,867.3478437235353,897.1827852358034,883.0911764894743,895.2263264704993,910.6983166953462,975.9736092587216,921.018422053868,926.8592720720396,872.6780705526918,1073.905165572825,1113.1552877088166,1159.113679721704,950.013320033124,976.5736900191628,909.3705541437188,918.010889126412,903.4214270453492,877.8585234772887,976.1515043959232,947.7915537960636,913.9343169471272,862.2467364023609,815.460751322409,837.6192197875083,850.64870238914,820.7053100726295,824.1177553895886,874.8354896835498,889.0584274280899,965.4573355033108,921.9647767317252,902.8094117716256,907.252185603777,798.0368395725253,820.1640123234727,781.0835129610304,839.3678651484132,926.317258310279,757.933429864107,684.3567619914528,657.9007709831928,671.8838642980047,680.364996720636,643.513219183154,583.69600976233,569.5087183815083,648.6065179656977,658.4921017719283,605.5179445235729,570.349844047899,657.6778073467342,631.7544019783976,575.0667341527368,573.0961924307715,533.1546514132397,624.1819131442908,620.8147084910482,551.1812742089279,539.3446021389855,507.2449066083807,505.5732137219436,480.97151612202725,608.4742960514595,584.110721396881
462.91016154406,414.7586235937897,417.11367694488,359.7949476678162,328.52739874413254,324.86631934027,406.9301372150967,355.5948178711044,340.6780265613792,328.9911729989966,287.4881451384624,302.6714245899927,325.0664088347997,308.87214332389834,317.33121172910535,300.90522226498365,284.0804515838192,290.01016179036014,282.4489398715602,272.4045163060336,270.2551269948756,275.3345874671689,257.0038971705757,266.5715768203921,263.14524966923904,258.8069841351316,251.8753498533345,259.5747487821822,239.11601723130929,242.9051682667693,242.8247228406502,236.47573782916524,249.25117416257763,250.13799562633773,244.92452796715543,309.01482999966504,314.52388539896924,278.81108632179803,277.2460417948915,311.1659425214059,311.62165391121346,349.4687398746202,354.6854819323256,377.239549133623,518.1447231361607,505.23158451229983,505.8627646027999,587.9848338780821,659.9050321696465,581.7413123996597,611.2465154903911,646.772478772691,621.9030593267265,683.8338746148025,731.0464445990065,750.2774612999626,714.0879422520912,715.1384662880051,776.843509423037,751.3441005412309,884.2467829584602,822.1303928348966,825.7563678446402,815.9503857054964,820.3395567827278,858.2486544880168,785.712925210094,793.8536003047715,787.3676144364146,785.0820258743727,815.9815374674735,865.9104818857996,826.8251863568701,742.5469518498261,768.3094656498083,777.8145891691117,764.4442623055492,753.4555374925087,785.7693208240144,759.2177762067538,774.8501700778312,787.4440015664698,790.5397548921574,781.8982786144722,818.2632490102333,770.4419382799608,942.4670574485732,966.0456920046649,999.5966033880276,864.2653949638905,838.0060254262212,775.2919945769071,785.1723279792371,795.3979048777487,771.694936815817,867.6404037549166,910.2160001818183,803.4467548136121,762.7601122943156,706.4966249162449,820.5690288216197,766.4353406131937,738.76106792973,755.7378294061306,781.2641455243478,785.727951868951,828.5719439426686,869.0829918005044,899.9040505339244,844.2161815455325,763.7851972389448,828.0370771218143,766.7978711882582,756.7586432134657,769.7564162694331,674.7371240862685,607.8909897850966,580.8845706670526,586.8124713465351,580.1488046857379,588.6023263008452,613.7988579253004,527.713279620362,593.4576480656739,596.8173027475342,602.219556184061,515.3870127810424,548.4954336510194,516.9170845803503,487.0792084489,498.816480717082,459.4106016015692,495.0640980222327,483.14174347454167,464.0148949636136,460.3517320311896,409.9853081364158,425.0988628135351,419.59991925283146,488.5270657625198,446.9016882904182
206.17857328120465,188.7804019962,203.74386505808488,177.78459507980492,158.5726773642887,151.8553900641111,184.83426286640545,159.96278279679294,160.19100043655618,153.38683155748194,134.94219608673964,146.14192126236932,150.33876808409863,146.61761492459365,153.49120807967324,140.88286157679707,134.21997702565557,136.3729678535318,130.52974082669672,127.0114418535511,127.93550292335011,126.72717737837957,123.58300714052343,137.5816977227936,132.885909608174,129.72642727558437,124.58350160681508,129.67759337573082,119.95146556803437,124.1155623486011,124.98542582688609,119.27598680629194,128.69606978329614,128.75664652493865,124.28040366087086,128.6572799635091,142.72243743131105,137.98245527650292,151.2603181828362,162.6490771217212,161.2270618723133,185.25694856059704,188.17746601590605,193.70250846651345,251.8422848666624,261.41928470910267,256.21151741002353,307.11008101398903,346.3643079040461,306.43564524689435,334.836497564452,353.50860001521187,366.4965134340496,396.752239166627,423.9536385506533,399.14434713682033,394.7331598846957,390.6416057094346,418.0121304662192,414.1879592720033,492.8942166407851,468.09111344296576,465.10156635053113,454.2707551541332,432.4141303441834,438.5957776789552,420.9885868773229,407.1695541727903,422.3256806777217,414.444662331218,445.3322484869192,452.697545496573,490.902046367965,434.0110234482669,442.2674110105074,431.2724066628402,432.4811001838358,422.80006905784455,434.080013112921,421.66849088207977,436.1628000789202,434.4945875373817,412.8679506168701,428.0122802060588,439.9850386576458,416.47622530821366,459.5031751338057,466.570676725448,449.3503442723632,451.2122895651402,426.9563975442073,412.5979714496844,432.8481168096664,439.029436480903,444.1161404673109,446.17634635621386,469.38972890966255,423.202790222098,412.8890131846975,396.2320880879045,439.3758838883006,414.8624653556196,410.0012222910253,417.5821668560933,423.1488861984182,426.6629584543389,423.0222065777844,443.4763144035317,456.4919614603726,418.2336186965339,393.02778756403774,413.7064875999857,384.0126007378565,348.61296297837833,333.5674909074291,307.8059514799419,290.1198920742005,295.6678133755005,295.091981452267,274.4055799778328,281.87182547258,293.2668363436647,253.21887773466017,275.6147318355576,271.90659826838214,293.04629100032435,255.42181470890952,272.5381344144228,262.61477666644447,248.9443537053473,276.3410499457109,246.88298883230868,238.47918571400584,232.3805624773644,259.4183810559158,265.5933161205176,249.1538698874561,254.23101268121732,261.8236381371287,262.6359330596151,230.4419199273238
377.9783149832471,337.3411012234051,395.46101089295325,347.3792010024879,294.8206329677929,297.7365612438892,311.1767323140056,268.0716075015689,286.98040480637644,275.76317332943194,248.621109270616,259.97625438957425,258.2482578594938,264.59625328622565,306.896715761662,270.24762361260946,275.1467020593239,290.2820848268223,275.7570246917062,261.17374380821417,254.6017812419441,244.5711147759698,242.01215733692356,250.60875840143584,235.5270583099628,233.56071899187452,234.0156102300776,224.55959497793947,224.0713326568899,239.10831815595384,232.346004116432,240.90456708795904,251.6961211479124,234.07902504479992,231.94834894571892,253.46635861605992,259.95940332403984,264.7562219222916,289.4166023746177,280.19169942765336,307.6074554473437,333.20804404178784,345.5586678698144,373.35912372366494,423.5188340818035,477.8185803779373,509.3393509378118,646.6524966627778,773.5553798141456,682.1891847739739,733.9538365831826,731.7672549281,764.9717341916421,948.7466318827268,984.0470842996384,986.3212055091016,940.5309950558776,1034.8447650295382,1113.2832605420288,1115.9128279013514,1215.1347385626746,1244.3339348808895,1138.8335241387003,1191.3451517628946,1207.042015224373,1232.4159793651145,1139.2116492681614,1052.7734199689576,1055.5391995743269,1111.8228316773243,1180.9967284561308,1211.3511875682127,1174.7822462663426,1130.9697283910832,1157.8981757391434,1183.939947517022,1271.199467953404,1233.42762884957,1217.766406259071,1308.3196053347,1259.5141223744222,1199.4943093741413,1233.71362709525,1237.9538334091417,1210.9276981581766,1184.9055420216794,1168.4186616823722,1112.917530176503,1107.4310008417976,1106.4263006308508,1069.3970204849932,1061.6891996317045,1138.7199662820478,1101.923765550974,1121.0407418670452,1076.6528541436428,1037.9819420983256,1044.56077218377,1002.6028792994894,1098.9501645305825,1069.7688365543406,1079.6928121676149,1107.3282211996568,1054.3029627214446,1015.050427884262,1045.8327377220446,1049.515231525932,1099.4599418751488,1049.5529541803396,953.9880270794804,969.6472055469288,946.7941074656144,921.5961186320496,923.286360570338,962.5597105412191,843.6034621038143,862.7961256697234,1001.1325231716588,836.4322228847859,733.1864320562948,692.8071200132998,652.5431333437515,621.5635486415207,675.1867049280266,646.6003874388421,715.9939471071676,642.8314941174038,679.808117405491,648.9612191184519,618.543299969463,601.663656010856,711.123980744652,615.3639109138826,574.7780451862293,528.2885243481937,500.5778308645322,450.1435545607236,484.089321785811,544.6986298939214,521.2061898601078,511.35355964608056
351.1493677654631,320.8770559397586,360.16937933721255,342.99733580003,316.0298812770563,319.7131937911921,309.9446982760422,268.6425157887888,286.37636910842366,277.19313877444137,246.6167950202021,257.2692283447031,245.7416939438151,242.3080704112835,278.537392925721,253.42481137931384,245.6114842879969,258.56704374344605,257.355705169866,240.8008005163209,245.170392796298,238.4628523984988,226.6689209763477,240.0930226452936,224.60218621595843,223.93227767064735,229.83209688080044,218.2195443716548,211.82450901387205,232.22318437033465,226.9110324982456,228.20529683935575,237.55655839135304,229.36991660836668,220.96087824676172,242.29100117664768,255.326841986364,258.63013604398213,275.29350964510047,274.9863033520156,300.1791236613768,328.68644540372367,347.1339848210507,365.7012672302194,438.528160333534,526.4437832311371,552.5811797610937,692.5722811407982,796.7767280232198,835.7643039865188,953.4872750251452,1013.915394957392,1067.915494380344,1210.3958992709977,1276.577632163373,1281.1407516661448,1315.0471211055915,1373.8748323927866,1384.4895744559326,1382.5492766910486,1506.7232977497122,1488.9251528632317,1397.9299493575331,1563.7268642735876,1568.7607917935622,1551.3128961565403,1442.750316336802,1448.329856922487,1479.3071480804872,1483.2575598883604,1511.404114102216,1467.8716659740192,1409.7411926564223,1386.3914575251504,1453.257306694822,1513.351894668716,1535.0656022965902,1526.4472754182032,1550.7703036970915,1629.6150293951057,1547.2040032557209,1538.051741608669,1545.631909286249,1524.7985989202723,1499.3134861759563,1498.2223268971495,1494.9587669243035,1440.1078174484148,1418.5659219599406,1395.0099186444395,1399.7063104302829,1394.254984779325,1444.454186405574,1389.2908501505992,1396.8525313826383,1345.0743920149057,1301.2817834307375,1296.7246837655052,1313.4306026730396,1426.214299095721,1391.8146423798637,1333.5601569742018,1348.1001876262487,1285.2786104150084,1327.762930743917,1340.864866261873,1346.7363265629483,1383.1156380362738,1368.292225745942,1313.4145938905888,1270.1266697079127,1243.8920619742612,1158.5867055438216,1145.8199040786667,1135.773624442112,1032.407638208762,1042.6443094314486,1093.6673555897703,902.4228255463636,788.2555187896768,783.4212682092841,734.7509041239272,698.0774680102938,700.0143659984728,676.3377248451199,734.7881884484134,702.5605282807509,689.2413786377988,652.7271698820784,587.9675171612317,580.5456608121409,670.2637620937287,608.4026551434714,576.1097500412606,543.261358593784,496.2340322044077,458.4720595087038,496.07427086304426,552.5286776365161,548.6322415959551,544.785149803873
366.7114967714844,333.0886030600432,353.93522667236846,374.39587929897823,376.116701815156,373.5860522607813,335.0395184823784,291.10502087700934,299.4092326117019,299.6667732054699,268.3226579452576,281.2414807627744,260.7211907001154,242.882737023632,267.0935054811542,257.7258051157317,234.9174297365959,245.537792035592,259.8551545848226,240.64303196900192,253.47078794538055,247.7858169893482,229.13887944416516,252.65030750715985,242.5243628642336,244.05278012636492,252.53574688690324,236.59849769992917,225.12606756446104,252.4946270402081,247.79482112860453,234.7468628521401,239.3210860330748,269.706111040746,251.12972670919825,258.184142287119,273.7553302682554,275.2097398419148,282.43908022187514,303.0279909491797,327.3647863143788,353.8886219998622,383.7083653509153,390.5961983449637,513.449984782464,634.4036509424421,648.8683280540274,787.5093046596879,875.5869256320566,1099.1073587461462,1322.1072122821265,1493.4053543248942,1621.6918060871496,1670.3410074705591,1777.4040843293792,1821.185868258634,1927.6975189672405,1977.0932237612944,1899.26085262006,1910.3904798800395,2109.97850321134,2033.297468412601,1946.390764142375,2271.334365453015,2273.4027497938755,2233.3821687790546,2095.96380799131,2238.962664692133,2259.547746926464,2188.170486636683,2167.1105009794032,2005.1357656959751,1981.9422262518883,1978.4688390619592,2065.7009131396503,2187.8910171311472,2113.33273562661,2145.213605626341,2239.104685170579,2265.587447496237,2125.276941466057,2164.894002989889,2127.213426002003,2040.066877146811,1988.2747985748483,2043.9197593702672,2082.9392465933,2083.9342497978632,2013.69295493895,1952.855873852546,2030.1782769266763,2033.5704776446544,2022.5990663486327,1977.663545804996,1947.492732510296,1920.800874217836,1874.93462283229,1820.3263125839983,1868.7668232080732,2005.1651147794453,2002.1207435525384,1831.825619464472,1841.1284709764973,1746.257033234155,1900.078029786843,1891.8315549263368,1893.7421249465065,1916.808020271705,1986.3348258157368,1985.4632227653171,1868.4918652403144,1816.2250186063727,1592.615521362289,1528.8870282010166,1436.5508061834369,1389.5486056475102,1394.5841794073488,1287.038319023782,1095.95167024353,962.8264041716086,968.2666852510616,917.1214482720162,861.617253181895,778.7153183554527,771.8533635823637,808.1316593137534,822.1319827689106,759.7121730500036,710.1268756391387,589.7590744254431,600.7831886407978,633.8815328396362,630.0506430155713,620.2902656715165,633.0853524280283,559.349398101751,551.8979943568199,578.6498907041112,636.1036086098543,672.2888882391732,648.8495431061061
315.9767933378971,336.9644627061954,301.1609001520188,282.7902346566282,290.2439921033388,276.5325681140204,248.7669081851745,244.769744828038,241.35045188840223,244.79942025960608,245.3351001629616,241.61208429050217,231.4907314922769,241.24299130936876,246.35973044109417,234.7622773009049,231.29684918096237,227.4589766460708,225.64922921250732,228.9883237738973,216.0015969443883,216.59744102166505,213.5172092041601,225.926840951376,236.4644570967412,252.794838453668,238.61992158441652,219.6963242524964,224.2996638832547,246.83329429651369,229.08746219823155,230.6732636809235,227.2444738877617,320.02921253178425,300.524283992715,270.8183917475108,266.68423792153567,276.9756208750408,273.4147941709388,289.87586366310705,311.81631426850385,303.47432578589945,313.2636704734823,329.5902392875855,381.9740861293442,405.585848928121,464.2034419776809,538.6464596799359,624.1943483897269,751.0658243550635,903.6621982295528,987.0200678221312,1163.5292801002502,1261.306329614671,1427.368483166626,1525.0070168588982,1657.3443622010857,1811.505071564471,1745.7761636448004,1714.417113729496,1670.6961225354223,1659.1650007972985,1727.001009619992,1748.625843797443,1810.0833539839016,1823.5293640735904,1799.656505817186,1836.8690329191195,1846.2151773154387,1891.416038943856,1848.5730287834488,1772.3323758475178,1859.8645020076776,1943.1133689140772,1884.6538245191864,1972.677492140917,1944.8584849309395,2009.42016585222,2111.069058855524,2169.300739081243,1991.187550035062,2149.421678357013,2195.922050499706,2107.8728577366005,2064.9648096824594,2062.983681489073,2057.75847189092,1975.4103253976723,1969.6915499856837,1860.008121079729,1833.278103416262,1876.2198976941504,1786.6511546090169,1759.1582407415017,1759.090493234117,1762.311688951581,1821.71043444686,1721.6923155882214,1645.9580434049972,1675.7151579809326,1706.098841032215,1636.3587053067242,1700.9720591206983,1652.0343495481047,1549.6355288643376,1551.522976119924,1531.9712989422335,1511.056425228048,1523.2573429113747,1484.4787925309156,1516.0940901443323,1414.1907599385577,1284.7573759919412,1245.6060004007095,1157.0247510773456,1101.902302962696,1023.3344517719544,935.1356887969732,863.8188415928787,805.2577624841896,802.1716982549336,768.8533456291428,723.414805640807,695.010794327443,613.0921754965575,594.952622078406,571.8035601524086,619.4142744584952,561.9793060310736,496.2510272055764,484.8232156033828,496.5565326233523,489.96983407092034,475.23590884530455,575.0452365177177,530.6554982626764,494.0023805131653,481.6094009106717,462.6138175229553,456.79351512906175,437.1119072937101
306.44954283493735,363.3769689298842,313.0966848760435,282.468088333185,268.7542351398412,265.4197228218696,273.06242742061005,259.0170775695856,273.7538228383213,303.4702988427302,273.9681953709724,259.673760082682,260.7504415439227,256.04236773204065,269.9666043161847,262.18762044853975,264.1113534688233,245.91894646975032,231.35820808077136,236.7914999754348,226.70317266315996,231.26294594920748,229.1931046608515,228.34820756437475,228.45962832313623,219.98582272699667,228.89635705064555,238.6514524420419,231.95928624508215,215.81202734248512,224.8423326620084,228.27683880721628,228.08847371870783,243.0431769545055,236.27282793926656,240.27007718820772,238.1023809513671,252.0016193529906,258.923928493043,274.453660518298,294.5585503032972,289.1772241419224,313.702041942492,337.1024871325727,398.25208402237047,425.6838422330186,502.131500238594,544.4107407877482,645.399533975461,803.1829177679226,975.120850644008,1119.1930973505573,1305.763737304247,1458.6839545278458,1633.0679538880624,1862.7669317570237,2025.3448107559727,2234.4658861751623,2350.9399290148112,2285.967691828242,2267.6165089002634,2281.23154389033,2289.506605621756,2300.681074530616,2383.4002696351567,2501.444675739553,2581.0548423149776,2620.468109453224,2571.2739010803034,2562.112498047693,2532.166400994168,2498.730978793986,2511.988112601596,2702.3087749235374,2643.1773756593016,2752.264469036614,2728.3032285727795,2723.657056576945,2814.5230276114653,2722.618783888801,2730.2638340814947,2848.390931130387,2887.0415563926726,2781.152405047588,2886.309544453441,2890.75066597483,2763.807008349422,2819.5329658650458,2941.4284056026954,2647.518781639781,2544.984030606718,2574.38125860265,2579.981633606046,2515.31164271452,2653.1158440266668,2647.0739720129995,2653.7139692624296,2553.193672062173,2452.215754799633,2414.72200774006,2445.190083334548,2332.3907498284384,2437.5378237405275,2312.6224148305705,2292.9337385926424,2221.7010873343274,2271.6917867964835,2219.8011169942333,2225.296317631632,2059.743939116425,2027.453339247016,1843.0036296046808,1806.85762811978,1705.1063867359585,1615.6818263015743,1560.88732841466,1501.0159900328133,1422.5852754863502,1332.4098328067305,1263.4071716394226,1326.8892474229065,1266.2744127074254,1259.495347230022,1228.001806880164,1119.5736353691132,980.696218366462,962.774389111684,1055.5254868016436,1087.7912074639578,1011.3014939991132,1296.6286855890366,1267.597599430817,984.8487173349848,884.3576154923851,873.4650580817321,830.3970492015767,749.5575991599283,745.2597206722648,694.4916611846753,634.0762924032355,552.7896109667277
355.6608244466763,318.90053820754406,321.9288559987936,349.50721330675253,313.182926240566,349.8661000222461,329.83344053103656,343.99510983266424,351.8269613568901,327.16937429440907,275.5725907732784,249.79284475206867,275.2346189540127,286.791991364305,291.9119738195126,272.3347752835274,248.84024370010783,235.13622918374384,241.9482707573084,230.37277184951745,219.56769569816635,234.07998202562763,225.03611548161015,222.3845438903656,226.61125198647807,226.1797551907306,227.18925492131663,233.59668786775052,224.3365079251716,208.18947546216708,228.0985500441995,223.4832543715572,216.9475982768814,250.63122554877955,250.57157022288095,240.05580061687297,251.027988174722,259.5959948291346,254.12735565398745,275.7305953710273,295.5004003236201,300.7327484981033,364.8877675165954,378.0269201191782,439.2620927314944,543.9536756665793,667.5480693609829,757.5814259170874,987.975936902613,1143.5303767886917,1325.993985852542,1562.818683743802,1974.007871950253,2583.536206695787,3027.5073339855007,3205.0273352688373,3544.0504600915688,3572.7563079566685,3699.840393626453,3738.940832848004,4180.048593222786,3995.09502726104,4165.341250223226,4181.508400545309,4490.898395432407,4329.21430481141,4455.834298501659,4454.629076715511,4596.330797418602,4634.197036960022,4729.90963749416,4478.1529098221445,4513.164263632777,4803.4919235058205,4722.419406882017,4656.233551289333,4781.53333496715,5043.762549893851,5358.4104161544565,5342.335418723645,5260.968159179397,5259.502709050243,5253.066966657104,4967.266086175053,4853.591134044948,4793.928545195573,4744.805010585313,4748.836964931725,4759.270210384257,4621.2561523465565,4522.043200129535,4549.608666432763,4443.343939332454,4471.406915717838,4421.404656122828,4477.9888070933775,4694.653031507865,4594.208363554671,4265.102282323681,4285.253622939153,4239.5364360130325,4292.813451456805,4059.5805413115463,4077.091053215208,3863.427200979686,3735.4068171016143,3910.166209448553,3573.498524702159,3592.66155204286,3388.4020296898907,3285.344915634429,3121.7001562118376,2968.0413277248385,2753.104128812101,2903.636180765845,2762.6032296770336,2486.4416351371606,2411.81191249179,2207.4127989237977,2109.597812343061,1933.090527419181,1852.3941471279647,1725.7986940434066,1522.1784085168597,1542.9717918003994,1422.2683489262226,1261.4012372995037,1132.637279638618,1130.3614974197324,1028.128215911563,1056.637626703888,1062.375771955222,1020.9254184375882,1106.412668956465,974.4151856411607,919.523267259454,890.0144981262544,846.0255329524493,844.4692287936213,801.3644343314309,908.8847710648143
130.12163327736505,109.3346803962242,121.07139702588788,153.42351262099905,114.71183505721392,97.45170874347252,82.36533543628889,83.08900832547909,110.7908715941916,80.8781940634339,77.79594982256475,71.75986919341081,71.29170918776234,76.27323718806207,78.27712385378506,73.77238647683268,73.7633541742511,72.43172198822568,67.23237072063485,71.27670015012441,73.01493876291015,71.84330100736551,72.6393769845408,80.95914451038841,70.43275221374665,74.7228405074981,74.85348315959372,71.15165186154663,74.67383682971837,71.58642960675813,69.44270793391915,74.7933239319206,72.2726213525075,71.70610377338276,77.38020529254719,81.17779999668957,77.3830687197412,91.77678458597664,100.10222684759115,93.89812097178968,104.30983531312395,106.40304483218512,109.55658443764624,119.31899141561186,141.67943867538776,204.19589009119755,216.72104667001324,249.2952058436653,312.8031049704801,386.5071642313952,471.2007220102156,570.6870347200871,662.2622998894278,775.7092581259332,939.4536850375468,1048.6560122265678,1055.5142488452452,1077.1370403470628,1096.5244914639725,1153.288386986383,1169.6483188455022,1225.4283223583143,1309.8429545304914,1269.287790066203,1417.2965738192115,1368.3073440740584,1381.8191794130346,1401.0726242406806,1406.7683683308906,1389.4567979227552,1540.3738660327645,1538.4868859866583,1417.9430811506477,1424.8157276150955,1360.4035539300312,1354.6935271202265,1358.4287473608854,1374.0953692966516,1379.9226690135777,1391.4799905271225,1365.2866552235917,1313.5807898702244,1362.1801179598638,1336.066793269845,1347.9143463052349,1350.6491508462695,1309.1550936018757,1287.987491126801,1269.8592206826568,1334.0304136310067,1259.4590572861962,1341.9613501550364,1294.9800334552715,1293.8100258618008,1260.7597599754235,1299.9540819996705,1327.116774242007,1293.8799746812565,1269.7338811589714,1295.4091667401278,1305.1436258187691,1254.1169408213932,1180.783581224154,1205.4250796721296,1160.187931147627,1132.3583210491786,1175.5339848388924,1157.915373478903,1206.6243954475256,1080.494021074008,1021.4078438879592,933.7922939439718,856.3823941152201,859.740601804966,819.6719125976182,733.2596972109735,724.4023857082149,649.7397797830089,680.8109499428923,661.0120185497741,618.3664272510708,539.3879718092353,502.5981357155438,476.1292488350149,536.8432549113452,537.963026405451,416.88834760330457,421.9249455886216,422.3381795066512,376.0093413466744,355.0886305811429,386.5433161853196,388.35021847413736,348.03812461356614,290.40054283755296,263.15844712005344,240.022323414604,235.27721740762425,218.37287681600412,208.0670297431502,195.12573299196964
237.66472541161696,195.2629074041098,187.20248389976453,206.6820900916352,175.14800428953416,154.58164245615995,216.5152470232668,195.2320077554645,211.8617495670747,158.17072914164785,145.00529938660264,131.0912503548992,134.19369392235163,149.82569391567296,229.5266891473335,210.91577910957872,171.4733289496556,136.1566454052729,125.05187071962708,130.94666613808366,124.27392640053333,122.12026439979788,125.93708432075756,129.69665035440437,123.9734954726704,134.34097546647595,126.57534184500552,126.02251412774466,132.94525001194097,128.69279188592498,127.41996967744866,142.60478325314892,128.73375168147757,128.23546850861658,137.7712189675989,140.32984131550194,127.39808301543242,155.91976537969785,169.96658379308062,161.18855492340973,187.40001806172867,187.85937388979767,190.64276975066983,210.17048365858116,233.7334634060564,266.58158466565544,316.6341107366086,373.05559315147866,468.7406093088858,606.4679936010875,770.8272241408007,868.1265237352723,1087.3369338983816,1191.6564101336764,1295.9894944310183,1349.2513533752806,1400.639080916829,1539.2245721802617,1634.3759449606575,1740.7178360596413,1944.9372217987268,1975.8810026457104,1987.1076919160344,2052.0536366056995,2229.446494972721,2409.254868691064,2405.811303651461,2503.011861787568,2447.3205707566726,2359.931214984249,2455.128742783588,2634.0818823673308,2454.7701009027846,2477.326270995284,2288.591088595329,2437.6648768891173,2499.5870554957364,2421.0896338048565,2563.1960227345767,2419.624938710666,2441.880251527144,2486.8435412706626,2526.022273768303,2425.0750536611768,2486.405624477405,2569.721025566792,2707.176511514419,2505.0547844364,2493.856618297773,2727.7581851892933,2600.337196466772,2581.9354362975782,2555.350791189303,2461.6356509650896,2291.9903400433604,2455.3722235622918,2472.767242366816,2497.637277609811,2354.1750699794493,2540.2493485852374,2423.645891072408,2459.617543552028,2421.5361737242024,2362.0273528086195,2239.3772279320647,2204.9925987857505,2156.027255181991,1999.7260892592935,1988.2794789785307,1783.470739158756,1642.7324045790683,1768.5701796798155,1643.5991784097405,1593.4178528975326,1564.2638067199778,1646.0300884441508,1714.777390795124,1496.1937131441648,1476.1385209785312,1358.3253769451069,1330.332013610279,1270.3908876680805,1101.2362356487356,880.1380512870196,822.3040432809679,770.6289793036813,730.3317358942983,800.1781098359876,919.3705376482262,684.8296754465168,635.3115808809937,586.7561309308802,533.1774680126148,499.6555929807551,403.8556773557045,391.3610204763015,369.774201649872,380.1139203782414,350.26146092397033,307.282315392166,289.9770219699293
188.0652368077373,196.21535848118097,175.4821774359221,160.93710033867336,152.8147948470877,148.96756684549828,143.80894250524122,146.60251961566829,151.60950693528164,148.29508885974823,140.53038292980926,132.5279132955677,140.20800788532716,139.14727120532456,136.6365400185636,134.3549089996026,131.26637289945546,128.3815986885431,123.6108800857207,129.67840228766,122.5689709083724,126.30197079168052,130.85661742433194,119.5010145862932,118.39045476730408,121.98554379788104,119.10473946207188,127.04986291169266,128.5059291504316,136.40384040845012,134.02137633242197,148.63618247077576,145.91885260814354,138.87001924516196,142.08227346471293,153.78384674430413,151.99964575127456,151.52760248146484,207.0030272861353,192.3032523140192,203.0616374724605,212.2971490108671,229.4672531026025,258.96871416845914,297.8962863415102,562.6343852251789,501.3987373567908,476.8005134229019,576.195723942194,574.2760507338057,674.0677153179986,766.0334669020289,923.586891960583,1045.846212418014,1196.2511275306947,1243.7546211371143,1312.7186249097674,1336.0427310156642,1418.2490185952329,1544.9512000019154,1652.7990056521232,1640.734235563203,1640.6164413626748,1710.27762627301,1754.7744444914351,1891.5014302472991,1842.1695790622823,1816.0480532199044,1844.3163706808984,1823.86662134188,1917.100693286569,2013.88780172176,2050.534220024875,2019.6757094942816,1936.7012424576603,2052.362816483534,2109.123379535215,2038.6512487927096,2192.6627298952235,2176.3874058856554,2205.3156285160685,2255.5808214588683,2234.8917476500337,2114.6042366533347,2183.41162862122,2300.54627904247,2265.1351814138493,2290.5654722388576,2200.8585741080865,2370.8967861966044,2376.7530020099603,2206.799516551217,2144.728242447732,2180.695419697471,2082.3682333653787,2063.9572119335394,2219.0858497796507,2084.4899511274552,1945.8409680441653,2070.386247753056,1987.4636052085896,2038.9683103074776,2108.036059045065,2063.640444561703,1918.9386446353212,1831.6239005301572,1894.032394245232,1932.7340665728923,1865.8929766449044,1758.5627344188756,1609.11259286238,1803.8143114914449,1596.2257256287974,1590.8169093918889,1624.7532131484754,1636.0923207323,1376.3436621255196,1271.3818425007028,1206.9891098424123,1084.952609120145,1031.7588525390772,994.4800715223406,1057.368144596684,1032.6607280223764,952.2835620154935,892.3579948547732,827.1607650667079,777.9871841582196,750.5774960075037,669.8372880560826,713.2573318362029,734.3761083787771,709.7643956081673,662.8715669830831,590.4207830305106,623.9265013245902,630.7856037394059,729.7774453160634,605.3296792684614,481.58668199633087,409.5544328438449
321.8525469243578,335.4980567223371,306.18800483422143,286.1585686399826,291.85284741824944,288.1878702959485,283.63572120614566,291.0668358997451,276.82177689627224,275.510781024803,269.3835841154892,268.52875452101114,266.95852349196656,256.88203912499216,256.52199745910275,258.3631324773048,253.33523053908044,253.66876132186883,234.3577732972248,240.5148104611075,234.3865263300156,234.98577096667205,234.7701438779645,221.0841183088269,222.042125942548,221.653422991891,210.88057418551463,223.32544908665636,223.87167088856825,217.6329159318906,223.66157815679077,231.5442473968111,220.69943810773768,221.79528589806756,226.60556100825207,228.98869888394563,235.40206214690025,239.6772937652825,260.69675906171955,267.94830290650714,290.3248810313501,283.8383900405295,309.31752762488185,334.14085949840785,397.84649086150654,472.9127399575431,459.0766075741301,551.8110638066148,679.5892438043867,714.4920761568775,836.0638214434701,931.4257245501292,1086.869283858517,1104.3939206958178,1244.404177210807,1362.7075659805255,1455.1563102472774,1505.4070003570214,1559.774152457862,1703.6572422080883,1723.5297824375723,1749.824734788736,1801.0963116482849,1870.3121841572035,1891.858249604132,1983.8343514589767,1926.7394702113768,2050.739402171273,2020.3256666798568,1952.697803753284,1985.4179869707625,2031.2875662114848,2221.81480716056,2165.9865954744337,2086.6137745528044,2052.829981380055,2143.864532717173,2127.1560526578846,2213.425103300669,2098.389117848317,2141.150818422874,2181.5414442910587,2221.1614676667687,2242.6093210444647,2194.3860687411134,2211.0610281276504,2254.2475308013545,2146.9587501394,2017.7155344003413,2083.199195286202,2069.5030557451328,2005.48411544984,1944.3624330625685,1938.8630112666367,1953.776981755116,1922.4085729907613,2036.7565510223512,1964.303337501033,1872.5988233759088,1936.5757336732092,1917.953877034252,1902.6959322277216,1893.330886002236,1831.8383258890565,1839.25994126956,1744.549021297566,1967.790414576628,1855.655983417088,1746.6005394263832,1636.7808141730843,1525.7938778608425,1459.6075269947175,1364.5938946127203,1455.5436282294593,1489.6784087218723,1560.8832980469026,1291.464243087883,1306.887493525382,1269.7542199260713,1087.7201158305857,1078.6948204395374,964.9404820326296,971.850433446226,906.1145198563491,899.7074658132427,870.0856210611493,775.8155554168487,749.767821844084,820.8313748976708,754.7317280113709,793.7833119505433,849.7704915789436,822.1951283741116,727.1625188298561,657.3772828209298,661.2432117485838,650.4569404650114,703.0010932180371,611.4552200366859,510.5073997231371,510.3962145703881
210.8058820400181,198.1880424537337,179.4099294622835,183.18460842082607,181.64675108279124,167.29328660771054,182.3953955756399,171.89615454314034,144.35561024062218,146.37230757689528,140.6925895156047,139.728622360335,145.74787744846458,134.5697702622281,133.0125078473112,136.53402521958887,131.50531933652795,134.51669709978498,131.4848568350088,133.54743045302536,139.0191586839562,140.88315910455765,138.55184622800624,132.62650506642655,145.86637558686465,138.44191979068324,127.12837090313856,141.43863267555855,136.0594506713836,133.53288722821964,143.36209731909733,136.44855104641996,122.5728497332885,132.07045479184546,125.67495160931684,120.5443466205379,128.44072906876735,129.8284323684964,142.05200706850908,153.71813214257625,158.8418744167612,164.03415216199204,177.58418996164283,192.80383260369885,217.56580782345304,275.7657381468358,266.895026922419,315.11395748210924,396.55802887519326,447.6552987657099,542.8100834411284,607.1240236262942,694.80450675136,683.0631162376603,750.9630080730049,848.8692464457093,877.9021334191083,952.5332330546662,990.018694073422,1098.6811413186842,1075.8280779498227,1056.937272340586,1136.465747197419,1177.9295324413392,1194.52872918437,1207.79549806768,1173.896594282878,1309.7007109108029,1291.9233654334216,1169.210502821319,1183.137282249002,1178.1760124670927,1342.528743991302,1247.6274797233316,1197.359977838529,1214.4218963527223,1142.3319651681477,1144.6625791451572,1193.9631877209958,1155.5458090438806,1135.751481188366,1166.0178824712684,1210.7305332630265,1285.4504383386527,1240.2622438034186,1200.992475541393,1130.0690599714303,1126.877564403129,1112.8254857515983,1123.608906417066,1123.9741328173177,1090.5340743195543,1078.3675257493198,1078.5653065261836,1072.6370606908156,1098.0207507741736,1135.7712052903903,1110.020651028352,1054.734163530435,1073.9599357412426,1045.482328072328,1014.0089885652048,972.9195394334814,944.7687101255063,910.156353545114,872.404213037039,849.2129088199972,824.8494691143832,841.6435240788311,787.5373650041649,757.616979465074,715.9785495709706,694.6638934388235,744.0192960181982,798.6948380215866,888.9389232743486,773.9149934017416,754.9068324064812,673.355422396874,571.9320763035058,601.7332117567117,483.3240529154753,443.2131367707437,400.2870812804954,412.4806528819993,418.3748649198282,368.7176136335104,345.53124570668075,358.628630674239,380.2478825909231,404.245727388692,413.24235139009824,458.91847582334265,397.5020299379957,368.66190285303225,357.5298258995978,323.4549810441625,345.0063491449522,359.4907277997616,319.89230167983084,308.5586028271025
77.53357566088307,75.77836273345885,68.0701326614747,63.47045848859576,59.87863855247005,54.02343743274973,62.487955877139605,56.131637321419845,49.77847883760188,55.43514208912202,52.36925183439337,51.80231910107951,58.29495989292253,54.83356703022001,48.790242849651385,54.847537127455865,55.08487807257574,53.93988949462618,54.67583698431211,59.83098274919068,56.26235166866329,53.70107513536631,54.49332383107162,54.03565964410786,56.66957550377962,56.84602475301591,51.4536450590596,56.62273897604825,53.15023123102184,52.502456394185735,62.43179687127972,59.88712488407996,48.50437271782665,54.35643529521382,51.93371233856677,50.784568696240925,57.00167883583981,62.67003661947108,71.09018874567872,72.143212120539,74.02514954169295,82.725557097879,91.66946018510076,102.52984640741668,106.47632817752574,137.0552889694402,135.93589152541333,160.1244033214665,180.05402948725177,201.5664515339249,210.6123097484201,241.97784237083096,257.9595887836044,298.9632274377634,305.8080128079428,292.41203580283803,347.9493395550668,346.512179774782,357.1473410284853,373.0786593353197,387.65382143807375,373.4840501164383,364.3996686296282,428.7266020763109,432.9039993118017,436.63251373132414,418.9576578412695,443.6851361419476,467.1919136412501,436.3525656847589,458.4868800318055,471.5727858438356,488.0960739133836,439.5973799799072,406.9973985989226,466.6821319788599,406.357695968525,416.0838403896414,441.32194382230176,435.8352461397253,395.2558255383784,415.4872853888887,391.7753379693498,399.40109858192346,444.37418921939127,448.0601473265085,399.5422347456935,387.71276643643534,423.8555339952667,454.4407927233101,447.1231955430152,416.0160640988011,413.4728052833533,410.83720044982766,386.7088386900572,395.13039622754576,413.4904122770881,410.44382924339664,368.4236278847433,384.3747845990682,343.5870362265739,347.6104776714352,357.998058211812,339.620916367032,318.272017049035,312.4862837836693,293.94438094628214,304.579892154791,319.80861482758297,299.4486555701935,283.71804314727973,277.1872217536672,275.6395142852283,275.8507808826968,271.4735161076961,267.65370065407467,248.04736893365688,252.323748061674,264.884910894292,220.39992350267963,228.97207551936148,212.55165339927183,197.0402513656115,178.32020522139354,183.41538668397183,157.25891222031134,144.29854504380182,146.39116789868703,139.98239553612106,145.89578491991531,150.25306966395527,162.87043476977985,146.43343956905807,159.9900840790655,149.05275571614763,163.21896825435013,135.51965416374534,120.89899573739405,129.22101432890517,125.47477898407035,113.69428794808796
109.98756696001038,117.9444250607212,109.94163662523924,102.11504374435856,100.7137250713641,93.2710799007465,96.17838184849116,83.37865035065663,84.32125505650804,88.50443973839016,82.24073854707711,83.7588514645467,85.87844162449194,80.01294682256038,79.09775696626295,84.92595682451953,76.54492602672143,83.94463320542184,80.8682225084793,82.0408040712322,78.69611216923947,76.36025692287222,76.5806271277611,78.73425692498112,76.96951384080147,72.20985614025818,76.54734682405024,78.36335425561472,71.45390636302866,74.25502399307128,82.86309174098837,81.1906438550546,74.03139143340688,81.03256868628714,75.2058812570295,82.70026945225499,92.6547389240297,88.50818944952937,101.10065892476273,98.70670464503792,107.2284591788234,134.95780645186147,147.59489040047958,140.628540612394,150.5029352503622,180.8854156268772,192.65557607928724,212.29359554567304,235.6107001220901,250.61730088724732,257.8380289699033,297.264981420607,302.807776248767,350.44441070491416,367.7314812338912,360.2582706987471,384.226856932924,362.98310841723577,379.36359963799816,373.6236275394979,424.50915223046667,388.27888908464746,373.9956402920529,407.8358207841976,372.0405886708214,426.2727871226728,430.89458587033965,419.74041122641097,441.2127938053912,441.8400900789156,451.6194022432568,464.96992943663736,439.7193388466417,420.3306044189067,416.8552584898538,413.3194966538357,408.4941944225562,435.68987347524114,460.8257160513245,437.98587914680087,413.6496716007594,413.6018743751253,399.8609879053097,378.8748840804024,438.9902416076393,399.9142786126105,358.45200483137523,379.967516002773,388.2449723161618,486.9505973825324,408.2462692267735,386.3987593131577,370.9007926107066,406.42689812168,347.3890001148026,346.58505546264206,345.04482710623097,342.627139617438,338.8516822009512,349.7770662105668,330.4494427606099,314.0792295705093,327.44652098517736,325.3044408227493,318.9820352833595,317.79099506547715,293.35592085239153,307.84000378250005,338.60620496474513,355.3344522832147,334.0979007026617,314.41961623052487,291.71401806592024,286.3467013114777,292.7650026160557,312.8970293751267,292.56464269817127,293.2411831020074,358.0017764009072,301.2681008034308,291.91621037390127,273.8877699704637,252.33486635966244,233.97287707530884,221.5578977688189,200.99126575021356,200.2980067160448,208.70967442563415,208.83950250823744,183.99978498702032,190.5443887817455,186.8152326670125,202.97851206043623,244.2321964452068,223.5050256542174,248.4957992657693,204.80434751745975,180.89543884447863,187.0404709276648,175.03866248337363,161.0862132051557
385.0415901653835,369.6283908742719,322.79636955161044,309.93000421739464,344.57661369937364,322.3447172555304,283.3044342013659,256.247056930655,257.80841210078626,255.04473102305303,233.0155907922425,235.9064322080362,230.64892595056384,217.39889572714085,222.46522787105627,225.91686419487905,213.08784998513116,226.6365223938954,218.4001719935608,206.00638123874836,211.73892547881,210.67336075332224,197.1955047026186,205.5865174508911,205.4343955883888,202.6291300297904,214.9644908336042,216.03740600308865,193.8898634675708,211.9007523450892,214.09435531213444,200.2372268692129,217.43270072141536,212.5254633974904,214.2904084452836,228.2670353138795,228.378995320724,239.268393946828,254.28430638448447,258.2306462808739,266.53717087726,334.73255678463806,340.37070651215663,314.85363222785486,365.9722727760986,375.8966672990704,481.4176705589547,562.2550934516333,581.4179930993472,596.2487808695603,674.0430132195779,696.9718814892773,689.6519267538586,1103.6952794111644,992.8335283730804,858.5321330092579,856.3862445267554,781.5332700513019,744.8185941575243,762.6714902205696,1184.2315899319294,1160.961170522558,1095.2960922992622,912.7829368392362,850.6101554294889,792.5693946582759,779.3959126330385,723.4781435499276,723.0910408560153,779.0770627414647,752.8501002933466,817.4472549856766,742.4368022868399,727.2040203605585,759.6415491606845,751.4062358333526,750.9664666741936,761.9371920304484,742.2073978910571,684.5690828230992,737.7736072539215,721.8058290675402,653.8934308797989,674.7320042014662,694.7076690697269,757.4980070645339,680.8692885411893,693.6507851072568,708.9889192404713,764.9003824563696,738.1440938890014,740.7796948590736,711.9340007673741,680.5218970591948,644.3181814822108,633.9377832534609,669.9431560198653,746.6966425451214,718.8065883481123,729.899087720832,821.7429842087059,850.8301775647127,811.1182604914829,773.369048813494,749.5596444187807,782.3664846374197,714.5680599823645,827.3033294987341,829.1708556454953,1121.407749139399,904.8955843543056,841.9782814035528,745.7085816116528,724.5604706385526,731.8268936521948,707.5945096855601,630.5251972630981,657.7096404588306,831.6461051544751,684.5735651940455,656.3244095024647,585.45990718398,531.9149190278916,533.4703281740768,549.8762362969111,577.2944437097719,691.2154458399807,614.6496271091204,606.5813364641813,558.8556401843771,570.9501752291661,585.2739248803194,702.1721599534992,730.9342614488795,681.5870877973309,673.522650936671,607.5702723801111,551.7923561102093,534.4699479316228,505.3534239296701,475.6876407928466
366.98688758346407,370.876410834717,326.1835707801506,301.29831314642314,316.12434282287023,294.35740188120093,265.5716704979941,255.95517034381385,253.33080364224128,247.3391039137245,241.32416512742307,239.9587227487124,233.41003812627628,226.34491950088915,233.274325640801,229.2705109446134,222.5116101013217,230.91354089165068,216.307032636854,213.3202215387444,219.6642505759595,210.28463907990863,200.95120118999657,207.86022336566987,205.67770701042528,205.75644718131448,208.31211540547105,202.14967069438964,193.0519537483412,201.459619124154,199.86969895644975,194.760642446686,203.85835550802383,202.0992647395801,207.335534943614,210.13083158755947,209.5707001610956,227.7333288638788,234.338729393307,250.76824989304632,257.36353237567323,284.24595822393064,303.54803282417583,319.94401058383727,363.7429997832606,364.62812617749154,447.8406193036841,495.74934445371713,524.9103981352223,560.4227666526847,616.3824860342143,651.8034188269547,654.6551493492032,859.9431867652727,845.3209949486275,764.0010439619219,757.5271173182877,752.8039952025836,810.2143198194703,768.7566479392251,909.5137227665872,934.2462068803352,832.5244387708383,761.001004658324,703.3020634196268,694.683767271612,807.1593866519144,672.4768395765165,659.0041537280889,700.7629613715186,689.4298578593521,732.161523556963,697.343249111731,651.9459019830068,684.4962140140623,699.5405945037267,677.633642163406,699.8769465362479,692.4944263176523,661.7259196359823,703.2604694156578,704.0721782499637,701.5926713768976,767.0115355600186,764.1984512829407,764.4367918967915,672.2544136242492,655.8081474856632,640.2864057486426,649.5805432682276,694.2504735854278,662.9762168318786,665.8864283935891,640.6469742387034,652.8287355506033,611.3977395033382,665.3207112663385,669.3000474706269,662.7625904359446,619.7820088048236,665.5485381583411,658.8462848139131,655.7180741505663,620.7962651236882,602.8473246287951,636.8526334557994,593.6680334042726,632.5869453169558,648.1270882023628,794.27097457698,669.4521322562257,733.5057761647048,675.9730849536204,699.3350786144462,730.7083941966999,681.7056720179554,609.3576064082234,614.7026762756292,684.6916248309335,590.4275795865497,575.7785015997756,533.2779148489528,516.4648006306913,505.7655551101259,530.3319857059372,558.9765823624991,628.9349624612385,674.7592260818494,621.9490046877645,598.6885387187884,602.3253992920746,568.2177936047258,577.7867019971703,547.7744528856848,531.9823912412543,551.9411253341655,512.8895614627532,523.9194553863663,511.2891613175713,534.7605231355432,479.1924720784934
307.91937733937067,311.42583423759385,292.5266877337157,267.46995114799324,302.33239488029704,279.02817359970385,246.03337293574705,229.52397970346837,215.2294908899474,219.7103484792765,210.6104497883992,213.37990583697336,206.74925106375625,204.2598895336791,210.7254923914606,208.29327454020975,203.79458606871071,209.57889560545448,198.47960473923155,201.36073508611392,208.22901794335067,195.75984067218187,187.53468261954075,193.64894343696787,194.4432657322641,198.42010984954896,191.6666481747171,187.81035090581148,184.79219574349509,191.8561808018314,188.80904272034232,184.8383104270917,184.30500384178515,188.17995441670584,198.34605769411465,207.68056814779385,205.5393058863696,217.3934837541697,218.4740441903791,242.6867444352347,246.5748248204832,255.9631302319132,278.52694216995604,325.3082818431121,351.4308546625097,352.6352691048718,405.1016141281084,454.4017305456199,493.1103081596717,536.5940392791298,580.4750943106277,663.2039772239095,654.6176049853736,724.6595214482234,780.8913017415733,729.7116594007776,740.2887011355225,760.0370926992567,846.1177187413529,789.5455460700693,739.6923344299594,794.2826274673738,710.798297050693,746.3408120312569,674.7290663443763,695.763802160457,768.8546226071275,666.1397239645095,663.5327057764651,696.947886312957,702.9819511457284,714.4601601515094,687.3133230087666,672.1822366133074,681.1730513385825,654.5358441481916,671.545408485262,681.7409469875098,690.0461141151522,668.1103574304962,673.4289420998796,681.6915886975701,717.8990946011132,751.0631512790718,771.7061313187772,791.9724356961852,739.5114066278135,684.6765238168499,679.2343664042893,634.4192452086897,648.4996792611616,625.4344327624698,645.752744511295,637.6134094365872,673.9575271445253,628.484885000366,704.4499788991886,637.1594697309803,650.4948601914296,587.3586896201937,585.0879915380544,576.3688921661458,582.2928941429757,556.5647161965234,547.0951624857763,554.8692329798744,546.6713545546816,544.7910649010208,576.6862311775183,646.1869563403963,582.6133118519592,676.096952638659,654.514000593897,683.201990692086,714.2130063936461,665.027265791733,611.0337780381034,602.6292193772402,624.6609271770168,547.811631187362,535.6582423145518,522.710458313167,536.146158969451,474.5156284035596,504.6092838542197,509.9601082658717,550.7047911850085,613.4798073504971,559.7077752070709,563.0329250070968,595.9223153957,570.0150581361622,576.2512410671939,488.44018305463976,461.2451053575583,498.5173804311972,435.91909167366,474.0844736909257,477.9529095888759,530.1726675018612,470.0971496493941
309.0923245286758,283.18309846043644,276.6703805364108,252.28627257421653,354.1147624268031,305.83632152407563,261.48125708837995,241.16672933735325,219.35672515364925,247.8114804302026,225.21385214574047,231.89654117936067,214.35753241707877,215.68678084943167,223.9797896709607,202.2241682694075,207.37061505951,218.26353399908808,202.8845436295217,214.03688562802432,216.3405572429825,208.57857584903564,204.5876619443633,206.8708157059416,207.0942269487497,224.72279252099935,206.0086492262585,194.64476067538803,200.7190477135132,206.9496677942336,211.930657347776,205.8138325700544,196.9839426039298,205.6275894436848,214.97453056864,247.19826784737077,245.6854659720156,247.99889751277232,235.71216620609792,267.61375949909205,273.5579909931843,289.8924863612208,308.33334953082243,402.3880705597157,394.468313864446,376.2878417168592,415.966363366101,494.70945236012585,501.5388624036369,542.2309953888024,562.9482404563151,702.655802646297,601.8836603651378,667.3581442106238,638.1926746061733,587.1432430505638,631.3803734003034,610.8430070480591,603.110556194034,629.3446438451575,589.9773411116076,601.9592855314185,585.2518660772124,709.0803782946841,662.878073530593,630.1602039925749,656.671076307796,615.6883074698451,595.8726523179816,651.4687000630754,625.2024620167512,604.6830672243952,573.6356358794809,599.3136286307763,612.3969595091179,585.2107560300018,613.8959281414279,596.1764050596065,633.6123293517167,596.4875044934812,563.2423182811617,585.8756058252235,641.8729345324477,664.3749323797721,604.473188797796,693.3511928058169,750.3212383513338,659.6993988774956,700.7199127549851,585.0445916909187,571.1051992842658,574.096598705699,562.727532087494,558.6154778712026,573.2817361518489,549.365256951092,630.7119508200956,565.4035104539953,538.6812927737993,519.356927967401,580.3483074991,587.2793698642182,573.6224755852123,547.8818651550571,544.5083937485034,555.7385201964511,572.7017923074596,566.0210738415567,579.0954819283123,608.956473919311,562.556171912213,591.6049074555477,566.936956082903,499.84177424059976,521.8202782714833,544.6947348683868,511.2500974228576,531.1412500957271,511.5136244792719,494.31828258703416,464.88571168654914,502.278223361598,512.5791182585468,458.4768325120532,472.7952971507645,442.8084113983346,448.25253171846526,462.35047603917553,454.0750955053461,501.8167772298929,502.4600775134501,570.4461880742421,690.0765157034263,560.4896988653283,492.7444669292223,520.8052969536776,423.64286355711926,438.6108754963008,430.8921468614812,448.800540871913,427.64804150503846
224.3124457241092,231.40062844816936,227.1688107915847,191.7683487177839,177.10732426340843,215.2999612816928,184.9890291617,172.04271352532427,178.62933922901595,166.97435338405543,160.39810123284946,179.7027890756364,167.93031861228232,153.3121298975559,171.2191665196373,150.5228342662981,147.84005022312866,159.9778669762757,151.00392800428506,144.8327474404555,162.47753619082192,158.03091211447384,147.74445514747828,162.0174197931275,148.50255542102104,142.723957767038,158.24429698485625,149.72408613287126,140.34880074110953,156.43308509357345,150.53002565885765,148.9306094371977,154.0685926084748,143.9959415538887,142.75522079152907,164.8019691135237,151.33592595932953,147.99085157656202,168.95429329466114,152.31667308299996,174.49905708498886,208.95872892645195,189.24847655203413,215.035256738561,330.5099378664311,433.33561182716136,357.2603498198499,373.4267843999838,348.8487866084926,364.8445387553031,446.2280048266308,475.0427412223959,447.3222511445129,422.52861970491495,455.0622948993518,574.2317837921739,500.2069125632716,453.22925408580073,457.94919793312863,481.39780485885456,463.02577449559465,567.5167137643808,546.6244201651773,568.9153158050453,527.704251923652,551.5313603097296,516.3223491978097,535.6726600455326,547.5635591734015,527.5393566591894,541.7299229186094,611.7679987587039,554.6303741418906,507.0001739616696,562.1112202505936,515.076594669601,516.0322872549483,528.2074209377655,535.8430091983957,539.790574652191,509.7587053084548,549.9679332855911,616.2695728679137,617.9819752533091,556.9919323608542,544.9920697809479,499.5674321656125,506.9657079357469,517.792169838256,469.5503779499449,478.6677176067519,458.0078087098565,447.2733286977211,491.20932389155234,465.30225273650257,472.7196524006948,491.225604675658,448.34224476724745,448.54374477083417,465.41123606856894,505.3192534941843,505.7930598970317,475.2299497558536,512.9823798576647,480.8943125247093,497.98584860350326,462.2161164497312,466.8993903914517,485.63131920321774,494.0724231427212,498.8798191678999,481.7643449421646,473.3146893137002,486.0663580187994,498.2328246213535,462.8244545727649,428.32932450972646,462.0411548245945,435.7706259502477,379.0883046306757,353.97666376239323,345.7030827650739,360.5737730605155,345.3132231800595,373.8710750085091,357.0058734020034,317.4619495915237,315.1214993047252,305.8500460145534,316.038992535957,309.14263775012967,366.8285387354357,309.7050485567996,387.7482844985927,483.8146452143084,346.1790902712702,289.13791275639494,295.24768457835785,235.94540781540695,275.31400809430966,272.5110447971657
232.3226658022704,230.6602305685928,255.43362258963947,229.17061816445457,206.32886165900223,211.43933745328323,190.4024625065582,182.42762491858093,180.2137318486292,173.15157634637265,170.09565520378044,177.9978382189577,181.07946977093164,176.60055056308605,186.3256599482264,173.27504248149506,174.48964111250928,179.14076524975528,184.358869679948,183.00224272654447,179.41407726452064,179.14545506426776,170.937456332281,170.73354429106112,164.8193184386037,158.3040661214635,152.8931997288083,151.0607769715401,143.6210935104434,146.97401107054625,142.91573987931628,138.16382950612805,149.00071505270995,150.0522009283774,143.3574276539956,153.98841837650164,146.74224241627186,144.5693050576552,154.2203379111521,152.18417934034946,167.35531301069796,180.65039386850077,185.35005213998693,205.33098761621008,280.2191641805816,342.3468393864971,321.3691580903619,327.5054553510867,341.48294543738075,340.0462982157954,397.93263529060494,438.8827350297941,418.5546455234341,407.36577351376144,440.58574876011977,512.8795308521867,474.7429107791299,462.76975904580047,468.4609513410937,505.6199738875712,497.1909071319884,554.0143867257932,518.2219198638593,518.9578824846127,533.0637557409223,502.039749484528,495.3179538778639,502.3071515338305,513.9946117503989,509.2769989861322,528.0546881613487,562.3941607371783,568.2186258818325,518.3798125672678,553.9769919429398,537.3873985000295,503.5875035096359,500.77043331089936,519.0147104524057,533.7033148975587,549.8488454775381,555.6016799695641,553.4854324230403,528.0473964605123,504.81952509751903,509.5779164807837,488.3120251208285,522.2441425440862,525.1411306319864,489.2108187316688,498.5051352507388,493.18987733734895,521.2311485058926,500.7409407488412,527.2158797915072,557.9729072226119,542.2865941625957,491.08714546032496,495.9009508634058,523.6305390936244,512.2906987419028,493.5027172889797,473.6496601351117,452.491530182828,438.4457569373739,450.1278411891839,451.4678481731124,462.7574980429697,481.6740765801432,520.7051261397047,490.8971273575973,539.5012759390546,491.12867893111394,441.15474605038014,468.7118161277751,435.7500799795272,406.6553184542788,412.700754402493,386.8153594074354,349.9799279515487,320.1225396020967,292.78037170654505,283.91088063932534,382.06816395712457,372.8372368396397,355.8083333667664,325.4097457612989,319.32737892323064,321.53955954740155,317.8003101312905,312.3698278203006,309.8909984701807,301.38855189618783,322.2138047077491,348.4234726134548,317.1614189264469,310.8574352210531,283.3654649001876,272.34118644753187,270.42522973999684,254.54177497407196
312.07237035777564,298.14216413583176,343.59703093883786,340.9974900372273,300.5686574783862,274.69086268781217,250.2236422735284,239.35004001809384,241.161272354241,230.64142114392143,222.42032048150568,233.9817144497154,242.59915216171115,240.2902251441093,242.0094603990965,225.04907574133568,227.5782229325884,234.7499425238312,233.7166422743895,228.6433475886629,226.481859361676,225.4395337291525,212.334009893706,215.05932002014475,210.7842953168004,201.35877582761077,197.406035767824,197.8395981346609,186.4733682983692,191.04663648414757,187.76586808901544,178.21365771187666,189.25467910609345,193.93758554790884,188.0809227535085,202.26696714119572,204.23321906716103,198.3426538990713,208.9147417371217,212.1032340839731,219.15291584565227,233.58353735816203,244.5599674388152,267.9912035655351,321.9223005027979,352.32260747913074,357.8071118517118,427.5135549725018,443.0622930882542,427.2914947825749,484.63489667167954,509.9321664783647,526.6776398124896,509.9371522924858,550.6487401906311,563.7606440716645,545.1383039871121,540.7647422025562,547.4213324878497,573.440711963986,595.0235447553619,657.9268768501796,624.3766328750568,599.5298548072224,597.2119400260276,590.5482656266405,581.9428018286318,573.7931945161137,590.8077111210267,576.2962048719605,617.7378292167032,615.4076517508101,629.1899961386662,582.4570553693852,610.8926568994848,595.2168131955876,577.0588455960253,555.9636020678636,597.759369796822,616.0983366360191,725.5299930450692,679.6288769142016,628.1510099890803,584.0274514723872,592.7941265729702,585.5233823870568,555.835087543421,641.1286644960879,609.0189716958815,618.9848338186366,598.8793631500693,590.9444700760466,630.288838556388,637.8952239383987,645.4024605429167,638.6807938660234,633.0269690560326,565.7216435015007,568.303126594681,578.0348190619345,569.9938126376987,552.6922109341136,559.1136852267088,535.2084287266541,520.1720930978178,525.1144513986072,553.4931197355166,534.6265398276537,526.8028082644184,540.0335021046218,514.0945956383337,585.2327226257424,541.1908596667517,469.0929606838744,475.05529231476,440.67655569764537,426.3479821512034,421.4821224964861,450.2406222187535,412.7335580065255,374.2429192066076,324.272880994867,312.6132172375823,417.22242609224185,407.34002826494645,403.9681990945687,379.2125918964405,359.1366557100652,395.4840846163244,371.09638020358886,449.40089594323024,407.1132561159656,378.2846802832459,368.09751749996695,382.1201219604657,371.9119496039813,369.8581585826666,329.21684520602776,333.1274953788547,371.3814385958245,346.22143645641506
324.51065708267464,299.5580553272844,338.56899155999946,365.623613451745,321.3795144447957,288.86959106061886,259.3687035392986,240.60062482684484,253.69177773042276,235.88169705437184,220.3288623086251,235.9872651035897,242.2781524913896,241.48618775992287,238.97795191971744,218.57577021518895,220.35656392139697,229.76803812404924,218.55609968515463,206.30908337613937,212.33785682633936,210.52885720607736,196.37479752528537,207.5423497580337,200.6086145413205,192.79471118684015,200.0260788424912,201.13098395422608,188.99830734558196,200.10403535439752,197.52466852928677,187.71487789143373,195.1274860511361,199.1616274368179,195.6260646920155,213.0159480327341,228.02204434659467,220.7205672858477,233.74950304562373,241.10269552254533,237.07887092767072,254.90563510501315,266.34693922038684,292.20107855189224,333.41184860668176,355.28316658695815,356.1160572269188,478.6118248694971,486.2815895867199,438.30385250346393,488.5907947887652,485.7869829823488,546.127890421537,526.7017453684451,574.780859216671,523.0595869777768,515.3594647123622,513.6657641120139,510.9531696138745,509.0442729549168,571.3270022327328,647.6846586363214,614.3914482309444,575.7673362459187,523.0276182608594,571.0126338003439,545.771515604586,521.0717105512692,551.3606115202745,520.5441053672173,572.0878677362516,546.326190525014,545.1152073894463,522.3566791979573,544.5172036070045,521.9649874647613,537.3781651073353,491.7984598185821,529.1890161656736,545.1502171002674,723.525488082057,643.7742070917667,592.512620288945,550.6869764828796,567.6403846479343,569.7719687509754,533.4060688362838,638.906421882622,567.8380260260487,631.3722448759395,575.1685795022955,553.031779613573,586.0825107576036,646.2867752100825,605.9172272325014,546.6314349232366,574.9102922274965,513.3796094148308,503.5556946097264,502.6559751909778,525.7525092216334,513.5599712675248,548.5016731284516,555.7984123498966,540.266663589701,534.5459916637135,576.7629926219611,524.4565734617355,462.4052018862691,422.1616911103652,434.3506681001698,453.1927387272313,447.9751375108932,413.494198286076,371.1188826703727,355.3741124829347,354.34028440050275,363.8081486805885,440.17389695349095,397.07723353547095,359.2544862884165,307.25753532823103,312.1532021455012,319.24496964123733,333.04996733619873,356.22464814939127,337.526083309929,317.90848735546393,369.5936644417983,338.3101855200184,488.6879129456914,421.42409974459,348.8120528075549,347.8798013495123,395.8154761297429,373.25258906991496,347.5279678760044,310.66601037306305,316.4509051962461,401.2506135580032,378.28596613743935
259.371877755401,240.15315830959597,254.98842762108984,240.5572442685292,212.90872049282507,206.04653983297015,210.0047461415396,185.57015661391665,207.324329897714,206.379777732926,184.83817476379497,190.5724195680234,185.1350432517409,183.37323434708023,206.2479711459074,180.5145063583457,184.99800127351355,190.8130206611065,187.25089041048133,180.26384703302216,178.27342381254806,174.40663958289755,173.74154349495933,179.46452988453308,170.22259259520868,169.6204318476037,165.62842716045927,161.47645636292896,157.8315901403547,165.67459487474312,164.60360821637605,165.88282438079295,168.4723646273714,163.84051190192497,165.0646366408127,174.56345374378668,187.8935496253698,187.84546744159,202.54831171632387,207.0147589051216,221.11080281811095,240.80160674046877,251.85797048985384,261.7418155288335,314.7156078495766,370.1058967723578,381.0152069893366,482.50532483044657,546.003071980816,493.7447146671488,575.5202405698495,571.5334029055985,595.3972230165958,683.3557602927667,723.4986949218638,710.2477190420019,711.5179825682741,750.2490867347441,743.1551023645849,741.3083872917124,788.9850217747869,837.078088547374,823.8856544564043,828.1574498343103,794.2278270506305,827.0555124007733,768.7318211123813,733.9837074214778,799.0270064796515,777.16000245906,806.7470519494652,810.884673249614,824.6757902938537,784.6284126855462,815.4172797692263,824.0652172399338,842.2723526103536,800.6326996749333,808.8763110806291,845.6907396632608,848.3769469003188,836.2978228145499,845.8456793126978,866.8406812785387,839.5360639406111,811.4790907387447,790.9154774524502,793.334731775477,779.6109037422708,790.5107954880071,777.5547648016802,755.1356863411504,786.7714339598091,775.461763251682,786.8450942446285,771.3378789105159,776.5471784483759,749.8640413650141,712.9724347563871,776.8797052478855,793.6247294536823,780.8627399875716,797.0119753202518,778.4159666681164,767.9291301577713,815.5275915184462,816.5941220450699,812.0306355587237,813.4957134660834,780.597967071835,749.2922951828695,753.3050945938189,735.3832757591584,695.2002604701747,704.3482331429595,592.2898874516885,597.0460206265567,653.9943725388414,571.0034889925196,508.5450651357604,496.0029597853583,468.5359660456379,446.4142611547259,454.24550644138,429.0391632787897,460.1400560144328,421.627988406876,424.129072505152,413.7196694250031,387.56676531285984,405.5204748675554,445.0213570872014,384.8054469243097,373.4210814478182,364.4111229050165,356.373265279899,329.2590390552459,335.0344161955508,362.4866545266213,357.1223542226305,340.6092779295533
100.0443672798702,102.27252057359242,98.43630897602462,89.2073665877572,85.44574341821948,81.46918394875037,84.93539786905194,76.01531079168554,92.97172482537198,105.17427332052934,92.56503960005354,88.43670908385513,80.80109185309004,75.1046519936006,87.47862755042239,77.14665281357877,75.51067215593773,75.63297115521394,83.43839926251329,80.97349037028661,79.80492011619417,81.55101126403828,81.12921710327629,81.14544069247377,80.39300781298246,80.2596902745711,75.6681561097594,72.65136521041055,69.65815770551144,70.9701758990893,73.61955518023024,73.1776947618087,69.39700823361107,71.83333398548947,73.37974961663161,74.78775285619113,83.12804572249426,82.40982793398919,84.04306740345645,98.02479366729936,105.40843943545391,117.40111553707877,124.94849938073504,119.91004029624597,155.71133442075822,199.74987266113231,206.069917966649,258.5950864363061,284.84093040789804,274.86248322434494,353.1160275946329,346.73490892002354,349.49476088377025,377.5199556282134,406.8298856423581,406.2096409900186,431.9779550889592,435.9732038652794,379.7196331411228,369.49637567082414,379.5198971930362,415.05618042244026,447.4261894515469,451.2699618672145,411.31595698668457,422.85220413665854,393.1026191955095,398.58499463259295,482.71278489638127,434.822839849713,419.3378394673863,417.48443561723735,427.05065666186727,420.9616744771041,443.53978849352495,451.5329122113675,425.6012466932992,397.0786081160513,404.0503058432208,405.6082182977736,406.4974618838226,446.4844139679185,456.1291257576783,484.5210769389253,453.2412522888998,435.9843246095781,410.3116543828126,422.2953706139426,426.1050762766966,429.7359715371974,437.4649331156287,411.7970934729861,402.09191281412006,395.577391178958,404.3067627637537,435.8671124996293,445.1014136650575,427.1038202661625,403.191937501948,441.6546404688598,476.04362792934734,450.3162547061348,450.7717926571556,448.2233277668059,461.74556496969007,526.0735532358729,508.96112167991663,488.4550093479638,535.6440044102028,548.6628117333578,499.3705129973289,513.1021444143529,496.68956846268026,448.9934582208441,447.9101237625805,351.0425710217437,352.5656896834342,351.0803347575033,286.03403608153565,262.71057653660847,276.2939934418533,268.0396516786543,253.29996875456084,226.4078896354196,203.5234137782185,204.3233182172048,194.2012413911326,175.98915912252585,161.5110161128712,143.12796778741406,147.70615250892794,164.51871249983958,140.80056794805725,141.3047594217918,137.9955367704133,135.00432383357312,126.0422147883256,126.32285748783612,131.25891892631225,125.7344282752221,123.08334662054116
126.098093607895,116.87431608517184,129.46068148956633,123.32896357163423,118.54564342083783,107.74015710836412,101.72888431312894,90.16258065793384,97.3329584535826,102.79430392401424,91.24996227112089,89.80770083963466,84.14730054068038,79.49580418622749,88.24578041504853,85.8943963750704,81.12598349858689,78.00206061825388,86.66563836091404,82.94460197552974,82.58903630450266,84.50583501594218,81.5241336682855,82.67839678871923,82.93490931262956,83.74275671321826,82.42976269451098,79.5967046846799,78.28144134425331,80.4881349046757,83.43423394283904,80.75547851269265,76.40309557790931,82.05287956815008,81.82363152302362,84.0655173377332,88.69449903428543,90.0688753187563,91.48426101362112,105.83393137166804,114.01174285174186,125.43918403211478,132.05639479977833,130.17198276288542,169.76164877627366,207.39856664457943,216.73896095890373,260.11797587914333,285.5776354937807,325.9232962462178,424.1596517839379,447.18404979048506,469.1981479111155,486.89920140784034,534.2947013507024,548.8549993004166,594.7194204621816,594.7786581313339,560.332254423887,564.3812614640042,595.9845433695376,605.2391087587872,637.9953926857988,701.6537275514034,653.5266079007159,674.0619327958275,671.4520328698239,700.9468664085723,729.3721740507046,678.596380646659,647.9234112584593,623.9904591423718,650.9617255242183,635.8755668176151,650.1736639478564,679.309585515769,634.8183455061345,623.665231608481,662.6085995868016,651.9127070552837,622.5977229575075,676.6087655833018,670.7161166751725,665.9484547151206,653.3600106981983,660.2221502454053,660.2886097763096,687.6607877122474,681.3330784234372,641.116164983054,680.4895291334617,651.9586701458322,635.2621155986723,634.9529159129297,605.5284036564719,629.5850416700516,633.2426803961212,601.2643642854293,604.7917645792331,651.7122753177624,694.4284517701993,611.1189988551002,587.393734272349,566.7591550732316,597.8838689205952,632.3350872681141,610.0200014244421,599.5956620866928,646.4721539292046,654.0316572944854,641.8155072284893,606.9420736374138,549.8781315759422,494.8522212072491,496.53196883848864,468.3022229922057,466.9268470503536,445.50014686397134,385.1060807444856,353.9057446786983,350.6869632904025,327.0939696610764,302.78513344166424,274.3495651012892,270.1455785282138,285.3854582124412,274.53033567197394,236.10109804756297,221.59146378711685,194.4695279461011,195.98016944771004,200.94161241888884,195.9346586991822,190.74401274063356,188.1664692902927,177.35688450003892,176.7004036061732,174.62886467755882,194.94990824104823,215.6609596866844,190.86407070377447
97.12181620885949,84.03090050881134,110.62637884476266,93.69933787289924,80.04373819547338,61.12551030069448,58.973670187364256,56.01302270100175,54.07562148551069,54.11895486231362,50.35811486770277,48.338329633753375,49.03637516934214,50.6445095182223,52.63937498052511,58.18482059235415,56.98426320590157,47.59760114203303,52.51656726873618,52.04040662374555,48.18270479117121,51.59803066077792,50.83507013436903,46.53139736067051,50.97105814406641,52.04538981222831,50.80100771419417,51.11868112941415,53.812434895027295,50.65678417889035,55.76577131642894,54.9474128291232,49.05501086937041,53.69494250265159,54.246737845320936,57.26990078903054,54.986797132812114,58.2854775987114,58.04012306004758,68.36573934180132,72.69837642060199,79.05927978171913,79.58155687985014,80.68541439843565,94.44172887440432,96.28321892917802,112.78994944865364,125.15156939131772,137.38968907510443,156.00365623159232,218.77201312119143,228.50218779787505,247.6405264395932,265.9823680664755,310.49285728383734,332.3435086541021,373.4167583297349,367.4426155276975,378.9854122064529,394.6963579448854,391.1207136394624,397.1920510419965,464.8492961188292,494.1963538336926,434.78322262854414,479.8258254639303,551.8187902563499,558.7303815204915,515.6508538974637,499.5465386403857,459.9402381966983,463.3806714781648,527.2205543504189,499.67239699452784,472.4450180706573,494.4644320812332,455.9746617850005,446.3065008577808,491.4927843130008,465.8819363456643,439.9931339927473,493.6900947697091,493.9794290478145,485.68039449054817,505.580860134263,520.25957454236,527.3138068946699,570.4463863887064,573.9223339244526,490.9317346144852,541.6765185146315,516.9236250638627,496.74086998741024,514.0959948224578,449.7883801496645,471.4330350343921,485.8288048766332,457.16836122176153,460.8431022611498,482.3833350230064,535.576882441049,442.6592887049156,393.4638300712892,375.7900498324081,365.4432272050119,372.0849664231608,353.7017546889384,343.26072511864515,373.76306321519513,361.6842465828698,421.9108546902596,340.89490173518374,306.7266856731882,262.0147375473551,297.0488830453178,328.5304045111081,319.5174227271892,316.68084159787725,300.3015319654517,291.6698641821775,268.1473554123097,236.68259089112448,214.14244297401828,210.85539588186845,216.22561821223823,242.65077428175115,213.3124473716103,175.78309802861483,167.46962080768932,158.98173429041407,150.21548952982664,140.64660592242703,143.3494504874913,132.88636289855555,129.3078639820995,128.88281083831393,133.95616845414816,121.75121197597292,142.8045139963211,178.18058347077474,131.5659210855345
430.3730506661788,408.2417775042289,409.2713767680717,401.7405477158056,371.0715704039052,356.5672804689118,341.01760540118573,331.1274639538061,328.01335557333186,311.0208975417433,337.3838680402424,318.660170712785,302.3959306594347,296.3243691924194,296.0378805142359,281.7081875384261,290.3121378297286,282.48466780138654,267.3692059827629,271.9528175691648,262.4237958932066,255.23614734525063,259.90903624257135,259.0382001970837,263.4828399373314,258.02196560087884,261.234400446665,257.1544228795796,261.82567654213386,257.1770463337641,251.4303107670963,251.21930827365085,252.87122556289475,259.71628873761733,264.54720688173967,264.88913756255454,253.7665661971149,287.0980659873702,306.95523822308246,326.39002675551546,356.73435285893294,368.1131268691961,379.7541768758055,412.7904427175979,470.4038648723037,619.4462305338157,731.2633797756355,803.8345097865555,1028.168450753063,1027.56831406677,1095.6833384766517,1088.5678293147864,1193.2839812870077,1250.3210778013863,1343.7638461416743,1413.7344682260955,1466.9342840148463,1576.1523853849585,1676.3367343357777,1618.355167787355,1568.995282434122,1581.6653025045227,1804.636699894436,1748.6643762955907,1727.3436099949613,1744.026104489216,1725.9200036882107,1806.8423560106287,1802.448795226468,1798.2258847273922,1803.8386535137388,1704.497082378351,1783.627480880987,1875.3421851931475,1809.90242441494,1818.802553269955,1807.0914562223984,1858.66438919226,1968.7814872700235,2011.7885350647484,1956.2153009969616,2192.0766834727947,2171.743802156449,2043.676832422172,2226.1531027283427,2208.767341331605,2155.925480532581,2045.6507625793492,2003.054221203536,1836.0295417454777,1833.081540070003,1835.049736703636,1726.5830403420505,1741.0297499872547,1704.6231898939996,1715.329907009396,1751.9429161166802,1629.695367772281,1693.7523591379788,1665.9070888775098,1692.1514198075365,1570.886122386831,1616.150478101311,1583.0779631271232,1491.4669430223578,1508.0473023062727,1631.069231785482,1513.160831896219,1498.860135066066,1496.769875342393,1572.3611159266864,1404.0825905916367,1410.666920799111,1298.911025346432,1387.3226813064894,1384.934112715391,1328.6948832939963,1274.0601795663774,1231.5110035071973,1116.8396982453098,1058.9197248670591,1074.137182059682,1002.742876797862,992.9840422040436,926.1332663285374,966.7164714774124,944.535526424772,864.0022082902432,952.8224476176782,1008.0319478728132,1019.484788929373,990.0247294687554,885.4831614567357,830.324395685634,789.8714616871066,789.0906922010415,754.2373488727527,775.7044001155874,798.9172022877931,728.6667482443175,623.7951013865803
349.0781261693278,318.3106303681928,315.59856197135286,310.80611353880806,283.83452783621533,274.25657504709613,270.028012420337,280.5911490817202,285.77807151255377,254.0392853171545,267.34931995314975,257.20824739764413,253.75398126749144,237.345547273015,238.6035947928664,235.84502828876447,239.7393251458177,245.10860326406524,232.3663611238725,226.512736604359,219.0697948860139,209.8645008069921,211.63489062777228,215.5881816908615,214.3172491089941,209.198007873216,224.00680132886384,215.2512174799912,215.18752958361645,216.61679870946577,213.07021529395936,201.806743330153,219.90527976637551,217.96153982178743,209.60021094752167,207.7677035291638,209.2275268476289,217.53316712795933,244.46703796012224,254.7868110468074,344.41934103888315,388.8264831839069,367.7568203599061,355.0841028753757,392.9133910488108,433.5780992523457,495.44845596003887,537.2195897005492,723.384736061025,705.2074969189496,798.2150511110586,868.4032012002133,990.1569442913612,1134.6980923008205,1224.3978560278968,1244.897926422304,1292.1330045862733,1423.0615472801587,1527.8904586346905,1499.5397428216515,1440.843097557031,1487.3466778481218,1612.264326565399,1549.2787002317991,1613.7773686369735,1618.3350501734044,1644.2582126926416,1747.8889140991112,1796.5095772171987,1747.236290296613,1797.2171153737652,1676.5401576644167,1712.8840747599688,1849.2189930302995,1813.270334952304,1867.9271453542096,1935.193001494408,1915.278223871191,2007.1595844484943,2067.58592913706,2102.34236833554,2175.6211469874584,2136.291031643544,1995.9105425306093,2124.976071551943,2161.174615675172,1997.662878182443,1928.604504249516,1902.8236785861168,1893.5046400070369,1865.4691993736424,1884.4557506393655,1738.958999717551,1732.4556024038052,1606.6146095272024,1685.032165808821,1737.1328674415568,1640.1265157630523,1634.7219980416755,1533.1295159699102,1538.2674504427823,1478.8419339993588,1439.9515717262673,1455.1008615356825,1365.553822206255,1372.249473795081,1473.7204897609329,1286.2577588045085,1321.3188472283164,1283.316176131854,1267.4523189170802,1236.7788127332417,1253.2616385315182,1183.2292812630942,1224.335350960925,1164.3440224833614,1152.0775892836546,1104.543695170079,1114.651640698463,1104.4546697517787,1021.7593056657788,1073.653592811179,987.115100245864,946.625949023535,987.226061806717,951.0461792022325,863.4180674899065,765.5558624514405,809.5130661388915,784.5402869597091,833.2878254275457,862.8863677890813,907.0825762572896,957.5140413326344,748.6960815130295,715.3878418810102,668.3353568697253,697.6139987316258,746.4212020031507,672.8275968453592,589.326531120023
210.62648720527267,201.9567461797124,218.75023507092965,237.72634258337595,230.6931584799564,244.50897610929965,242.22911403158432,245.75365099493024,268.0748313539906,224.07849662168243,207.94356169112763,209.66380543728727,217.8152088583811,207.84580197258413,222.3577566881472,220.86716986662225,210.45458060415717,234.64193011484124,221.8968978649328,213.34328752816648,211.0677342915543,209.2116786562669,207.19541554895997,214.17117282685365,193.33061368032685,196.33292319599207,200.88428416770023,185.1879758451847,189.430034737786,189.87193586166484,192.50575413646936,203.73672419285373,203.3784523559779,201.7936209454447,192.42875868916727,205.07515670967783,200.56430708172692,207.07068003825052,212.9942592309628,208.86231402763093,304.47196373810993,354.29677125949706,322.51499122897405,293.22965729509,301.0572908724284,313.8924163648481,307.69166987185673,379.9363938480347,463.3753332326593,563.2312271215607,640.0213463983875,729.1160382810839,807.5451198615337,980.608682296089,1224.583209462692,1175.319771999444,1209.6179318007923,1360.4331419527748,1407.4984921917835,1458.0212735989865,1463.1103413690175,1453.2715840110582,1487.4690953194097,1511.7142934041522,1621.9955870171575,1575.4202399811704,1617.598178162934,1594.6618159536358,1612.0161953934808,1558.6198333772004,1590.0941202616375,1584.6577575340368,1547.8732365998887,1538.7577230395425,1557.966969295494,1588.1467187835294,1572.889615988891,1618.5415241672586,1709.3014168608925,1781.2128199709705,1690.8311741075377,1697.3810500013165,1676.6029351933864,1627.684848782066,1667.0584926588467,1660.5723118514247,1631.543525400241,1583.213429960601,1719.7701722708546,1630.884516352476,1507.8787413524126,1547.9520765694592,1631.2448604401875,1679.714198451936,1602.4675661869458,1590.0128215355394,1704.991704037644,1627.0330486264347,1566.0221630628696,1593.7092948530824,1511.2142437227822,1449.318219914091,1365.769926817754,1328.2359529617218,1278.0846180592853,1275.94515878179,1270.5909319477853,1205.166603242964,1238.8703257474956,1136.625995817177,1097.0050946020565,1092.3841938533233,1011.5563385384132,1173.7281247419671,1070.3074838006078,926.9069246960192,898.9899038623932,746.4391565622714,746.2254752500079,752.1115056420333,677.8088205190634,633.8389837382011,604.6371319194346,589.284792854246,604.7114177353383,645.2490209264676,528.2950039099502,503.6451732558455,551.0787690903304,474.267147090601,458.1408629943765,406.1345943737999,500.4514718517297,540.8469903556462,487.0801150831835,430.0946260398681,375.6202180477891,347.2375997949372,340.83308876316914,334.4231748472289,336.4290776942268
229.56437664666976,223.63711402463483,237.2319614370104,258.6068555705266,227.2388582829853,239.03868849862977,225.5660994566763,208.71348436719816,222.99149344589037,223.29901520828992,212.46151907801112,206.14398946531765,212.56682108733105,205.08434959305595,210.50940941238477,212.0171569536778,207.4159001879408,218.80887263561303,210.0248073010332,202.34617697008625,195.8604983200524,196.8901158259404,193.8182514940644,204.27472709706404,191.69450919045968,187.54891660753773,197.48803253542252,182.89865942088488,187.2496931469283,183.58514679200843,185.33047656131623,195.75195049635224,185.8865313992172,188.66449639944636,190.0433287377396,208.95270554280933,196.9134837509728,219.63598132843111,242.99898386912264,216.50838541640437,239.35934768723425,245.9741167870688,251.3250263676479,279.874932400034,335.0712273835499,365.2889379035324,408.91336274885407,462.7518575259464,547.6765102710029,652.2095064097989,745.4243728214642,811.2006551631806,897.9108698340273,1105.4698656173505,1400.772336480493,1548.8033307123635,1592.4209366495668,1707.499092490124,1732.6486503589892,1811.6732198919635,1891.0772001525104,1843.5711366346109,1822.4594503844569,1820.367633667524,1907.0190561915915,1901.590475317109,1917.7378616388824,1885.65622423411,1955.2036330459669,1940.648499217675,1902.642300574623,1942.355812469156,1985.4447522044445,1974.2839415549984,1968.2319454304015,2051.008608899767,2111.9073724638342,2090.1303625476407,2137.255797149764,2150.679182974208,2021.5464215995307,2061.373119766536,2099.764673351425,2041.0509345369876,2146.079857743432,2162.271956097917,2093.4041417026,1961.8260777077785,2155.0720020909503,2001.5778459409348,1824.6965452088525,2057.604629033755,2060.599262621328,1941.2916364947616,1916.1704461411737,1875.554430754547,1967.6177852352405,1916.9505967369996,1844.8287242726683,1941.0533332432344,1931.4656044763035,1846.4355902723184,1844.468850188082,1847.0859895071449,1713.2632620601255,1699.3215066546295,1649.6578655464637,1646.219978287502,1753.9359054527447,1725.6750609070748,1686.308200776593,1620.4145003976057,1746.093298097042,1658.9510038012872,1562.475960441417,1359.948540409322,1280.604362520925,1071.1483417242976,944.5771807242096,874.140447456643,780.04872944368,733.1325734588168,721.8234145927547,658.3039480398509,638.2230765347821,681.629945576986,575.8641972937677,575.4297894635712,594.4047924710835,505.0455068283717,500.5206639003299,462.5589154040627,487.7550127931922,463.028586877633,440.9306244490488,427.564336253608,419.0540174436786,401.9541923056548,379.9657275918566,388.364575831851,371.4690011287461
202.5891649774119,197.54850941784997,204.0267838060348,210.8841660335808,191.077560504695,200.3481547207668,175.06049383182673,173.813250479582,180.66468814141416,196.16040710311384,184.59834890406125,177.1180346781571,168.6192167192366,165.23779678887604,165.17859841296806,150.05621533796167,147.80842060563694,154.44978808354034,141.59259991828208,142.17929544329755,138.26218628678032,133.82956996275402,132.07264856236864,127.9717494036665,116.04857523828564,120.31864916720944,130.16460618354833,121.76080126522058,123.73592410440943,119.18247566444336,119.401035174539,131.530948788549,128.73191603410189,122.94139771701204,130.6862171916642,139.0034501166489,133.1987647471989,155.35832704566917,177.04096895740037,155.91867683517285,167.62455034338666,173.24646565148203,177.05850112294868,196.29575440281548,248.7550652314203,273.8798316657473,321.6100745893741,369.2053457343927,391.7381850146298,420.4624932065545,462.4539715692961,516.5912725062371,592.3001063438213,648.8573812135062,757.3595317000531,765.3460682884165,809.3852180550837,854.9556730174335,898.1157571118172,994.9101166081912,1109.3501190620327,1113.6578039773117,1025.8970127554362,1014.7550148949408,1031.681275721997,1082.3538809155812,1063.8266263248197,1095.2841741013326,1169.6270599814357,1176.3094363515538,1146.9730221990726,1167.82594151865,1180.7130659776565,1154.1575471427018,1132.7545067522535,1193.3782716900391,1302.1925798267048,1268.9187210847774,1254.4736751724156,1193.748781061912,1167.5516630478323,1188.3262741485664,1201.828092737286,1135.2967879216765,1179.2601617009643,1287.1224206206514,1190.4095755524884,1180.84154961673,1205.1096492224412,1169.7425745997348,1092.141057244253,1182.486760633826,1167.0407265093722,1091.1398359952466,1070.8895182913209,1066.670615887508,1094.369363140485,1090.448938874718,1057.6059117467985,1097.5455398569668,1067.9999528458416,1096.1290355445892,1083.5880438805616,1077.7240747795674,1037.2451557998615,1000.6229343217874,1022.2049022034566,975.9961913613351,1035.494059746835,985.8072401994646,923.8800935377268,970.7408993697072,1012.7451205781724,968.9769490344194,938.3614354884118,888.3636817859439,813.0932841460699,780.318641919101,731.432947212311,642.3850516034952,590.2106940115409,550.7224984198559,534.6181625043758,474.1707024278488,462.50611681753605,464.27053451162567,428.4874756008576,437.7051250198324,432.5060950859205,368.5397529988747,389.2716214355038,373.2499022204586,363.0732506394048,354.8856847549922,306.3786930280441,317.5797207679965,322.5316293586827,330.8676170868211,306.22897234965285,289.89787310767485,308.43496081794154
212.75291350870475,221.32911181900764,213.5183307104078,193.7600754572289,212.06171923383843,218.32110240493856,206.0924326344914,222.51170247069024,227.52508858738997,227.6158265903672,215.510391165649,221.85607399430475,210.6247696716132,208.99217945443803,203.36668827490104,180.64926485803716,165.80100574362592,174.9604058776905,140.93419020518712,151.169966623819,156.3793539723241,148.7019095306477,151.011503791043,147.90095646718046,131.65577811227357,133.38021431542813,130.0036182709878,133.90822643763838,136.0530466555814,137.0462259381804,142.72154099155324,156.99397873046158,155.1646924150556,145.61758717252724,154.91580333119816,162.7400850546367,166.06853316599515,179.12147488050218,182.35760010619757,186.231724682494,205.52112985547524,199.8234433103617,212.81800522432025,236.0496332957748,298.4918130653034,340.8729019753599,328.32064378111085,435.005776195757,484.8151797038497,516.8168249613408,577.0420684704972,630.988877740722,711.7877118742294,708.4933537429263,797.7313938428451,757.8140980067099,854.9405659055623,837.8836923056433,846.233874242407,965.2625855590431,984.2864584945024,1041.7068923710892,966.246750650098,963.319788181424,984.6412150837716,1032.7961156124877,958.59571449128,1085.7857586118507,1066.2472609773972,1048.380308546683,1053.463023148447,1090.822001989384,1192.1071709395098,1095.5291516670695,1085.7028253419696,1091.9644477756317,1257.9835959451616,1251.144190748466,1202.6287140122276,1113.926566961409,1168.8502260272833,1187.2898930916208,1102.421599771207,1088.513931816106,1165.3488343036768,1211.6544856300131,1168.0665524388828,1142.3002485712234,1086.221709113566,1125.7430269056483,1086.7614223577168,1119.5949352135435,1044.1762013175314,1023.3583169609228,1022.0171944483662,993.1474531174158,1017.2626810223828,986.2981817080812,914.6907495385552,971.7680901006548,948.1594604284248,1020.9070769214992,988.2220944056556,1007.29982787291,972.4233199184694,912.8198047253117,967.069633448392,924.6297700941516,905.8566617664832,827.5232543202733,753.4135895974528,719.3273080811808,712.7129443833775,821.7492432066834,856.5219524341101,800.6826724285706,630.2895033225866,676.6217562192273,717.3293431042836,611.113085191549,611.0306244193969,572.9907930906032,558.3936160780867,476.2534390019148,475.828144125414,426.67560031682194,388.0319463877513,373.3002580790646,355.00038075581745,320.839502523255,384.5963086165008,383.3578456494727,354.9261026757598,318.02604246584593,281.59429130074085,289.7863653242011,266.13973368386723,253.7972176703913,251.36849911358885,221.25281623776175,272.66326624173234
66.18535690953667,63.60900750413122,58.497622806818256,58.21865450460477,59.59848383691389,56.5685226923413,59.91542373490491,59.35574346362841,57.3234331093898,60.487079310053886,54.66373768704242,53.39309114919303,56.18558555357271,52.58580379552857,52.626474022735,52.01919084954815,46.74417407907607,49.18864669904363,46.48438064660703,46.66853435786344,45.3130729944689,45.71864429028872,45.61583397395068,45.690106544085936,49.60838966832024,44.52457663951736,42.9308316016285,48.22042975832682,45.063037321038045,45.09305908194026,50.31539071354808,49.41014325747458,48.88763264586676,49.46210561445653,47.49283445765949,50.96303848390887,53.93826015304746,55.89636671081367,59.87895119598605,63.59875135738283,61.71271381586991,66.17923887952249,83.06821711044843,90.83626424786948,104.451919030765,139.98443760927006,122.59903102440668,139.1492754807172,158.5907444157233,170.18236578447426,194.3454255283581,211.1052527389644,238.4402002846755,253.14797099918488,277.0573895519071,272.90713786259687,306.887496852951,325.5336329324623,347.6295071359554,378.2815939002968,373.249803387007,372.7998068129714,347.94091737271793,362.1518505823239,367.45745381826544,375.4643958704151,350.36878271156513,396.2864362019724,390.2937092171919,394.414741684906,383.7562052176776,359.0720352323794,412.3430228199307,375.5113420015942,364.53910771127664,359.5836729855743,399.8261342536975,405.1741501240653,414.84447765752793,402.6570672666677,411.1337520165294,408.5287295780264,379.02971356959154,376.19606434099,409.74076679905744,396.8939089485958,411.3947993507881,406.8558382948384,380.0426562785309,396.5930480013504,369.81607605499374,359.0463589728566,334.4997499481859,339.0511690529147,344.5987187393243,350.2121720024904,360.9654257247344,343.1223198053166,314.23649799734176,336.6911132423414,329.39095099476543,364.704910761652,337.59443721693555,334.26137509077944,323.13287369585834,305.58649748679386,310.1472424044272,315.8429135592004,323.8473892807462,294.4278209238004,274.6152080150107,243.25255519554588,240.7821369035068,284.379481736576,279.84305053582744,250.0518859178579,217.47926045064165,225.02352658218905,233.1522029418626,213.58834219164547,219.1806448132309,197.55849805921508,182.7339680166753,172.32612726578907,162.65116461340153,137.10000586731067,126.94911881064384,125.08929330738032,118.24999138204562,107.07775696679234,113.27924736303537,113.96769018658604,112.75322754112376,103.40163693537704,102.633558716266,113.7961406977118,98.8171865039036,89.61754841321351,92.2033340340294,87.98213981792577,92.71289960001538
45.36366130411308,39.13745478008685,35.52314646768994,36.57179303847816,37.25636532760673,33.080066116621275,37.44652843603401,37.94593790005065,37.32813994328302,34.39071517151478,31.893159582876837,28.02177254318748,29.67697281667411,27.26756495103298,26.224859081725008,29.688648938029647,26.20571476492268,27.44029337263559,29.88231183125636,30.184161798326382,28.198504479718437,27.274094222784093,27.46973113198735,28.51282527815131,29.546232315264717,26.96179530365088,26.12225200572479,25.85093132399719,26.862269989697683,27.205981573752748,32.00813896863411,34.083284414978145,34.864220474466165,33.39226771088562,31.65095605974586,35.46823830255022,32.16527793991792,32.86478002595005,37.7493915711347,35.771829140448865,38.42646605753822,42.92931964140436,44.10311619037,46.26319324555459,48.63157101146938,64.94570174738156,67.8101876791697,79.76979118984487,80.48998709030721,85.81486098917448,93.78201160102704,104.79572557643392,118.25390828205109,163.77020120366277,161.76364471244418,161.44240951585743,167.12063205116402,157.46076506046543,177.21960190896857,177.1519683726533,165.1872006349543,153.25074856390515,162.09040158986687,192.75314057454312,167.94956479709913,181.86671091361808,183.5521017301282,188.50662553181883,190.08551357382512,190.2735729714065,193.6661347617037,180.7773379361792,185.1680026181933,171.87123441516763,159.2301881715436,160.99275060296924,152.55955171886905,161.06098659686754,173.88743544335853,158.11144225927424,146.75746876668677,155.20101094336007,146.76091063996003,152.29696890483166,154.0730908451929,142.44000262264962,152.36355602548434,159.86099477401794,148.11811365109833,147.04129572445035,142.347050667177,127.65790524441792,132.95538171658433,138.43971554670253,149.70447048022302,148.4257936748769,164.2102328464671,163.40464364176594,154.42379196864155,166.0212154553968,135.96455303804,156.68708074583552,141.86085771851478,140.31956106490168,133.06816527090578,133.19093898973873,127.02731967873092,137.88374327783626,141.7148222728258,135.39132891689283,126.44640466656536,130.36966727767947,122.5410251381755,144.88213171493405,146.90798609790343,126.31768981090669,112.22973435882676,114.29449976575584,111.49072291357112,101.10390049464291,116.89435538926588,94.93854737867176,87.53308362235357,92.25381390023722,90.61886044229684,82.72985956714895,85.32408024265969,86.26817245454569,76.56185731605282,62.47495549176768,63.91145420256841,62.98578727631647,67.40121724674877,58.884296661980144,66.19988523150305,82.89699992963966,76.57441226796425,63.4415507574503,60.944730494562826,59.23897570802612,56.31531668763835
98.3883499879746,113.17203393643148,100.23035603280192,93.38777833017647,89.680349429059,87.16784994918824,88.26735043632036,82.82804242241316,89.25408574368232,84.38118227483842,74.0315804772108,73.1104109688937,73.56774032230392,65.06996991845597,66.1444891870323,70.84132823101424,66.79607858943963,70.20236403635127,71.69334057617034,64.2829353106631,64.69619773795272,63.34750508528236,60.6785955055814,61.35119146515008,62.337257352104885,58.08741032437658,60.987740942002375,61.232142098562015,56.88794711976242,60.627815664651386,64.36791905604765,61.57744707516654,62.82720300339003,62.55621710653632,61.43477216866097,66.34305463761886,73.32304537559496,71.48656292689893,75.82962703494658,74.569598415355,79.7314726347544,95.56536910602296,99.50028065574531,97.29831237436386,107.68068166121746,127.01855670969172,140.67626857718878,171.56684778266185,199.01890896080224,245.89109284159647,246.5641432275418,293.08839729364854,288.7898054322736,335.9976514169345,372.29662393651455,348.3997043175392,338.7638402956844,354.2134445873168,380.579111723146,382.0519312505082,414.6821198915388,371.0558976512749,360.20544022092946,390.7703514645296,360.8823493946946,360.9263951445765,378.7533430820816,381.88772795806346,381.46738988251786,371.1255383309903,352.2611358288205,341.5657167304799,341.73217689505066,398.0419204318954,400.7157220640841,386.0370469999899,391.0112723252292,376.48978549933736,378.4804527709576,346.97153178471746,312.94368758016435,297.54769055356013,292.6779606047215,289.1141520070522,300.8961123123742,286.3101612656708,273.3049141823588,289.1623610974251,268.397144940423,310.6244259822609,297.38275777172777,272.9168784860924,258.1352717433712,266.9028005384003,253.6636052829237,260.5445290769094,261.4048819983414,263.9465603583092,273.0114844851792,299.7927627996334,268.1979916998579,269.7021444304363,266.6682864371821,276.5731142006054,253.75378145499596,251.85973736196465,233.81614283344229,240.18239133910632,274.49372363657585,324.63556532354977,280.7422816822904,258.92070580019725,234.54367591700804,231.5493705564048,236.45847820131456,224.38483885672915,201.51118610013765,210.8695402383524,295.14263711345694,237.28200741556716,229.09169439203,209.24272543719465,200.1598294543281,195.55385395339383,215.40266669737775,203.36643629462023,184.5046486956425,182.43039849799385,163.1820622131881,147.9905198749464,154.65109433713056,147.03035136934793,144.56471921767073,156.12669940798804,155.71156224608032,173.18676407813882,161.3126721401422,145.9151981732133,147.956776273707,144.9814771199829,152.41587933724747
566.1849287245399,626.209237739466,540.4017589555087,495.4154976475496,510.243962912178,479.3677505973543,481.8511559822583,466.4471518624104,444.12154229623127,442.8327675082716,473.51174992001415,438.022619742994,415.6182387678054,378.65182026832326,388.06282628987054,391.9852240614689,375.2889594548688,391.8686924721784,376.3204924108993,347.9569675818708,346.373713955894,338.0252623541266,322.62942272352853,326.94356977583334,319.6318540196753,324.4306841164186,329.81162177741203,332.6896101069834,327.794544265769,318.2814310220444,327.368778238539,325.91769631445305,309.2351732186518,314.42289699589816,319.8538308387092,314.9452915917232,355.4201789882286,351.0250442264275,351.405559049264,361.4967492529406,376.3353286152415,417.3715980092438,434.26551100730336,429.1105303364597,458.1926811809835,503.0867198266928,580.7467968682519,687.0935548544392,746.9885508159321,889.2771322922208,903.5247906906905,1014.3851164212956,957.7588617675634,1043.316084752552,1143.7046542668868,1055.479765822701,1034.201953385018,1045.1507739402014,1087.253447301125,1071.874055297721,1183.6779644821584,1101.094152171184,1050.6792508600895,1092.4197210010327,1025.7618998651706,990.3134359698798,1067.011577441427,1055.673402555969,1072.67292377068,1055.0792271142036,1041.9738052842968,1058.3660383331037,1039.7317865601192,1206.5888980505767,1225.5289175153112,1193.3019529318926,1206.50458003317,1169.3620470581673,1127.9548827439833,1033.4435253338152,1039.2781228949711,972.262393932294,973.2571039401512,944.3613000128818,907.9180953483832,884.8362426699732,835.1377027769644,876.5665410285965,852.8218102259615,932.4016829887928,920.0934459134666,896.1713232405962,837.129157514328,820.3366439141981,799.610627048307,812.556548085494,811.9423572442049,821.0954360407309,841.3707737964489,906.7698338789014,856.2241953489709,843.7602031689145,843.2004921730859,887.3603522024688,820.7856427983402,834.7799596190383,802.1474099352035,874.2234870822349,949.4570128014718,1137.775681268373,932.1457918449178,884.0030389878447,791.5532219816869,799.5014841914576,859.9443092264551,867.0585311269542,835.8388055850064,829.4872903966412,1091.0854623243708,940.410223657566,850.7751318766909,801.3133967283582,807.6653595591854,801.5472046270876,856.5667796799427,896.7907418794691,875.8962777222065,831.033781740459,762.0451920600101,730.5757649594933,762.8278362647691,767.7487344445091,727.5442858959232,757.71033180016,819.7444705666218,901.7639377830012,789.8929223438315,742.7074562198407,745.8315134767288,715.0839418349451,708.3112632493877
556.3395523742632,562.5215371766575,487.7194229999657,449.5271880474592,465.1528861836808,409.295692461708,440.1440050774761,427.7585584382083,396.8398177293158,399.8331785343573,447.2662398644618,408.6340286462342,385.3525342542538,358.59945072929054,382.02545842904885,376.73495400684334,369.11170261493794,377.0170992232453,350.8838864281538,328.8514925563126,322.2721400293608,313.303990150351,291.6019260618857,313.68900896246515,301.38279031511814,314.1244432857902,315.50122714639645,311.9273448079746,317.45914108343044,307.658099852614,316.8922437037352,315.52995755489434,303.08808291926783,308.4797680345195,312.6711291010913,291.9858478574729,319.9031196751713,322.5496739061388,317.3303557188932,336.6299295199293,338.20902456915456,361.5174556367732,373.4061115433961,391.6968479412826,441.9385413327904,430.6566806717085,549.3338853892611,633.7774491902989,579.5496311192378,595.5067700325778,663.7127882725002,689.6661154893964,618.9230119749395,652.3006506879194,653.822771137282,578.7555354926442,632.2609408912901,636.7221494531223,641.2151674190847,630.6261829916763,620.4709757563485,613.3979011571593,576.0590604719307,604.2773427498033,576.3145040148505,560.8142611580296,606.5784375153064,564.999715516838,591.5458380322033,644.575902005512,660.3871817509752,685.8588014246379,641.8458541722796,616.4302336452367,638.9199282233113,701.6555343573974,671.3557399132404,698.1644989513927,693.0505716272924,628.5264770108613,626.9001493203326,624.406309120797,631.6750396009694,658.1196927615655,599.9204129207429,584.2921435854751,563.4236311797199,582.9619656837447,627.91086040172,599.7415752672069,572.8989181947823,598.5601838606949,601.4908660736352,582.0463787169598,587.7773534060137,570.9785560577218,585.8382109436698,591.5082310146411,604.7809076544064,602.2015217313439,599.2144837165677,586.1750633515636,574.6566509578295,570.0388547547391,556.944967744717,591.0670703266321,600.3410939805441,680.1126596845677,670.9415286607904,688.5130849493522,605.3791286259094,649.0959572942285,580.9010154840807,668.9084446870467,796.6936283343445,806.307447735393,730.8408277855772,716.7821126155537,720.3105576523233,703.3570715559389,660.459716649729,647.4815735720388,684.5093691227696,706.4325851303985,772.9971323901119,775.4686728344919,802.0264772713404,783.4602876318423,719.0166136426677,749.385401495735,734.1992840059188,734.3029707766087,655.8591274713889,675.6762555431986,762.8145744003867,836.7261112323811,718.6631236001206,735.7118906204377,698.1682205467415,690.9019307628699,656.9674802203108
206.70277208898764,201.69500441222536,195.54443292129656,182.006542247468,177.02530934790332,152.9701649936894,166.81305328301525,186.20838192684133,189.9596766586482,159.29100549881775,144.32291870339603,143.47349029687425,145.4460589393788,136.6173320940216,148.30797463801244,145.64374198884028,141.93907409458657,144.06231115304283,139.89387077582288,132.09421445775675,137.98609038449692,133.58661392241208,121.95358622103228,132.25383153144054,130.91114941290718,127.49550742213052,132.13194599847836,127.16472452697616,123.24486885376795,127.7693468308416,130.0268582086694,124.028297649319,130.72057794579365,134.63683819359895,133.56097362122293,132.93555417175705,134.65871612630363,145.57111485612398,150.90428996354163,163.76515640447084,179.09858668397945,176.28786797617565,180.22557414127056,205.0728681550655,269.72173369229654,242.17980943445957,320.8822506649602,342.38307757734435,320.3372864036224,329.8464727322386,387.0652670460804,396.0507783793762,380.3768302676623,404.7529147123779,419.1092975261856,378.2791520405052,390.62133838084856,394.2785334658113,438.1266769258943,442.7986310707668,413.6920651688891,417.9544325006774,399.4035522090029,401.7372586210479,382.6037661657115,381.1461212085212,440.7539080410824,384.0403209218051,378.6614643771146,391.110080767797,410.7540336525059,397.23923787324094,381.4006610952721,385.0140417065796,383.7674170457448,399.2822155816088,389.17839151630704,388.5684678451761,397.6115401880062,378.4171943721736,379.3348886324666,378.9820268640979,381.4903070935077,404.7781861835693,398.42298992237903,410.6098432713084,396.0468545702735,383.27079425444174,375.9412860252768,357.8571657954094,359.1521381168028,343.6590326475535,354.1655832575726,343.6220594081802,335.01398680924274,331.67953844092386,358.79014652081577,350.9738410355842,361.223699212578,346.29812967493785,341.87988761695954,322.28444010386534,316.7538911883871,309.5638179055418,314.762574529493,316.32507474391457,304.7941428877683,308.28228146616635,322.4172827531652,323.6936686076259,308.6390591299355,348.69420871919107,330.68387012729164,353.9664294068139,396.5776960478548,381.89740687956777,339.55916890616555,346.3897933233859,348.07961981087664,327.7952831282177,303.4070348472429,297.26961668422325,317.3946318941999,299.7429525590712,322.1565083393331,317.9153181930559,320.3275392029792,341.79248106170223,335.79166991413655,348.3791868876223,332.1522645508036,305.2179164796295,275.6634821556561,273.5916919045867,275.6898221647099,292.4667370064565,269.4472100788619,303.4571583202781,269.2084983112186,300.0593883774046,293.4611195510797
236.3841832562,212.06206466441895,209.665998935681,189.59804057173645,192.01656619693185,182.8776457085588,182.66804547977063,220.04368784091628,221.52706648063284,175.93291544699886,157.0081634063498,162.80588503065744,160.7561923496118,154.39580128320728,167.36967764004896,159.10011665474093,155.06484074589457,157.25096173195996,152.89318733993088,149.85237874183397,155.41127985828032,148.81611517785998,144.2736659040558,146.54950979920605,137.53116748907877,139.1093678285096,147.16163907732104,135.4432821745433,134.8288013893157,139.33088074058813,136.9898737723495,136.28592533043016,142.47681613687485,142.07691811555614,142.27568895449738,153.32545249137726,155.17958141752902,178.8202847095173,180.48184874980888,189.820653253186,226.58682661317872,219.86895106496644,235.9836357193388,309.85111848088,363.139733930592,313.9201735386528,368.4321521127667,361.2800526704141,363.8377713124796,440.6310785001498,499.67147808847,527.5237441869432,466.6454011865147,503.10546895282414,480.73489475971735,452.95647466319065,480.8231577647767,478.286749274414,504.6615413316095,509.3265963453085,482.86426569377545,487.0437394391335,478.3636536862698,490.93691415847593,486.0810720540432,471.1712341090158,556.4074601573592,501.8356450407209,464.8067310073466,471.16324593312913,488.16675311613096,440.5410848084922,430.58539984070165,455.4785769041666,457.73763086972406,451.32953824609376,438.0565181482066,448.4046946721412,472.2263852249136,453.1243641231237,472.80427485814704,461.0170989639929,487.3748894115244,567.5254476472288,478.0205984276385,494.4787767392695,499.275419441408,465.89119215910887,466.39434848012576,444.5562630617532,450.9795963337373,423.1962878737176,421.912411618172,405.86851950887007,390.9954766703486,389.47665846166495,444.83519777977926,420.64259836884526,398.0838276975557,408.60556969260335,462.807788967704,468.4730776479676,420.2341066540828,396.3091618910893,402.2231956226963,409.1925037376163,381.5469205211863,359.67604872697984,397.57377928749247,403.9181735628629,392.5967239242904,436.00351177500784,402.8452807928954,377.59282528634446,410.2522948037469,403.7278832967539,384.7165431988801,379.20648920828415,390.0030512028677,425.348986419438,347.4431874284062,360.072109509702,388.9814160003884,346.26305227071987,338.66572039473573,344.8193911800197,321.9985366496848,347.89163372027366,355.0810843431717,335.2459146337828,343.5092199772336,332.61950466190405,317.4747922961778,309.33203290196536,304.99612907780886,323.69090982171383,286.9267234450261,315.7692314744732,285.0522819798185,345.4796990037524,319.7668905536416
393.8234150508688,424.47539924570543,409.8370580950319,359.1914127619245,349.3513421155393,373.4528779847352,337.6504306330924,314.9863071648648,316.5508072303284,316.73166180767083,314.1386304554169,319.84213239265574,302.99151616938605,301.0347545132416,302.25368869385284,274.2334294587595,279.02522894552936,285.98260127279144,289.5527240215992,295.5993525791479,288.0907987259896,280.9453228350545,285.7274104514254,290.753851997578,280.206491680776,288.4939745440331,285.91060934632344,263.9531610502534,271.81830041897524,284.59531626125136,267.16802028508545,273.9401014569228,275.26428452709246,258.6887233674313,271.8443917555924,271.1923006563844,258.02950046931375,260.03355621692526,261.229189050578,257.1988187329522,286.50898986889047,332.419781378804,315.68567737653893,334.5538949146612,410.8279504189154,493.6829981071854,460.6581974884004,520.9736860903114,573.7712516460665,552.2005718682902,587.0733779178671,672.4794213210687,683.6894459391851,596.043532023423,660.408159839219,744.5905366760354,679.9642949081993,655.6871436915302,673.7116598582708,661.047253070678,667.8950743505486,713.9773269300089,700.7540184089257,713.3385767446971,692.612722939155,739.7080372962113,710.356849114524,714.702913621151,771.6741415415859,795.4686309066805,795.9894424879291,768.382537278155,722.5684600282835,701.7409567674246,767.9409268033286,711.2710867254672,763.899053284756,735.6717772921234,699.3781048874256,707.6496116711404,668.7157848591274,717.77264487789,766.4343284163242,789.220275959288,708.8552841170053,747.2751341338516,679.377013666342,691.7063992755063,709.0530684729586,679.7204637484904,671.2840576355666,646.4800676440302,678.4433764194102,656.505042798377,660.9722555604586,646.377370642174,642.068913256329,650.0561836755949,591.9467996554929,609.7655063513747,671.05159410341,735.9858114679033,679.0340510329405,685.0068443199929,619.1251327999751,600.6315317770018,592.0972484581567,611.6134789243689,600.302589009079,607.7612910249222,812.257396592477,671.204066280871,678.1673177383049,852.684270154032,677.2949350180298,645.3081992302151,670.304544168867,657.1444725362993,598.3255886883411,551.8235499292416,499.3536605740841,469.76712110745456,477.3941791130373,476.44373133528825,468.8955296737141,449.6314713384761,413.0635486262619,443.2028840750996,437.6796456310005,444.1649014559111,461.8736402978166,470.99269309403786,419.5195532861585,472.267240779914,504.7906989220325,488.93060175645735,432.3803740423669,396.2474334461919,361.6016903043631,399.2181048855611,376.2692107622916
264.3680377797022,268.0241282624948,263.1751551954409,235.721575011579,201.9713431421558,216.1912920369711,210.672668564832,206.0369885632594,197.4895269536321,196.5496114304654,187.5731828905039,202.7879380703411,203.7240502659932,197.26541567787373,193.9685506448707,186.43615915324412,185.08963738135824,186.9323175722034,203.8180692246416,188.23683774637237,179.75244862321745,184.84143394055155,173.41544610972514,174.06556823865998,178.72273046833405,173.40878569769998,170.7268697520523,174.43702043471046,163.38127985247746,166.74937483537445,187.10978535441453,178.4957331302729,181.20496058095017,192.47936506540597,179.94057620813848,162.2042439594968,184.43273055402375,181.701787087713,179.00511791847694,190.57013041336728,210.0995020447244,242.7683874049232,254.88744843982465,258.7375022377376,370.5721279269136,368.4644993572306,342.2861099526638,384.9388314508919,404.1260374980189,408.5823690337477,433.64956579099584,546.3298822371684,513.8680370205391,469.0380491504415,528.8746402792941,526.6547009135467,527.2180687355972,562.4730067246717,527.4169765505629,537.5390479380056,539.118738602079,573.5324741742617,530.7404590547912,523.5944745297417,524.4440320877383,509.04818843221886,511.4144080584036,559.1813154634315,649.4286503312682,640.1011138745497,669.05084736084,685.9712754727506,653.6431436519457,580.1126193344911,624.8101841572171,575.0603850338415,553.3292984759253,526.9623482515136,547.093343966881,575.6441840957708,593.3121221938438,616.1518910159843,616.5468505980958,593.0248951152422,554.0777206217052,670.1369979417263,589.6491032023926,562.9400164687659,614.7944677553079,551.9829286258125,504.2861651586082,469.0366622789766,460.7822227527081,443.789475693156,507.08274517826857,502.0987254669108,474.7452062615719,450.1134068671123,461.33155927501497,508.0438105488581,486.50486070556775,458.34833135404654,436.0467863205815,428.31439196452334,427.7208281091456,423.4443876078512,409.3717819354167,427.9662567066815,416.8523562631576,416.0116627418606,424.378756031324,413.5738141951913,390.285685095521,386.1446905426701,425.4344635173839,514.6981128513627,461.22108728540553,425.9635224818084,410.3250894493832,338.8086724616784,325.90658350854136,305.3372477283258,306.82083302949576,335.9743657305093,338.609204962892,302.22078625453724,298.836233039364,295.8063789821519,279.6673785395622,292.16661668912974,302.2663917867183,292.7503652184562,277.0178559903345,272.14394322971526,266.1307228797093,269.5221608338935,330.5823884820984,271.3356060377666,253.43310694928215,241.20101236304944,245.1256310333744
391.522546969054,371.544190367367,372.6283294429024,397.4922520557035,387.6238371499812,407.64020200258017,369.6443673493829,362.1574977150924,418.6533613429046,386.85004446538863,372.6401526071539,384.5284144022969,392.4188175819788,379.3841876844119,374.56722680663233,342.9634676606307,356.9869341787244,364.7184024735521,338.57674677550585,338.42452100602617,345.34413759207865,346.7505813353013,329.80172322333976,342.80620168832587,340.5017615871419,336.5874756853152,305.48730064367226,284.6151948430746,262.7770348968224,267.7242179427946,267.8848638734789,251.2357205467673,241.66360746701383,237.9131433272326,232.38679809920856,225.9856814995112,248.0826289792083,230.09693989195495,240.51254255941848,236.9046770301508,250.932644942184,258.5830546486104,279.8431581727197,297.30755911870443,410.5313945913823,421.8793095312119,418.6931756809621,465.7364474409147,491.03829303413374,490.838338290754,544.1834482580875,600.1705989202912,580.7435405502043,587.0449303345944,614.6692363533175,655.1052756834645,686.9595930881986,761.0339050162086,751.5865236685445,755.9302265555604,761.7764724747897,821.0264280451116,794.0428317427705,753.9711620679822,769.3546122750008,790.9752487574722,766.0299159375381,787.6368278975306,840.8882640992161,805.3327284527509,876.4642232075868,863.2957776712931,813.0100814400356,736.7782324652454,778.069296622205,763.3939230069338,774.8002427090377,712.9403545657681,769.5451999888696,798.6725080651139,778.9277946800868,774.8625600656976,824.0472979009604,798.186113012499,801.5454263470803,810.9578888676097,747.4462652365011,770.5754259768454,829.0945879880213,777.9700600969367,796.4981185068393,828.7168837137091,897.0948417514996,869.5204054412724,889.1269203007778,855.8029843635633,954.2183568014148,855.6649806705359,799.2042748028385,858.1508163640218,771.997283496397,749.3667548634153,764.6351770910077,708.2555023011857,678.9227817489253,662.3424068923127,715.4161569171639,712.1323784309656,684.5272615329178,709.1912997433236,652.2630724435486,651.4135623900039,662.6599517081447,656.241231541092,677.6860959851392,700.4509181271535,624.6543897431096,569.5721693109596,565.8739012168267,537.3112915314356,515.4459426960263,463.3449186759732,473.9479070806102,506.71468576476366,538.8170949034902,578.2935362535732,482.2083001270073,429.4703360742712,433.79121968371,447.482192914702,460.5708572992482,436.1143935146224,399.2115237458388,423.4139425797801,405.8684916581392,407.5905482999749,452.1563694411553,394.3066017139616,403.6492831479751,451.85345062888746,398.8597873013618
307.81331641803007,280.2291301348352,277.55397588120115,327.5770019794101,340.22947853191613,357.5227980924756,319.2506235154162,309.6656519122505,389.08104025789874,349.6060776408544,333.7608139340628,338.0139148812221,342.3272660477767,331.5063913093288,335.4547849409181,297.0698108123189,313.51328618962185,321.0019863755734,273.42448623366033,283.35866449468614,303.06947680467096,304.30815319919304,290.4280356444135,306.5911643694758,297.9686151159713,296.7808512065448,264.1370921613445,235.09901635905933,216.1594064877669,227.4551785952169,211.354552119408,198.45607589874652,182.7678054932909,169.44709298166495,173.11535254660473,178.07205781329017,189.0931207299897,167.5293554793007,183.99847716040875,172.4783412478646,179.35205737979084,187.92170357842576,194.8209765441088,211.5167219222012,278.387921645113,304.1498778919652,312.4012466646672,355.101453672638,372.1727031628315,365.78325061539965,428.7087703041474,430.4313201754379,432.1965905248468,460.8565336749356,464.9458626062193,501.3172314311371,547.0663576841723,607.1564756542842,610.1419315768803,601.104464825265,604.6154988554555,657.643080269298,657.8523581085491,611.4624531297868,615.6398308208676,656.8067211222002,616.3473165746517,623.872452734481,636.2956924494741,606.3557093106972,672.6577725795759,647.2556198492748,591.9718261924149,554.7232355726471,577.492852931045,583.0654960285708,611.5363358058694,554.7496654967642,612.9554739126344,635.137454858801,593.2613248981485,576.8161546057859,646.1841412189907,621.3164615780194,642.9429293462293,558.4437005281629,535.067592695381,572.8667710369511,615.7935441374343,603.599291250445,651.7090881436179,706.5970630944125,779.9725864940838,768.1637605679398,741.645474754508,690.2247439656724,822.4411090440838,734.7467783214876,650.9863329506708,693.3770943620841,621.5454983732251,609.1546111574008,640.5937029915823,591.4215187539494,555.1700250330075,540.1254166391938,596.0577013315572,578.7266891280367,552.5899686243158,566.898518382895,499.2665688605304,489.97650432409193,529.0090867756968,539.5987446279131,522.6084840040531,484.5609356446837,447.1572184805486,417.8995051131463,421.6327852314464,432.05427369801424,424.5852317725903,376.6765067727351,392.83468749879273,383.6527690534752,419.99456874935225,494.1414463970135,380.1405973424997,325.3533827180996,333.4241247487154,347.6303516037992,354.13841689441784,339.6409420730619,303.6215697999998,336.3823200202753,322.42491992672234,318.3002723176952,317.91232507891533,295.3911502360828,314.8162885979674,385.110711323038,322.00754444343943
120.624514804815,120.15440815786783,113.1689130924057,123.52124043044095,123.42964117397736,120.20346502568816,115.94224421193071,108.25007329350328,136.97794159419607,137.64212103314614,124.88272607718214,120.34377788113878,114.8158319195947,108.15595812088372,117.79701409478034,104.27837128676444,105.5041791804369,106.26606627079548,103.72780027228328,104.10013578482422,107.78918485318636,109.79444135995452,106.57012450840028,108.73189446677893,107.80312231194138,107.46215469343376,97.40879486044352,90.92991861805068,85.2365943167432,87.23371243189739,86.40067899230915,83.63199926779504,77.6320501927106,76.89824048895001,80.45090158271482,81.89756324542388,90.31147831854614,85.07873217921227,89.19390727419179,98.97201842926276,105.50394789269916,115.12777216075828,123.98195230163044,121.5664111201942,161.10952879890075,207.3809249005053,209.95417835264635,261.51283684294367,282.4636999910773,272.00056335219585,353.5333289712657,342.40030144002765,345.4407545949901,368.8852976072942,392.66137588457485,384.6792766477544,416.6822072137798,435.2707504212604,391.447390464604,382.1699016826895,375.01232188458886,407.8967861986487,438.5339562718117,415.1171854749096,383.6348532349608,402.4192435735552,379.3712815116255,391.31024061606513,461.8389145832529,421.4432640009708,408.53966856808967,407.2618148382206,403.6756529802068,390.45195417812863,412.1394169512864,412.8856108873725,395.822817443329,368.80557866762047,407.2483599750206,423.748328904307,436.4500178093516,432.7059426851833,442.0195319489903,449.04822078017327,430.3826051437757,400.041261582604,377.1912384447427,396.0932356880469,408.3474217882567,417.4258047872417,430.4979421748944,427.0423308255443,430.8365440846776,422.6136041986332,428.8189612240316,440.9202088406117,485.7611858719624,450.1981629918778,404.84773019655,438.2185800502556,454.5685992154012,442.2367104960731,446.7686988616061,440.36332275136846,437.2927790521506,484.0385457919888,482.1976473723017,455.8910350095028,487.2409851277821,503.84226602202057,447.34180798414496,465.1546719996173,466.7129472004284,427.7994637836969,419.4125225118294,341.7478719910944,333.7537621651286,314.71465016912805,288.3050101291551,272.45641879227134,276.3302581313387,263.33213892914074,258.3769606908457,230.8492545500521,224.02673168746423,230.83330971867983,201.2077349382685,177.61228423047643,166.41821332752812,159.09558124239308,164.49217952206388,163.38238136217578,144.43924956656875,156.00270885982349,153.7189012404121,162.25370408222983,157.98537853031758,142.42210204526458,144.27100280069186,159.09715744833767,141.04685594051506
91.9910460522503,97.57830520892034,88.11646624735035,81.25552716629429,81.52995090466517,75.57165857710217,79.21486204953061,72.32529548742733,90.42354419379066,106.3058812010328,94.68009975882018,87.26906267288386,78.27569293858801,70.19164555791998,81.51681486807622,72.3666805873435,70.27489026888253,68.38869141480205,78.35552989918851,77.37804192863162,76.89434202073113,80.63544933627946,80.29847125485844,78.37301871465434,79.92025947077278,79.15322448610571,72.87110149731525,71.05959629071566,67.3406671704276,67.18363623298353,71.04780751064636,69.86318593240424,64.26338177964952,68.12152265563631,71.7475728230123,70.75366526636454,80.15242547238904,78.90274909761737,79.207467067821,96.8855978594232,103.82505023647342,116.23575677298118,124.7318483179582,116.38949115310147,154.68592337334476,207.72834515329507,211.54710235374583,263.7454482287561,282.5185062957074,277.93139136641,370.670234114204,359.74828646409657,365.61200924525343,377.9835689519396,411.55965460110593,408.62871474084017,446.7180471292775,444.229254824627,370.6048716247105,355.50144821136087,356.0760757996148,399.262590959858,450.2849264984109,440.5382239442635,394.4988350466217,410.2650189889952,386.1218882091613,400.8717406931939,504.77214621530976,438.38650009821725,409.31165407300654,409.8144253416958,424.9219465251296,420.2235895482037,444.2649331051412,449.6397291797982,410.145813426245,382.2811661531925,394.146125608922,385.5653515577439,393.7064818579206,446.7445096795232,456.5154231285279,487.624441004169,451.2816014015632,430.8891727981749,403.427419256996,420.7764525624714,426.2501226346719,436.51455406577065,447.131299560878,416.9201883339208,391.9974132978211,388.6892810459461,400.7250182306631,442.15391205228144,459.9203416876059,437.00434641659655,404.3748734661468,442.1486480904491,490.4738163759071,465.7841913597483,459.03780118401966,459.8201529418126,476.584200443775,558.9948906058206,532.3474161414106,502.2452699451478,567.2623885166919,594.0386554010817,529.059992140393,558.511520717724,545.3283036520413,472.4239789659658,469.1469438951102,358.5712147110617,358.8230130666656,343.4609363014253,286.9922203933754,265.5636829411114,283.1637284711659,277.425430865818,261.3085293886948,220.64493450005983,197.4509794169275,189.26697516872565,183.5605982038011,160.01882466207476,143.71950489117648,127.42702411778136,133.58054263550267,138.91670222432947,121.13829460943332,125.4769402224241,126.62413236106268,128.09822748940854,120.71592898897896,113.37207227984184,114.46276546093884,111.36718987027363,107.96988426614256
113.65111956970908,105.8717368572938,103.424702121951,94.76503176860484,98.75634880832536,99.44268043898856,103.57656296686623,95.8028364371621,104.73462033050954,116.71216698399458,102.8009556620804,92.89983482578674,92.73659373950268,88.20495949194338,96.24000316036022,86.9343612924116,82.76035960500784,76.28921709126311,86.37967879535445,82.46739075605679,79.09175108522888,83.59580824416544,81.4851906344035,77.85981260248771,80.6649549064318,80.67953494672713,74.4369945349108,74.3515883828687,72.29683267703838,70.27354078381734,75.78893920639985,72.46679175141854,64.42344114361313,69.16924895206714,77.14471344778576,71.8055761812287,77.65346573102748,77.99716010971954,77.10222251070728,95.19657164406048,100.56836131770017,112.03815543766308,120.6845402371838,118.60181421378446,145.60905874710613,183.9957360236083,190.4971496206152,227.73763483823583,245.66087689617,252.7334212425272,328.6232465544355,330.11646906358806,342.1943167170022,363.5249947944911,393.86254944240375,399.051741427132,441.5904638272021,433.89209096651706,386.4894772634081,388.5598743737778,386.8606071069505,418.9147323854403,457.6531502255566,462.0593723496706,429.8553394438905,476.44880053687547,456.6027322257105,457.56745457289634,521.7520997229184,487.0856723132563,471.23841093326894,448.8779663451253,470.9323938862584,465.0100513994462,471.1086167847584,480.77401520661454,438.7272925845344,409.3799239871868,430.0482016778704,416.9416990490738,400.5837477890142,458.5308059457272,463.2674118168166,468.6869113035786,451.9630733704402,438.18227161413023,428.5666893436523,447.6002705434698,457.2568958425688,446.60232878187816,478.8778506382979,448.9472344282326,425.8160165351729,429.14268718674833,417.75657851693927,467.3025641022445,491.2565387293021,445.6631516280943,433.5445198257527,453.1678251295553,522.9578730151981,483.5246301905156,456.8207188191941,445.3049130679884,455.1852357861069,551.6106858555994,512.5901272804127,490.3985568223357,530.1546556149204,535.1055323254789,502.96912540686594,496.2984630230604,479.5659993416008,408.13815086171513,415.9954354552924,349.3893594992758,351.3068803798963,364.9310813661091,307.0877825967331,281.7538480744743,285.91883365194553,274.0008219815713,252.09470716849293,226.70752865119687,209.01724221606247,204.11655898351003,202.4475616672153,172.22862381076612,155.18608946488274,143.65836777512658,147.6373883599425,154.6569149376135,153.2355483211304,146.09013360145093,147.9312606805766,148.0095046721065,142.09775566250184,127.70686375536528,136.1913090050871,135.09466754813806,120.99292828667193
164.4789564568341,130.4369890161598,140.5893597865037,133.48359709621838,144.44565472093697,155.92838547787403,161.0826681258322,153.9183657668937,146.35640157234133,146.58985074424515,134.79288075594238,118.16323943583012,131.73458838823902,132.53220602104645,132.25400308887922,120.57587599670669,115.77414735096023,103.95165666248042,110.86650572359493,101.70102756825524,94.85108176480044,97.62014029637992,94.099104325879,90.34779156312436,91.61110256910028,95.02530588739724,90.51569349781464,92.33996259781264,94.15664534310888,89.23200354644486,94.8136129619673,91.04027064660288,80.82901542961024,85.85037941196539,101.33033142446236,88.56693770052787,89.01348332355329,92.84191224134702,88.87825346720948,104.85306754182838,116.1079757910274,119.6705423972746,137.5390017394946,142.38669427912174,152.65935578879143,172.32551617189262,189.95513471422964,209.0583653347024,233.77142681522056,263.0441290506839,303.62599735374573,330.7844669310557,357.19665660917883,400.5239202783087,433.4100594717741,444.4743776710184,489.7543494745833,489.0202535066844,483.8801242372161,502.39824749820406,497.490237834676,541.1219225423224,516.2895342962283,525.919892371457,603.9959077537759,650.34471892814,609.4000937452424,594.9778986877361,583.3189923875333,594.0709483756477,622.5077422388123,544.3599944687614,565.8009637794493,564.8377670500415,568.1596744347612,572.2193606080205,536.1647592895151,502.1627652285605,535.3679481476755,527.6105229841552,461.3490792594367,528.3479088260876,525.9861317219148,482.4352771476255,498.13282119491134,493.7741692310297,492.3759659073497,505.37747391271216,524.38091745386,491.4015278035526,556.5021304542255,547.0722330073698,548.9496613132068,549.086029689572,502.7917588552672,559.6901633255866,597.7590473939073,505.9067948953215,549.4947986493041,543.819734199018,640.9129417239474,592.9773129965805,545.4241958715421,493.155699299646,474.3189345379345,588.6603007029445,554.1952141139411,544.3011553062062,525.8996073625594,484.6588836099135,486.6704119404699,452.8660126198474,430.41033406351335,366.50514231520526,373.2967133853357,369.323988221514,370.5721073776235,430.8110631645805,382.3660593286856,355.2860556968195,321.79387955935624,297.6228812372104,268.6412074575986,268.9116513623371,263.81138760597327,256.073919253625,266.94161074997334,231.65341727376477,213.6563933994497,208.68883715043023,213.6430885199965,217.40777705092427,237.8462876245657,214.7163637201496,214.76340987278084,213.09416885484177,206.3302742358921,185.88354527522893,202.3596503849296,189.88612492821568,165.36979600620506
773.3584664734215,669.0405610416727,741.622399457977,723.4476411825416,669.6295275414129,585.774794973693,613.9350881894704,613.4456080934988,586.6093371724864,548.2419534325119,571.8804937197773,490.7952174391058,490.5885577867398,435.3782027666784,455.7699287815027,440.7660603866219,429.18115718914487,390.316459050977,412.5517618074464,372.4983126935359,349.3499725024491,367.5379704394032,356.74312564484694,362.01972035298144,355.62388037383243,394.6782718407569,395.0126252010189,382.6188589589439,376.5588259887024,360.1464694541158,378.5168525626686,370.8638532179322,335.6766427565096,381.0980176275022,391.2826299553242,365.6309970017929,391.8336875041424,401.0520664389929,411.4765290571885,433.48830872564105,464.3985883605568,465.3725093794072,507.0208673523173,553.1297408258564,627.9645165925294,693.7528153867158,793.453682459661,801.7287640312301,964.5335513347164,976.4344862160506,962.774408103757,1079.4765622689988,1092.0193471162456,1139.783992088654,1208.198033714997,1189.7599509813103,1164.5122534792686,1167.365723848098,1219.3974153371676,1214.0549033537598,1254.0781638482583,1373.093958988679,1354.1720732762076,1375.3664583525192,1455.2051074978572,1379.270529084415,1412.289907934119,1519.3731121680216,1392.5967864962076,1380.665834030916,1442.5555809587838,1385.6823880581876,1478.806952458595,1477.1570410240802,1687.8379369921156,1529.693447520678,1462.2109263129312,1483.88841405489,1557.897155290139,1691.1740659546565,1737.584113823998,1886.1738224612427,1892.9402739261768,2042.4774882479985,2126.387587349602,1893.5943861892183,1639.5383125605774,1641.7038721891838,1551.6176603938056,1394.488653500465,1479.5687088298023,1475.2366214671583,1549.7949774266144,1533.2439388688454,1458.4801492752636,1554.5286015737545,1603.844815241201,1421.6575119021709,1536.1307710390531,1492.490699253295,1843.38306119704,1599.277347529033,1552.2048714783843,1470.5908704714914,1430.3904910246415,1488.8734655751036,1449.6099194843848,1419.7354316092983,1372.275691807058,1301.3422230107064,1281.8818681172768,1246.1817809336228,1227.4427296065048,1175.362720581172,1239.9319300742295,1404.1608838306274,1233.3590606778437,1164.548441805215,1181.787398829933,1080.581976415912,968.5512365949076,966.7473157941038,988.717248207318,1086.3365078644567,1098.7467831062097,1098.859334198505,1225.8696300440456,1153.733146673284,1279.1275125367897,1390.1629289587709,1419.8487946863431,1370.8116724382498,1315.1742016203095,1251.0948956812122,1241.1442913555186,1243.3412437744194,1149.2400236147516,1318.9220514931624,1242.4594984612522,956.9116893781172,982.5682094318316
267.1978168996641,243.9552614070438,258.0251356119268,254.89251732933295,244.0972993479151,231.07285672385925,231.64880035192363,218.7753345757,215.8299960731863,205.6162034969144,226.3310720124112,213.11711703356983,201.73533535717655,183.34993444674,189.21033890972168,184.6912921709957,188.24157870789645,180.85158725181768,177.2260297959105,160.66853527021698,148.79339650067462,155.21389404227614,156.39764489786603,153.6191470880146,156.37141552317854,155.7884768849641,158.45123140268754,156.34218206726658,162.51724832818093,176.1488283919035,175.26291505441924,169.6966974079042,155.80148470600042,161.42846497402525,167.34281743140252,160.56038806114356,168.5496517997274,174.82723385006545,196.11452973807363,200.2455629892277,217.45350567308157,213.5367714804377,228.97617066698064,247.0882023951376,292.92944729685325,319.67431834199283,392.8139656453303,383.6859054101118,427.51156060718927,497.24726858297856,570.3733538654692,619.7864465824503,601.5544217763628,742.5831346965097,815.2621526392461,768.5692051990636,761.7867334375076,870.2376246815469,836.4884450743018,865.7992513497007,909.5416788266284,937.673632941101,965.2269538364276,961.7299748960194,1030.8352632235335,1059.1638202456552,1186.1220373289104,1230.9268944024377,1262.45436972432,1251.353286511017,1251.174567552463,1177.722791629105,1235.2966128409598,1270.435969010336,1214.8588633547097,1351.7794627895,1310.4850229676986,1233.8816284271193,1272.214802394837,1289.972207274043,1242.461925148241,1298.0651227453566,1231.1963081850154,1165.4853693848129,1314.957103455066,1284.0554505050422,1230.5339949911463,1212.263636247243,1248.7881260920576,1149.1386099753718,1224.7134816309049,1230.8485981458389,1167.650221756231,1130.0576327057556,1094.1651958334355,1138.921593973423,1124.884967042893,1078.581641069119,1035.9405259572834,998.83160096756,1077.4187145009691,1104.4102151665415,1074.0886303798568,1101.8671551474831,1051.2934535248255,1036.3754719195474,1064.5233278225633,927.2898605572548,954.3155855804767,860.6825489200095,833.3808472983253,752.3202137209429,756.142838946472,682.3374411163292,745.7610120804668,751.634845564035,721.9770381592309,661.9750890241878,669.8266833196849,579.6604657254326,516.9949499470648,537.0767720799264,590.5982189377329,561.5352984810415,518.5084734208012,539.168103282508,505.3660003481862,488.57831552679664,523.1413113556673,501.46801238126,539.7266881124576,550.2190990882626,510.2534304808593,459.9370651196076,443.0817030529054,463.4712751352336,448.1521493100506,431.27015267858445,445.21043588036514,474.0065358600834,423.39702121445936
285.758803765495,271.2812330744132,295.4237596776968,280.6227036930792,278.4442634132228,271.21557140909465,269.2717400127644,244.20466929969308,296.743164543414,260.3665068863278,246.2539027646521,261.2787216317717,257.2851420179059,238.680328417508,233.18228724831684,208.2355418803844,208.60964259282332,208.85937219876908,195.1638314170505,180.41764208064143,172.77680488959592,174.41830866005566,181.29781741852335,178.50717682559727,169.4586838700855,182.1019551102334,177.83197984351744,166.09077101822535,185.5043128874341,194.1324898735373,191.4428970271643,198.4884071832348,181.69034350285813,180.9902241410832,182.1936080665278,182.5577742089314,185.01784256896315,193.76532296999903,207.9151935515129,204.60574080066075,229.8093658425968,232.10012351336567,257.83198840639704,277.71692943118325,308.7230807107728,335.296405659543,423.3094231205033,483.7529891107282,499.0959919501024,623.5485907488879,694.4623445894051,689.4395472836202,693.0114246438973,811.4021240499937,961.1612570256268,975.5601778907164,1009.9353241801548,1109.689219922101,1105.4348076063254,1190.6233898906155,1275.6759830656372,1361.140767137074,1403.1534045586454,1479.975585080362,1479.8967893282122,1514.4193338112186,1592.211626300597,1584.747925813633,1669.0596310050946,1756.6753954882734,1620.5407860560122,1548.598376946227,1602.394495331435,1560.7139939858212,1530.078406051054,1575.2751537845274,1509.4584077012048,1502.4816568633764,1520.982245055203,1512.6832481633453,1430.606657982998,1463.4630395504355,1394.070721547026,1315.7512657952616,1420.699966320977,1499.4819340750385,1479.478025231178,1524.5456115164702,1549.7636022562087,1459.336185549461,1431.9463532500693,1460.996637124567,1499.4531289145937,1520.8773583805255,1491.2559218605627,1492.557317801163,1739.8136216052628,1485.6019692793168,1297.7643258962692,1251.4954001938256,1328.7400825729085,1337.6731963404295,1244.695706470602,1179.0519849413824,1124.812273480304,1174.8145040458985,1087.2256467578427,977.9784754464008,976.7786063789288,917.7342043074032,911.379436399434,867.790526320753,898.6030874472747,805.890548663665,781.094038685344,758.134737984434,734.2004666941075,701.9934043893606,831.4473185503377,668.1645441719793,591.5870634448443,569.5484291921109,563.9107859454521,512.3328696132113,503.766665134822,569.9949889582691,506.9890607046339,488.0987551116478,579.8228200062345,493.32907428947766,554.5458034442557,526.6539620292007,482.7558279705418,462.3052698092485,428.05308998553664,444.32388164087865,436.1344773223974,413.335812540081,409.4442138427474,436.1486228868542,422.9274637682149
469.1729999683588,475.7318281685484,469.5105702450202,466.20539923424633,405.21550340552926,419.0995053899759,418.2358328311424,377.1397133444656,383.60235459677375,398.6620636302559,367.6646990227539,423.394528968658,468.30049090074766,392.5503243565735,371.2132748361231,330.30238949022373,324.7358980888704,330.3878454893637,333.4686775685377,311.2514721213558,297.8608457833525,308.0135148409172,309.8754014287132,292.4441431524925,289.6847129698891,301.5609792462959,310.22855459789145,293.5121668937234,314.2884144609105,277.65565383224754,290.51891027705693,304.3644878647784,287.7541899776835,300.1899614667124,300.0036463524091,315.2602602966203,311.41117294106107,341.82043571137405,381.4365671905932,344.3710970783731,370.2160855982883,392.8200692730862,413.8926917503638,438.7435385623554,490.1572438195042,532.5188728822317,628.3941918841218,681.3274086114709,806.7894055180442,937.4750598014286,971.3872836827244,1039.502555825261,1106.84833902563,1286.1032135914452,1565.7381996863728,1560.645019240192,1598.132021275427,1788.09388602353,1786.32033683704,1936.6949694770417,2155.584234822514,2140.803558819646,2037.161700886148,2058.2739964547904,2136.6315144608734,2126.51799534116,2102.160158249907,2056.1063435960154,2220.5590670704178,2273.779263553241,2191.254545918972,2202.688300138895,2158.964372167547,2164.795515926952,2182.740505988395,2289.413448223658,2344.8510487700537,2308.143137058873,2342.301758136978,2387.9870751167496,2285.775596151261,2290.6929500265437,2256.631000669336,2073.5634552306724,2148.570589297684,2245.162645686801,2136.4569924339867,2096.4991450282746,2256.648153234588,2102.370461909413,2001.6802430948449,2106.37412946048,2140.7140817680192,2035.876269099272,2009.393055992796,2035.885153759976,2104.3783933670693,2053.635715928764,1987.0359214537984,2030.654461986976,2047.498922911094,2061.81719908157,1975.871983891456,1954.6609319558809,1897.716661589826,1880.71507575471,1856.546935596648,1768.4544114337637,1868.9157311559004,1788.3601782243518,1699.988862547289,1724.721028677239,1863.8171324468829,1686.4612581679498,1564.8252056686497,1510.3357851259227,1480.5265687552974,1345.7495690051558,1204.2566409004564,1141.56179190306,1125.2366193495598,1004.1755994738568,943.12785969018,844.4267308527893,822.6775586149,862.3520621758598,800.1674859599831,797.4199294077836,826.0634090977704,738.9843339582827,777.1189858183035,707.5105057318267,677.0511571400458,693.0773193577547,623.8668992947605,653.5302090494076,659.9514739271305,645.86136397095,631.9659727103082,653.1223555744253,636.1602493660533
280.9882521673416,275.4141125671485,279.1523107690551,281.47023517141656,261.5150269099857,259.1477312304882,245.70338697725447,228.98157635682324,229.0649884931183,276.39653750197283,248.5698435319225,228.1450388094306,223.22195321335863,214.422422634175,218.34117647866304,205.99864739614551,202.76740952888636,204.9424506359741,208.90387047846448,216.78788580496456,214.3082962654568,206.7413829280986,201.810801857985,190.8290399921192,186.93555378344945,189.14661242376985,196.18643999543065,190.97962309005584,195.87123141765375,177.15624378798486,189.90625425117327,199.0764662067226,186.98581365567068,198.60973469582984,207.91500775102256,236.47143928285757,226.35383137709135,242.9841334958699,254.17204293382483,241.70646326395968,249.0368975130289,280.2135067542679,283.6587254934508,310.4429455271081,354.2741802275601,391.31164308636806,466.99359933987387,510.0474812783156,578.3768111069375,659.4883358218387,714.4945915859855,819.3739251347988,907.871096479702,1051.5628912770212,1192.8570683744224,1251.9803178801044,1274.3426372216356,1367.7459470212525,1393.064592973351,1507.8625558153394,1664.2195651854795,1729.2856702696356,1671.7840441608223,1650.6080398417214,1703.4602615504634,1761.685109855455,1719.7617754761227,1853.392144776826,1874.907153927456,1879.8183330262607,1873.00537043958,1908.168157709756,1880.004106458492,1892.041831380028,1894.3058720861952,2019.814927249684,2064.85039856012,1974.2015844021173,2001.063387361594,1902.891978024986,1857.767436100048,1878.974733571966,1994.0313247982156,1776.9767138462505,1805.700140309256,1907.529585500235,1810.368022273013,1816.2751905965115,1875.3956165926488,1772.9055357391103,1673.0149990513637,1701.2639595386213,1704.9649552444914,1680.1407282940506,1602.0597626173294,1642.99277241735,1673.798683574514,1693.352380304616,1650.1093473892922,1762.6482851766366,1634.136674217392,1744.0311959602054,1690.7580847780914,1658.2887432282755,1567.8484288064244,1498.3027686134162,1451.1914399111477,1366.853132236359,1417.7135939254076,1342.552339863793,1245.0587677061228,1249.5104313719166,1323.7183217567533,1277.0664768519666,1204.7557864299558,1179.8891953111874,1098.1517952277843,999.5027141431624,945.115368060944,903.7437675863802,897.6621724974734,819.0047962644717,775.9607841929551,743.6126571673379,752.9448096313635,740.8673857433297,692.7400835774159,669.6876515022664,669.9242510266091,585.107103282436,648.6196318184537,570.2642366138105,570.4644172464306,531.6367300863393,453.4837848276193,453.4213308490303,464.7380511977749,435.9158955378485,455.3144313328785,436.6767895513086,432.74045720359214
109.54268482819728,106.8425431025078,105.55003218670733,97.89429560409506,102.01231906230144,95.05574390359658,93.10216337361472,92.0240785054598,92.90408126738572,117.18251129943432,100.77307005305076,88.69529075238702,88.83652099810014,89.14335818217,92.45825893896304,85.80411956960691,79.82383472635632,78.79603079235788,79.29551770897558,95.12437540162064,96.77914836699544,87.43396596060256,82.45063056175219,78.10128884198153,73.91927826860811,72.6735147418904,71.18646921638948,73.13771788593004,77.21724089048806,71.66413775741275,74.58326138507286,78.61751071898559,73.01323197167673,76.32757496223263,82.09671697387662,89.58860952887873,90.9095359827506,101.71558328443469,92.4740020239774,97.46738274920897,104.8195281699643,118.75030705915374,122.91290403812567,133.6104056325939,149.9137750265822,173.6369275813164,194.66060919401195,224.68305454789132,243.895017631762,295.7915465936035,352.8256738636414,414.62394665713424,467.6263019132117,538.785365802547,606.9998844028233,632.2034936868437,662.5533121581168,691.3181038580784,699.7477508918095,761.0892540006902,830.1008702974876,893.75824155918,869.287924650313,850.7686319193367,880.4894409683915,918.1789596348256,869.8556259178824,1013.287865303408,946.5382915112672,913.8927785865352,922.0221180822914,955.8196276955337,953.8252239795931,955.3638750740826,985.7705136663308,1052.098313106338,1066.565071398703,992.8047551948946,1001.9324837978628,922.3648632979232,935.9035689289686,924.5377242186294,983.3445452113187,879.4349791413035,882.1306659288952,901.5115677266148,878.5096416188264,912.357277875196,885.6005861359783,880.1914057203446,864.0602590781804,832.6097882570895,801.300618698272,827.0206342430838,765.6703687489876,802.0840243715954,820.3058453458264,862.3082595762959,821.3761213786146,926.157290397753,794.6778941744459,932.1020430402286,882.4303944238869,874.305795313461,802.966476265731,750.8493757104554,682.7345140504945,634.3756154281446,625.2503225338203,571.4827068723813,531.5370275179722,498.2782510096917,510.31236300955294,569.6950814187469,549.6899836507449,535.0901553887718,461.59505459865466,409.21344762411024,437.2530339878804,416.8795343232068,410.2235275874931,374.0661967717921,356.5360802964012,363.4138930188117,383.2244437042916,353.8085265351429,335.49249767087844,306.6826877445944,295.54240659389365,262.239524454841,296.43449531630495,266.652854295576,284.09282888107185,229.7571095891967,187.5898090914127,182.83449387496992,188.59531158860884,166.59974781009095,203.51495850393115,162.01930992078823,161.30038662393275
56.63562280851622,51.60115760560259,50.40830418950453,49.35239107754391,48.12027514284432,44.55013825069523,45.28480765928693,43.310378312744135,42.7174129100651,46.71315526768163,42.690621367491175,38.87926542824062,41.59420100742026,38.82315114088395,39.94352016880943,41.66421736398807,36.21363107736477,37.74365834368142,38.14136568875793,41.870586667193095,40.88517127685196,39.0704507868508,39.82826297742624,39.859021094005485,41.713001258747454,37.193083069455945,36.42564059654927,38.37147276151699,38.00848375738948,37.438877045740114,41.363844663076,41.124785869799375,40.66432649844084,43.157616780301794,39.9895773375659,43.503661446827735,45.19859164517439,47.37596253553295,46.1331364403331,51.57845066971063,51.255003018686274,53.19731149236682,62.54569260760335,68.69789919719648,76.31799002646453,97.30309246657716,91.79872997915922,103.69988025957024,115.64367599115148,135.00227000304227,159.73055059664495,173.11710162140548,191.47935194004103,215.81793047709272,240.98142727432236,241.31774042247085,261.1487143952544,276.9723663283883,297.12273113634865,315.2888154506196,332.57154100448247,330.3290050942024,318.8592023636092,324.0226043988112,317.75403947135925,328.201824708248,309.86531975677747,353.8669353913682,331.212697870488,337.04811977984326,322.56703784839453,319.67255738144985,319.79950932349493,301.5477529831282,319.0091901654809,310.9571832192129,335.75739571593226,327.3213014033647,329.8879585300749,321.1244604542599,330.0981184112031,327.29796774707427,323.2076946696877,315.37318954760747,327.5277725270577,316.877060411653,325.701007639051,339.41514717033624,317.2709729106559,327.409014797296,324.16775425286613,318.2311204423232,303.60173594964783,308.1614818451234,304.1576423743905,311.7858990374553,309.99812431028,315.7117218136827,299.0819367815076,334.1097360321165,303.963718817704,350.66507768819434,322.76903994629424,317.01858863327635,297.82801181189774,281.34238786455904,262.76642273366934,258.7411532473856,263.4157683051152,241.17152549474676,234.5683201902596,209.58654615516693,203.88474683335903,250.5542884312597,232.89422652595223,210.99926712489253,192.97036994264607,182.9552895750621,189.0796988768113,183.0806114735051,176.21409577753502,155.3282863266039,133.873951998159,138.30876778171913,138.3608419295171,123.52341608427504,117.64936690637852,111.11597847054796,103.2796750031574,87.6406775259509,89.86998903091447,89.83638712938046,93.76673001586812,86.54983025927515,84.51841602576698,91.48611538056424,89.24964342540146,78.83514697099902,87.6795865569832,78.97899035765225,79.15752545189659
79.90961979709562,67.74343042545489,64.25739774715096,62.37700205249697,64.27289376353436,57.456357763165975,60.81026177337802,61.863142964123966,61.70570065747306,57.91879452449847,53.94165115961765,47.72080756744856,50.29765078996213,45.097936420009056,44.56413699027931,50.79693205865939,44.85578486716268,47.20723449718247,50.32136636860713,51.54250344491496,49.1339737171278,45.91977814653543,48.24030736207931,49.41598271409736,49.96294784144853,45.84069465672875,45.30758619963343,44.0350786533113,46.36631989222976,46.33304140484868,53.55580310953908,56.83323045442759,59.10695356330123,58.17470303284884,54.9680515820385,60.975425721958125,55.50720645319687,57.20821020841261,61.71476829296419,63.18587786579333,68.44822976067516,75.24805539442382,76.56160742902506,78.10828312079316,83.6645410417192,110.19194224535931,117.01636812803004,135.54103547228442,135.38093480041044,147.77456552482687,161.4401155480512,182.0176877307016,200.82380207684236,265.2114202887644,259.4304264179588,249.99525030837455,259.13144982479827,248.37869808301295,281.55847395159685,279.05391733377763,264.011625605375,243.06137350603336,262.52370684277577,301.1642958929397,270.5043465417161,284.6269393898453,288.19408991593895,293.27802264362015,289.7900447420315,295.8668839194313,291.9839598634676,286.31103009744817,281.5358897945731,261.13968967981486,257.93355575844924,261.02471616045693,253.92800243304924,259.1254990712679,272.2408315512498,252.80933815494652,228.7456123850873,235.9812609525425,224.37039509664763,234.867969467912,232.81354740284607,214.4061280846886,230.64863775857015,243.6730467343595,233.41015551799583,229.866790482893,230.84048229145984,212.08459571174504,222.65760291913875,223.90638999921345,239.55629033368865,237.7229705984188,252.4159696841472,255.63639892701357,256.5047670715258,271.541987626525,228.52115830188112,255.72145512974427,231.7989440067573,228.69023023355948,216.57598765818247,210.68959785184416,206.92355257493253,220.8372218681662,224.30671115531135,216.2548355061099,210.84537534708485,208.67813761817595,204.31008920763105,241.33824766895023,240.2198220930315,203.03742400962537,183.1734651136877,181.89734240808744,182.1850550507752,172.0288892404862,184.7233896127672,156.06037760305682,142.1773909654395,152.11899711144932,151.47739491218738,136.99464087724107,142.35727336726438,142.51695062679696,124.99385102239928,101.7347520377441,103.55934657217416,102.71380959879116,107.88443894340232,95.69948055436322,111.60596800685693,131.5644176070062,124.835023391784,106.10379753131257,106.39613439942742,103.12055871695252,102.48633374878506
223.17599371931928,204.351942037825,197.05482829899327,183.86617132972123,185.6713104382788,170.48707118317222,181.4870774283143,174.69924168158065,174.10700430183198,171.05643283358603,158.12996982201668,154.64527032597928,157.6461805604201,139.0509221990428,150.33278482877915,158.38217697677845,146.5262949459807,154.9060714605979,152.1232081259195,145.4700915810899,151.1488209600838,141.9012045928561,138.47700982028488,139.3798076669238,134.89062621619635,131.82744971245785,135.89919668078167,136.36764051162731,136.78824729499573,137.49215431911836,143.17738414436258,140.82392460699404,140.56856806306322,134.58310783526554,141.50885132631709,150.83183496833283,156.5571499856204,157.8463043443434,156.12794551470728,162.20664528348593,181.65151161675837,207.16493219713692,218.55588177889197,208.9351121971509,222.62936652786144,269.54749513379136,296.271624174587,330.94738660648306,356.73667914486487,392.9304031003695,397.8156876753235,447.16727266723854,473.90889521221857,512.6915308684527,525.9056105794501,534.0217763539131,528.7203236197166,533.006963893261,545.7760238832233,524.3571478028938,528.3628584802561,498.7209343524314,532.8707230891165,576.0430066976113,538.1177482980432,508.73817392228256,543.7223999646963,537.9756492841176,540.9270913787967,539.0133567138706,557.3345872640867,555.0947449631768,544.8304686032059,534.135310560553,536.1175398257825,551.8763478590115,532.9385393104812,529.5017303097696,566.9811399919752,544.6837135220478,556.8317158806267,546.0563822464061,524.075998348436,507.0411109864672,520.610632892856,477.99372957079305,475.75758348898125,485.1039987209358,485.2882577167905,506.9413926512967,478.5047056589309,467.2958624516651,463.2548149399807,453.81341209919776,449.01125948382185,436.8725436369684,475.4369624986985,480.12874038510034,488.4108469308929,509.3572543260456,480.34317648430647,477.0077705123882,458.46172461770254,436.5766266876077,425.7664526598884,444.12960478919865,424.80092571128,454.70024308098095,472.0805789052208,471.8684846201373,436.1533829642507,439.9191331212905,443.2641256710595,455.38557225670144,471.1159762817136,458.99435884551855,449.4556338703789,426.0312479385432,462.6867610031666,428.42962809349166,417.7144406419746,390.1790785366624,360.3387804605727,366.7022700289275,393.7977915848172,378.32047413132665,373.7945905679801,368.34035360502673,344.1869323827165,347.0435495390887,338.50540394896984,337.3447250567657,319.858034082507,309.8319634309313,342.21083134238825,342.23109399701013,300.53771956438266,293.91755185539347,329.57828335730727,326.83376383750624,333.02832453177666
539.9964295403571,497.7186685579294,491.439513119178,472.88014528985786,453.2278164539762,424.1609471359407,452.1734328987167,469.4812119818058,454.48262375871815,429.33438007757456,410.9835749176568,404.1585076622788,405.6874065631008,372.1017590458619,403.6475945334642,399.5850539063055,368.7323281240471,383.5999828770644,368.9819742086192,359.5550080578906,382.7394882668768,359.9874038599018,348.73186710271085,349.6948348003254,339.9169323228131,343.64098172016253,343.9029211273872,350.68244756757633,348.32258386431005,346.91518543584624,341.7780260548117,329.8461813919411,312.7319689653378,312.2125751200123,321.8031893523866,326.1690047117463,351.51622747663384,348.88818366484645,347.2822736600164,370.3118621551212,392.33655630411545,407.182896871299,431.9868887193377,420.8789056605171,454.5959765339893,512.5744326056242,621.5082593458537,680.968537811933,700.4266086678524,774.3750156642876,790.6557592606684,856.2030201125971,864.7656377325206,829.8760514748607,908.2468337056972,985.7856828309996,932.159106537715,928.744456784973,920.481657759576,863.3600657283063,869.0864298748922,895.0880738029314,958.0384309136437,969.5367810667084,918.619081997683,830.6977582533973,907.666901373877,859.2811338705866,894.8879260212158,870.0423026423072,953.7828099304976,929.9614504736646,915.0530051657196,908.8604212016194,864.596331907921,850.4241230062125,816.361894443497,796.0718147286328,883.1206795810917,842.8928520672309,1090.3411322763948,1053.0794919552336,968.6239475203644,893.5385374304406,896.8567717291068,859.8114647633083,817.7490659761942,806.9983097675888,776.8840899430928,804.5658193754426,761.5443229887052,800.9741568228234,766.8521557378201,731.0365328239495,685.5514357714634,681.5999827004373,734.5926330203233,791.6524885693767,738.3820311605541,727.3089869667641,714.1485435365793,717.0052632496647,734.0862660223919,720.0094302796509,704.7150805943281,763.3317297590495,716.5498677172308,797.2906008081698,816.6313984434156,821.5511801187288,756.4252368417356,777.8534526505957,767.614742010103,764.305161976065,830.2819211156468,901.7402348231832,990.535500808474,888.0285207246361,969.330079483399,914.761607578157,885.9358329846981,834.2487368450174,747.4864191449781,724.2264445825698,807.4114400980533,881.4387856151275,865.1851613701982,780.0277101281424,743.9596444581852,799.5406913413813,764.6818975257966,787.7191101774354,721.1698023633055,671.713804927385,715.5590478468699,713.3383006162849,610.7865603410612,660.138709070166,693.0634939199462,688.1096646366237,698.2363958437892
361.4262374338425,363.0141754987067,340.5102326540167,332.2562191217295,322.01507270888834,279.52201518089214,296.5455329185039,306.95194544775563,290.1148185140688,276.8812860104007,284.4189760929019,273.0676322170861,290.76811104821934,292.5818053680554,326.4222456897168,297.9653578329504,267.3048484319339,263.69710624703634,245.17341251088072,237.89210892543565,238.704287165344,225.3970200739009,238.72769432809855,235.97311048537628,220.5627895659929,225.98415909392213,224.6162982229152,221.45026809629312,220.1762852084258,217.3474275750726,218.81729010125207,208.1904035961805,202.98701080350057,207.29447257737792,207.93755782457865,209.65133970078668,221.32128621281515,225.9567714876981,220.23569203122452,237.91562760588545,268.14643865293533,266.1675100896468,268.1403922693924,300.9981351415276,352.8637038997261,388.6346097774408,542.3968548280001,625.3026469258872,539.1766357415977,525.6350965663538,561.7506913828922,534.6721691988654,545.9681593184459,604.1069701762785,633.2113868320246,608.6862254107778,614.6128333081565,588.6096324840494,577.5592502663235,555.8826970091227,539.6869853320154,559.258254951752,576.004057700531,621.680433460396,609.1974829619863,602.1813798593492,782.7407598491227,743.2189461037896,674.2453937030393,612.1992892799638,591.0140232939115,571.4843115293801,574.4467867676318,625.9999212977365,607.0248512869882,650.3616281505635,612.6732149019948,635.8522292769978,634.4693862688675,587.158654052613,625.1730187297104,622.3897603464785,646.6419634927312,609.4830078270677,587.2005493681453,573.9625883711313,568.5149084966351,547.8841309923437,540.2343324524679,536.9946400079349,517.27677896129,502.1856959405693,516.4203918355404,493.3786897710099,470.2131188590321,478.872749436358,502.5542606385709,596.4443946147235,540.3765748214769,515.827184609845,523.4782319641276,530.589120555017,519.2101653587499,528.2980094022114,536.3357150284031,577.4095296606508,557.9768648383462,551.685227381952,576.9272745334977,529.5765904452,519.903340035625,576.2986431129901,536.4089422206987,544.1111835356497,590.5520026872825,603.8014567718117,591.3618277084963,575.8884296747241,574.3098377101512,538.4374812337345,531.2656555325124,526.0871895550603,522.8448976823469,503.91725743574784,516.3030785954652,515.2564411808937,522.8523181484798,552.0448907594956,528.5214834889516,587.4418842898989,553.5851046611684,515.147839207255,480.4130200537063,480.9073539138986,489.9228914830613,532.45424561822,481.3950377714193,478.45050791269335,466.762557239841,493.2228231396325,481.2697522349316
249.1731004829291,230.84657208964103,239.7879275474627,232.03194259148543,215.1197623551793,187.3802892143076,199.10284950797225,227.1210030193772,230.8784896611529,192.6751372615489,186.8788853072201,179.17276389171556,187.87117190304252,167.93092509425836,185.06782720403143,169.30858475575764,163.27828754309672,165.4898071848048,162.77554205712715,158.90689502119207,168.5574217920802,163.25758609885065,165.74352161134476,169.97320912425002,158.75360795797744,158.7911475895493,161.82979316130096,158.24824002112908,155.80087822237593,157.11230714926717,158.58170866180842,156.1024891359634,162.88902447951386,162.82805339717612,166.61606273453816,177.86304722040265,170.7238283653365,182.4997027325807,182.75914351855235,200.35626754987848,227.36826734160584,217.0609871265281,218.246322793405,239.61445021494768,320.19970497116736,296.8442540396187,413.7852817602742,480.8981948234306,426.4518884195368,413.4839228091788,478.4602776969979,459.4850498759896,467.1067638331567,511.5316676913012,530.1732923150402,487.96835772482063,505.6533821351773,490.1270575467746,510.6288336531523,529.0630384226212,504.1663546652664,524.4872186033177,555.4677378005351,534.1209159013495,538.4769000599193,544.3050243221694,670.225498068614,617.3215487646604,592.8349999521995,593.797978660679,595.0623367715041,635.0853941161841,583.2178992558962,569.2883037278726,565.3352668801515,596.2037422212527,543.0565459544972,568.4769776633299,554.5026237505368,537.5120058103516,510.30584651909743,515.8103073609942,504.9676355323841,538.864654293186,507.2196499997888,489.3507312848828,487.1646607294507,464.1169716799545,432.1172570222302,417.6540627712617,418.80887024260375,396.7371344761695,409.1579497071024,393.9640655371584,366.00701582234274,371.2810447518818,394.2482934415148,410.5385085178015,407.812436442028,406.3280343636317,400.8597973940411,389.8632999278248,382.8626427193296,383.3440230050946,415.0172885052025,459.3680707410606,413.0784139113562,402.6976048001485,446.1935264576669,418.9338591036427,415.4536227626797,431.450781959136,402.9636333314599,422.8758694063538,434.7364374534709,417.7520512672386,402.23812098173033,396.8877253099053,381.0491295677144,384.1324960072536,349.77264383683433,346.3937167138661,372.2980358076147,338.8069912171026,355.2862382261349,339.8861686281703,365.031674539761,352.5705565248924,354.0466520227421,352.4536546564757,334.5884883367904,356.9523053940741,315.58902313455496,323.1420267441768,334.0592264513296,335.2236051941618,294.8209022290399,304.59898076447865,276.13278488577606,298.7807870747016,305.8161680657676
221.59821335498037,203.77139190170607,218.3804114591695,217.17438675209536,202.68093107093296,186.53672673142336,191.83023216703052,261.60232769332595,269.1915317764044,187.9959298435158,169.96729133148932,170.8910562230442,175.85909745595362,156.24020577470856,171.21711325250376,165.04416902713234,147.25931835386066,151.5586864689971,159.4115911203643,150.92288835515188,164.89384361488823,160.23224327840475,147.6237057149577,151.42556582126053,148.52753966585144,143.2592221559768,154.24459030315003,150.48620765544678,133.93313776334188,139.10685874380923,143.12626823737588,139.18839116430445,152.30440244969964,160.8219653992687,157.5089489111891,171.18122376828174,160.38185488113055,181.48199546158745,192.84245038375312,211.779721918384,263.6898194799276,234.02746366022487,234.3140912716009,269.8675236791054,393.0794692749616,346.14343011137095,415.4862050254554,424.4820948979484,423.7825544421538,437.66221533745534,543.0957116491026,554.8881588003235,556.384985580412,606.1391309262626,601.9826749847896,576.0438701776562,566.3946673870902,562.7553191346872,624.7068779045076,642.335403048,635.2057220000896,657.386335954642,702.8590944264389,657.7365171687667,641.5158460986796,631.7069552146008,762.4061094103389,674.9547420518892,642.7584165097892,655.2751808663368,698.6357661396338,707.8041285078831,657.708848372959,664.2056654175569,661.8066353991915,660.1189966074768,641.0476724628392,639.6236961957908,661.8229617383267,644.3501937039316,604.6351946015046,586.2149278638551,580.6984842415312,637.8496420597832,612.0049556296603,627.6571325016945,627.7025171457412,574.9673430897479,542.6532700486781,526.8803541947791,554.5168095138845,527.7044704377942,524.0593848740128,500.7892551053364,473.0563243060949,473.73803195069695,508.23730973386256,499.8123225069803,500.3336148714111,497.0264244670283,484.197976651634,454.39597254340566,441.66822365482494,441.9841719252289,490.8121499709742,509.9368494559557,443.26910187899136,425.2894426719237,455.072823945346,425.5334282333103,415.1785171602245,430.62324720921737,429.0479258193322,420.8412404144706,427.8792348333775,421.0328944043434,407.73903854524445,399.75660533354176,401.9092110240834,390.6608364679202,341.8778937603057,357.32843261401933,391.7666462090244,349.8456960248491,358.04910893962915,363.1217728834488,377.8618619860557,387.0726262847496,398.0888164346811,340.3472506116845,351.45653348828256,351.18878594980504,318.2295540687348,328.54060826061385,315.16095420184286,329.4571375257765,285.6240520476896,300.5926745037068,256.3245142518947,285.544761112227,292.602602271414
170.98262595292087,165.7051141237265,152.01699219165772,159.15146732636077,148.07210867963434,137.73645895686255,154.01720961218433,139.223763817341,126.64171253959728,131.514064771518,135.00678353160274,144.2873911258513,131.5691068586273,135.02226667175836,124.30508570336887,124.3230040524998,127.30824089582948,123.99858056102832,123.31298539702496,124.10975012696036,115.63909109889586,118.9768376927542,122.07936816693812,111.10706895504244,110.83764666716026,120.23708932813696,107.00844053903486,105.83845944366956,115.75741139079066,115.55600301054218,123.00024720187426,123.54673002980032,116.42761803082242,119.3862524550411,129.1180615478039,124.5065232373493,123.17395464178342,126.21299971370024,120.36708104510812,141.666648580862,138.72355855004488,288.2628019621714,275.0853800029909,196.8142833344581,175.93777596579883,259.41751926240914,288.6715883386937,285.5224106386761,306.5185016076935,280.6974003935185,266.81357494751023,290.24046789174923,279.4620426052843,251.1805456707624,286.76623153651127,305.8414565040273,296.9880734267807,305.11921278952286,315.4277849445685,337.87934524275875,301.4327454831588,306.99529663869185,302.7931903237471,305.5712436745123,297.05220019630616,291.9638479064688,291.3332210709095,307.36898151202735,311.52981799040964,398.7753923461111,437.1965511061376,361.6351471450033,299.6940996715577,286.9884871127545,305.4580743739519,289.38522824365515,316.97808032849457,322.98976854551273,300.96248108711524,411.69289885441486,304.1143520130343,306.7748602593901,301.14485233944833,306.8634048002762,317.8242728876131,296.4979662042657,288.9191122524075,279.03310385464266,266.848811754136,281.25118512354896,284.3022473024683,280.28148130640966,335.8691944130121,267.5940732139438,279.1490139566818,268.2573704254815,270.5729265857087,273.9219557899894,243.48030371138265,261.22185200349594,271.56769184023005,273.5446214495254,284.56970834040334,275.38354926985465,248.87940795384952,220.5971949599736,219.53992915828456,224.39387863493036,239.99988858772247,263.1715660842052,294.55398695384554,264.1009804140478,264.63006202012247,288.0914458457429,257.2130063942292,254.1497140314916,272.21632558558906,316.60909122027954,268.4263542572669,253.0077295140469,247.36447943153925,199.43596941204652,206.1624856619636,209.0394051117677,207.9190405309952,194.7886905149262,182.73237099269372,212.6925986181557,217.4497954054841,243.87802556369135,221.26911802074952,191.1147358960099,184.22505793156648,193.70225154820207,182.62479307946893,198.5445119356826,184.33123017701564,174.82561088334398,182.95241342648495,210.52943298936907,215.33057710896293
239.6408271256083,232.00705938080972,223.76396821799423,225.0934590869835,195.04802986379943,188.84380833393544,206.3063698755407,193.3779945641517,176.28390357269342,177.8668042542286,184.78732169956183,198.8206474966769,192.71364987968843,188.98773329397247,172.78829961355646,166.83878153587492,172.85438416674714,164.9597316300073,175.4430480239217,167.4014463468136,159.47684149641665,160.57041227990726,157.65936118372574,141.5825720647066,144.09492374726358,144.86094794922116,135.18952669196952,139.88015812448737,142.66084466580804,137.9518671442818,152.1704205190556,145.89634229824,143.9772241217695,152.417806111426,153.55673975243013,142.62438381661406,145.81919234439707,152.02351390770303,153.7359196065665,167.9142625592364,193.9897696707832,332.5561897769184,292.1587986703457,242.24764789323925,249.661539141276,282.9221941609146,271.8801901321396,307.5544358332659,349.5672848579174,379.9208066592095,430.4465926104332,460.1491811715208,455.9486091920695,504.5978293935467,468.7502286796085,473.2798456265938,480.1556822712479,489.9916163995936,505.3739575418901,499.149559896088,485.8316973898076,487.25151335950295,495.885429004816,477.5506950465934,459.31860544917794,456.2131681849216,442.3053808644704,485.2336219390738,510.28182318950616,663.3388517157815,783.7498228930226,676.7155871977387,504.9710746219997,465.6938488697517,497.3473128874388,471.7812630843799,541.7909394764667,575.0830082798161,599.9149241583508,888.7658200268995,658.700377913756,648.7032072584745,562.136122069254,605.0974350572822,572.5722794420709,499.92052156469225,460.42646912043233,435.4217218166752,415.9066529408757,437.928021374272,471.044648621148,466.52901239724906,550.6267029194022,433.399699501513,470.9218102663073,479.4959117907759,440.0156013972424,398.8315884655967,366.7774965259636,382.8563925110277,372.39113021146267,415.1321913993037,388.9833396739391,403.1459491537401,365.67166085873606,337.81461559343734,343.6089337328759,331.6419778413113,352.7148018061981,393.90964107384457,392.1857170396781,441.4318923358621,411.81864881207633,349.94236882720804,338.1899827690873,354.6536161446917,387.369930267764,396.9536679318046,388.30442346595527,371.2411821667634,305.4341552101328,291.89470577614145,292.3677690104146,291.6614137785808,302.91766391620854,274.90678750316835,275.7721712903505,286.58134405595894,286.0784964597629,313.06080131214395,326.53643614245107,286.9216733381532,273.90781704733257,268.70981692924795,251.60582369662967,284.4511796575079,278.3578686941555,265.97302211251804,282.36380969146114,316.3331714704949,317.794600336356
155.19057168865572,147.26300439455397,148.3303343191472,185.1271199536556,157.38787122316143,148.7808081988934,155.3794561885683,134.48438942599807,151.38786206713073,134.29772129405265,123.74782538032532,128.12314127514546,127.83904402824976,122.909094435027,125.26703534439169,118.53713751260668,115.6275827140942,119.4797334687968,119.63668156947712,110.55789124399264,113.62998316084033,110.52115096858635,103.88855547852413,106.88761250942623,106.40906489543788,107.1145704982058,103.96292469655214,101.77909718670804,98.3565082277681,99.64588045707444,101.6775518652681,99.2652216999735,99.0480369926304,98.58044229675616,100.39010727276286,99.76407287458338,106.81618485175136,106.82676990609248,115.33892028029008,123.61701439930408,145.1562446822445,161.04009572316903,174.74709606068515,165.16826542589612,210.6535280397601,271.06306184369663,266.7720045336585,349.4073323855724,412.8185027162285,407.3266093249794,514.947861223591,509.9904839969242,483.5417676758744,584.056676392279,586.4395248385018,516.1925465405785,531.937611950556,578.8959277894036,581.036323341967,589.1853530862846,515.4586779985149,494.9549407711695,501.3357274920199,456.156598800961,430.67890487414496,436.8398554478636,420.17207734509367,440.2967575620374,458.2137503203765,507.3224688590213,480.0855360619212,484.8841039121002,438.7497052210829,410.0964870357842,448.52965954751335,421.551119245504,459.82009070627504,470.6216157087928,605.3247937750782,775.0645610659637,776.574009674706,589.7198921659825,497.7525020173416,489.879453581662,464.3616148842378,432.2908387529593,402.6773488429,403.8251356607368,429.0939626339817,449.03815205230194,459.9531233262719,468.7918291307533,494.2417081724502,441.06690614973735,498.6863517468936,485.8738450026405,494.9184697981335,455.4552107225156,406.7155353681401,418.8295635584757,411.5600350913021,445.4680282831434,436.0800144875052,459.4574255270532,426.7867871673285,426.75758242072897,435.42530567954094,421.0153812339093,413.0135425571593,390.7798092935466,361.2620522721775,383.2982771872464,369.1024305450979,362.9832327381093,360.0651435632224,366.023100980322,354.48981970441366,318.7722555117996,334.4972102546289,308.0538383889155,267.2226877707786,267.8750242780606,274.4762017955128,278.6313883710793,279.1890356856093,255.09480407625225,227.2475945053817,221.04139423426443,205.72654273443845,208.19658364344227,210.57042267917245,195.49093145835351,189.5713049541621,201.2884149713261,192.6441290963786,248.06180406337347,263.901400899449,211.12070636777543,200.4181091356114,231.4707398583827,192.98948281764808
201.3195608585173,190.68648557219691,190.97848939230116,261.6641199073111,227.93648090149364,211.3875250075713,214.74509290334257,182.5660659297254,222.1757099192693,187.86716170306715,164.66293179690712,167.2820447960772,164.02016790237596,158.90678388383412,174.2116957948664,161.0092517177876,153.6924713896006,160.43587753216158,151.2986779868602,142.1795650758795,156.55355531226536,149.42425903965415,139.3368460220388,146.56793773039382,142.2590882468923,144.58423297867697,141.04251082639348,134.66952156961028,128.73289108276506,133.68193710360546,127.32378230441164,126.17835470989036,124.30144888369986,116.60485530072046,125.85779476143274,131.07385336518854,141.55000186919847,139.82653191232805,153.49164027498847,166.271025227354,192.59714920683368,195.35010771170843,227.50820714323945,224.09076744562623,291.4884012048738,401.70523672417215,396.5382166063263,547.7003666395085,658.1395906267384,627.2641786829533,803.8408850821726,775.4609234854255,765.3203745519735,903.5043780412664,937.1072359879598,794.3301371697768,815.179147127141,915.428816358847,904.4728423605115,924.5913928671322,805.207139838902,771.538192051325,784.296343966798,708.8573788470136,667.7606609505433,669.06662124805,632.9856239124209,654.7253965259326,673.9600939603688,740.4756755814467,644.7415020231554,668.6972825202204,642.2343964892139,605.210010652649,653.7954353136047,611.3812116688903,617.4608601351481,639.5475387901396,880.3985343551534,1088.5908824984524,1203.7036299791853,833.2787997294272,716.3539656763004,646.9560817652871,646.1576272849745,607.4557440807719,589.788221807365,592.312633250023,630.8800401641964,660.7760164626211,680.9785402087556,716.5153663973306,750.1981228704519,691.6092625456549,747.7317338061838,714.508603924423,761.2066364185034,711.471825362689,618.8788318105538,639.8725994677988,637.271090350068,669.3473787716194,674.364118784085,709.4937331219086,662.0146902830645,679.568113088405,686.1808037817515,656.1858242142213,635.0073661876003,588.7112833350299,530.2082204788762,526.771317069515,531.6925070889394,550.8953139541121,545.53457103191,519.6194922319677,498.7262935616033,446.7243589052716,490.04839656661466,449.65675260966935,393.8864255951036,399.3123086637236,410.79164751703286,406.6778374271241,408.6596348394583,378.0082659857416,319.743254735934,312.26516807789,281.12439115688414,286.3139270299038,281.22036767520217,268.24597537099686,263.8660450909149,291.62043354948474,277.72490119777035,370.4790232856567,390.19404366237217,298.4071013862761,275.89312221056207,330.0904020004671,256.5738354773743
152.4648341843783,142.83860539669874,143.21814143207493,164.2383496892473,159.220028795418,149.83035606251548,154.20161391505363,149.9898261583462,160.3127572122299,155.23308956785814,159.51691081850586,159.81208460531306,151.02089536849994,146.92376510026887,166.8138648340496,153.7425337964825,154.79434502801726,155.3187808224187,141.60854101119727,133.46306061995082,145.93645778983537,148.72105838398795,146.27599896110624,137.13806905452148,136.75761925564467,129.51156700189554,121.26421255118072,118.9060244622684,112.51690889503716,117.74635126415576,114.86240612850014,107.37049747609282,103.5750626686963,95.9150538049899,100.2393919516207,103.71244414970008,104.67129371268494,106.32369330305868,112.4481753046891,116.9657792666415,131.84135833932834,131.7319929754907,147.6947879829067,145.2588641304404,172.13670806854626,248.61780782972525,250.6236051711458,312.4201536921504,342.46481383233083,346.0864726533311,412.62128190657313,393.231403731981,431.15642134820655,459.15626345037776,469.20962909407126,410.5759261378562,425.4423663200687,462.06766034989806,476.7968135901822,482.9745339834005,448.3350173518079,442.5346643337182,451.20876270119226,405.7162774724159,391.237755164466,398.717007710131,396.4187592246847,414.0094912875773,436.7489821729576,446.97529072848033,400.198165861813,421.62661179684216,413.7513148029312,400.2373063692728,420.1018834414148,404.5791031522928,403.8904363293359,420.6537812914167,500.0033772616287,564.7286919240195,588.8436236048733,512.0719639994651,504.61063771994463,467.657344042216,439.3148575455017,436.32832357598267,448.6979914560577,420.360650987026,414.1345787289679,442.8799303736437,459.4434421900189,488.6621488041711,477.20891766920136,445.7729064216328,481.8588997674598,457.62783174525816,472.9374153958019,468.91426856354633,392.97297289017496,404.5486320145218,398.2372559169114,426.0963160861939,415.3965983318875,410.6776784666818,401.9923556449511,418.8672592154815,412.9800102240541,398.5119676089665,404.4027945149773,392.44569832137387,351.3431692790591,388.6461846796423,406.96394770595873,367.16288343938106,374.5150450114945,335.29463882497123,327.7127500264067,309.1699278003513,326.6400071932239,299.4787580452058,279.4597873678737,279.9729872803714,277.34017268143344,266.5718450934189,268.9016797027875,254.452776857502,233.61957131114764,240.2833111573821,208.67625712190733,214.6880473384147,205.9336523470952,195.9545937836752,196.8485005566876,200.41845894480457,190.2178757753839,232.6032993322065,244.1952928796994,192.4842201220834,192.5991943972901,212.37814710100463,184.520540442674
155.38639543819525,143.54534430032965,141.35327974354612,140.80005510056372,148.2408886635934,143.73397558523578,147.10968881809103,146.4165199645398,149.8277625792252,156.49185793002775,163.73214096178364,162.58924256239237,154.43987017454512,148.3055076409938,169.6183500939263,154.80543769162347,156.50429565405102,152.21062545450758,144.04989226043554,137.5390523249162,145.9531962181651,155.00372054766706,153.2659232920421,140.83230695571808,140.3885125283193,132.12168981492476,123.61759845580072,122.40731009658934,115.41352472418237,120.55986900772588,119.53794491497402,111.50055766841324,105.37328546430064,100.41165703642528,103.90854285753964,105.01721790848003,105.14393050428676,108.30013243059784,111.05540269765596,116.40381786362668,126.72714153715508,129.92099568551345,140.58165826309855,138.31252615122685,156.66412642119113,226.809229364616,230.4473681206893,267.61543513494945,276.8202347324566,297.3426198696909,337.43833497125024,330.30209493940947,385.2230555656468,372.7292597979985,381.4270936992484,358.7208800205955,376.6167236942006,392.1779397370472,397.85880863422585,395.3318913106251,388.16691501743895,405.7176225135069,422.20470622858,387.8186403143293,374.9490690192079,384.8227607277295,383.80244433700864,398.55480629378974,439.8102903904447,419.00035170838805,390.1858496453462,407.2373548200995,399.73520557143615,399.4250341901023,413.4663721804181,405.9873174889841,396.2087314732131,408.83109246547946,424.0582317376186,433.6116160421435,420.3782114852368,455.217085429683,490.96575839599376,480.0233173142151,441.0126654419935,441.07763358121326,460.3356790134013,427.8774289784421,409.588415540081,437.39651689329673,452.5420876506803,473.0331760624844,440.6233435446892,421.9888923239824,452.9470309624383,436.1303531650966,435.8062391930631,442.99368547263225,377.6293831159856,389.3254763022524,392.0482467006312,410.5047860735952,390.7040117961581,374.95817729423607,385.4344200462797,414.7503112364306,399.42661700329495,387.3220681450848,412.86023255679,413.9456278809063,370.93815648949226,426.1413280378742,443.00957725500285,369.1584619172591,384.0479178287562,325.4363495099918,321.39894112632817,313.271766776321,308.38198406266446,283.7275764812064,281.32349728538634,281.66052347406605,268.4479296160658,249.20282340322515,247.78903110547677,241.42028972921736,237.62195869834892,239.81481391118805,204.396644613234,207.58764233278345,198.630228357386,191.26893299047808,193.1081441988789,185.5088927079211,179.10682480929995,198.2522054954748,206.6921413986473,172.61222115812652,179.5086808903546,183.9615790328233,173.08757029403654
229.55900674709343,199.2104820345203,196.1872542963607,193.13338726374664,205.83708301144628,213.32859553278504,216.43243366157512,197.91777091624607,198.56863439198088,202.78237247545448,195.09606543508116,187.5393391383761,193.38528036151277,183.33190425448407,206.3544852144741,186.66941121333144,182.0949702383381,166.78167554164702,170.427114367776,161.6805232815994,162.63084426264973,176.09824047557564,166.36421762910433,162.5731198319862,158.92116105646656,154.6680205094843,151.38152670402778,151.7184713031389,145.00573881688496,151.1370029489482,147.9391238807972,141.77164907822055,135.36346320769462,134.1122918370798,147.49819730107924,142.18230786049963,142.45219979158043,145.80595245062224,150.30126063913258,160.00798153148827,170.3677656131843,183.7529100250296,199.51026699857164,206.2946626939528,219.7373237875065,291.84586733237785,296.89062864807795,350.38851617636504,366.3257804304575,397.0113237216392,440.9608767151574,443.3834279445666,504.2499443958532,514.1625207571196,521.5735820143908,507.39785432475577,531.625785557663,541.8288225527655,545.1253476912423,557.1898674332809,540.6189960871294,572.4932940109275,571.9836499329152,546.8676040394587,543.2305834975751,590.6015734497346,570.0699227480661,585.0428934156535,624.0570589721539,618.9601147552765,615.435343508742,599.0739498586574,566.4852775933225,576.7579445755458,586.5419653758619,594.5234390551326,579.687314972956,591.742789472069,602.571741627299,615.6945181127617,590.2711143834542,663.6517758373684,689.2237355402293,633.7124686881151,599.8066768687299,592.9297513705457,619.4380553761829,585.3545312143276,588.0891817181264,597.1782423563642,623.966817216425,627.9292683007652,594.3392560906863,587.7595729183639,609.0368950195907,628.1987538696487,628.244027671191,591.8350328377226,568.5008738456557,555.3292926452438,602.8861736314329,602.143302695841,568.770973691634,536.7501895259608,543.0260771997116,626.2604607697518,578.638948940603,580.3511068115071,593.3184186306827,574.1905730165543,546.8803034830818,572.9417924014951,584.4889474699962,490.8655641166793,509.2753506561475,459.8091199541966,462.8982861253999,490.7551760584974,457.2287274585738,416.5764440138597,409.42641678711936,409.225909267057,378.7006553517529,363.18161440572175,351.62739960117625,344.4759341371693,377.35941380100513,350.9652185396241,303.2443623300744,304.72136166004947,296.4466497147341,299.9094264883876,329.66437161678704,303.97780435390484,319.3919088668583,324.1959404860244,312.80593353814095,269.8524740538084,280.6675808077882,273.2851477836187,266.9444953106008
316.09354722690205,286.6353380417494,290.1493301885634,301.37011462911926,268.90474009301465,271.8147695446615,290.5971717578376,261.87052471053386,257.53354936364025,252.32455047396888,234.9042569156605,240.84756618911985,254.45529927600617,223.9174305365605,283.3797292833991,260.5506000144208,250.23280270154603,226.01536767807244,225.70696504216664,211.5383204403737,212.84357552968,222.16607902041312,210.17071103829716,214.7252407264745,210.27190851350355,200.7348101897265,206.78140707800392,210.48713002946693,193.9500881014463,209.53510781337,196.2958003299828,189.71850258528443,198.0922580069886,201.4217474837385,237.65448864614152,220.25106422900944,214.4730085940659,211.49530230609776,226.5726006369737,234.0983053523321,235.43856034236535,248.120000340646,259.84181457990456,299.8511858448017,323.370875190423,371.5693853072517,357.08682924067,424.8612938073656,458.3197851210858,517.0232960888391,521.7008141139054,527.4940231654872,558.2267964175759,609.7669339080388,633.5256728812922,614.2343573988205,650.8483792519166,661.4687869348473,655.7255808833611,642.4219496656233,605.1365113145583,695.6303846664434,647.7484154425139,645.0116784348121,656.7352417178356,633.8883876628182,633.7528785851244,662.9534984141159,660.0691717324646,663.2731689824274,700.2634227839546,649.6496479321105,613.8520571900796,614.8258903606712,644.2458465995053,665.0875555734785,664.3603483389664,702.1082497883211,702.9439605262814,751.7295519506564,732.7122883988172,807.0011624091114,827.9064861797947,744.73278025017,730.8431443458682,698.5015976570932,718.5678010567474,670.1341796396185,708.3566320194491,659.0547111755488,680.7214183644361,650.4562930243903,633.4557182391163,647.8006259596073,675.8799696366921,725.5689459073761,663.6528174372892,593.8766823247316,660.7441176654858,618.5396795131317,654.351689036113,619.34976664466,615.8002880386659,600.5840512899947,600.3891311570231,627.7464662252312,573.411986377225,628.9758549120232,646.7989881804747,680.9995432380762,782.5985763999373,664.7373350800266,640.7304724387012,558.9766430403408,558.9485348257341,554.4577928553776,567.8341909172296,570.5588764418709,602.6906149103434,603.3261386774808,541.0855039218932,556.6857365771353,514.3244402250473,517.3521749234822,503.1657757127168,499.32750914100586,562.9941180266678,487.2166227569843,481.487997582518,476.6828912150003,485.8400488737768,479.7086535762506,531.9735145045879,494.3230323703797,532.5378243299857,505.7113442986241,457.676739347509,457.1533050644484,512.1072211470599,551.0922251655983,605.7629646014213
266.7964944731008,233.49673538755664,237.7157019735493,241.83019006702727,223.6833015741349,222.38822815303357,241.0704192601572,219.02841980774835,222.3199378239655,220.63391442794804,237.7729949271776,221.0138274815997,216.2485642108626,186.83633776826943,225.87386985845276,206.79990918263303,199.98157201808996,182.02607258410515,187.33196933649592,172.789865918438,172.1887688118191,182.8768016676248,170.5549447802718,174.05398285987675,172.43380165389843,163.7934598825307,173.41383201300846,174.9323367053989,166.0378763811136,178.66706176387524,169.81425200960118,168.72481427824886,168.55696122213854,175.27428952909645,199.1193528238615,185.71657058996524,185.67486491210835,181.42956855121813,190.93806082497457,197.4722802636494,207.31140838762883,214.7917073242662,219.98734021648443,253.700784296962,317.6034582016924,326.7951354341753,322.0952655875704,359.3023163324462,389.1480321337452,435.3339003339197,433.1106820815463,488.0653221447312,483.3557733439201,549.9504324527359,596.2401069279258,572.453032783459,576.6242191656986,567.5505500762334,552.6998219857137,552.8871760834624,519.1215558443681,578.7054855747413,548.9544857757813,548.4165903315471,564.900817022314,532.3420569616561,557.4254525264425,572.1788814337458,569.9465429121287,584.411675921662,612.3005437980056,565.1007509054677,541.4070188159751,557.0607490757482,557.7554442317122,571.1490101581753,559.8696025911864,575.721730172548,581.4702814309164,630.3718225767319,622.3266865415334,685.2923179534657,690.2012978106449,619.6763793352003,623.3338262487813,598.7027408198938,604.5611236154384,627.5897520491129,658.3396721909775,572.0218941307479,623.6795271029889,573.7126849549547,552.4116631211035,576.5385241880584,580.0512208310546,610.6869142244075,583.6288997802978,552.5656562105943,593.0351397038633,556.4768961203333,604.6970968430468,572.6012999838556,572.1105101862845,562.4930893708984,561.7047428780616,576.531490950561,522.2321308830891,552.7709917568403,550.4094797454309,560.5127807111472,646.5081488670946,562.330190977953,551.55144974849,498.61396648328406,494.9582927883429,540.366448598583,523.2856193682314,494.6479782218896,516.2200593114673,501.0402251280437,450.6518971092209,472.6311757758068,468.5214236377386,445.222320845801,435.8229347384815,431.7090334642185,467.2249576224765,413.509088985254,416.3161544116416,409.94341361127726,459.1294601369916,452.4829917160128,456.371799275628,418.9532847827553,433.8177379825185,414.5521674734022,384.75213946254513,383.6799235095472,421.7969629205677,442.774101925245,474.2115453139484
563.4627127989063,477.8908807783349,517.4073355164984,452.526423578042,398.4683757494999,386.9588856594388,391.27493472824005,361.8869544422733,366.3267124225672,363.7722734316415,374.5456196108089,371.7244413456903,363.53087863992914,322.18981778475813,339.4376247318473,336.58268244350256,324.5763422802157,322.7713242966328,314.2567705282177,278.6606310571356,270.9029553717203,283.6309800476069,271.55508248933825,276.221593455826,276.8461593684232,276.780357991369,276.81911089013244,275.54646984394765,280.80090330275635,296.8933973539245,304.01335496261527,297.749983473183,273.82557289568,293.65682059615546,306.3514896585765,297.8388732149152,322.8196089883812,320.5291986957465,328.962395236047,353.5817325005645,374.49039600483337,375.20027048828376,401.4420634445461,435.7158843637891,506.2843893243881,646.8076448304146,706.8792132782219,682.2753994682332,742.9390067834037,908.9983493136516,1002.5294939993496,1031.7595902392418,1034.744737780174,1138.188019432907,1319.085506975075,1320.2623972655138,1356.827518532402,1410.9222886850314,1399.6623976426283,1465.3858274124025,1550.38859172334,1675.839594601801,1580.7835911389084,1632.885564732606,1658.8211252666613,1709.8938378009389,1755.2358170139637,1777.5980142837452,1885.3485795715185,1927.4296415726587,1994.681416756898,1771.4586626431812,1769.6089917494637,1771.3186946121089,1833.6763923083672,1837.313970140384,1777.2475946185857,1758.3251225846325,1833.6517872087536,1780.9942658082923,1744.3821975675733,1951.8928174841265,1894.9938921474636,1908.148109608664,2203.941867987543,1836.741280079828,1775.551554941333,1671.928206735396,1724.5153239036686,1679.2784391070354,1665.6102227078609,1546.231788121658,1472.4808185095872,1417.9566559615437,1475.9748843144037,1410.00438901113,1427.0192459109242,1409.2361521681332,1343.7002581892054,1319.7476826841337,1496.3322186596574,1508.563320896207,1489.232991320412,1409.1065079771722,1389.1025310490872,1476.6341951973295,1369.9909238781634,1380.5631245420354,1235.5526176179392,1137.6774595215445,1184.6544332387384,1145.923708588165,1203.2300153200915,1048.0567938943193,1008.7344018084476,989.5762887418898,992.5567853893214,901.268930117218,902.0641138011404,810.2344752907513,776.9464409085111,816.1355492358845,861.9254727729331,745.4304582006149,765.1066401338826,788.5712155174823,725.5687403926058,690.1967408456542,675.2862733300478,641.048343274457,767.332916144465,778.0879811297204,717.4998814739097,717.5020308989695,680.4840527458726,678.0133047161829,669.4984775988443,670.2696339896783,682.0114663618167,738.7791645011079,720.6116908450404
445.0040719495703,401.607166290223,409.22051237453417,343.62524991943144,313.0404901966923,298.804806781851,329.0729357180688,296.26789878276224,298.5638676917125,278.0549439554204,266.083724849022,337.8048564635926,378.1229715895646,305.24334349163195,283.472056409449,250.77925379313027,245.21246890789251,241.46095386817825,237.0177090800937,211.52479193554856,197.6375045041576,207.19895505511576,209.32584927378295,204.105411378082,196.1993182451611,212.57860979884268,203.79175700590804,197.2419980004877,222.9639253266205,222.60786874113288,217.2066333746843,219.2619154448733,203.517720513286,204.7663613443445,209.0561780720761,209.11663689963305,221.56293747198276,231.1851944785738,235.765386359732,229.5499141765568,274.444524188567,294.3939651838351,321.8780172785137,340.65419161087306,360.71002538886376,399.9845505633693,490.88791263445535,530.7844749900246,589.9068852772785,808.0713769333933,951.9382384913602,911.4218857649796,909.9407022949188,1017.7441174417816,1261.6611576998173,1232.3599065428484,1272.6015130011992,1401.5448720451443,1370.213056792721,1476.7731655108628,1588.0481475309289,1720.9355179154325,1627.8515402059186,1689.9214090247438,1725.1616413214665,1785.4671297268594,1700.931785256768,1657.742583838366,1800.8612403147956,1825.68378499446,1836.407416759064,1686.084627720688,1708.0022840230952,1712.7264099606714,1760.3415519041268,1771.9341679917118,1673.923698574828,1655.7157339540483,1698.610563453204,1655.2209517156202,1608.5284868140354,1590.2952426136003,1476.423384602073,1414.0133915396118,1468.957511382962,1379.0843796709355,1424.2905905745038,1342.7264427027278,1459.064600770471,1511.0184281986103,1477.3757174535135,1406.686841090862,1370.3520807976522,1299.115690376948,1365.3801313846309,1327.899915270115,1351.9770150884667,1321.2048496313064,1247.2201686893225,1234.1173217342905,1302.334101194779,1373.4884362239547,1307.0421448740128,1321.4876681816856,1271.2106825419355,1318.8621202324318,1177.9512842961492,1091.2950998265196,1012.637327698741,953.3699026084846,955.9974101965498,991.5813616640852,1074.7157523359583,919.9873686017662,865.9650872375195,797.5179147241028,816.7936105855235,743.566535820404,710.6550380774419,662.3054809464784,651.417446428189,651.3769973403911,618.8285686926179,547.1255130997098,550.3075826193037,567.0976337895079,536.4261168651723,516.2931204491929,520.9658234554956,497.2545826045452,570.7278451362322,585.779983186591,525.8631235600816,512.4428109168318,458.9160836506844,500.7508379193076,491.1205562953595,499.9604757317738,496.31995372239874,511.97655459441097,475.8096858239745
508.4226141652972,545.9570887957959,501.869440765682,413.7140888290696,381.4425407278511,388.47161595967617,467.5267006282761,410.9882716457199,417.2311175576063,361.5482457093548,326.0844198946916,501.63522398441125,642.4402605602767,485.6787821792814,423.5087198628119,337.4569475664498,313.6784484193078,300.64190905363904,301.1279226272816,280.1086614236001,268.23469110155014,282.7118871945869,289.9156376765377,274.25908448255404,269.7062190658363,290.2126537780549,273.25016242098104,263.4513071084644,309.8144674575413,263.8354858766032,269.26527484903,270.53830687435715,256.66210169681545,261.03584573896103,256.9516629823019,287.83385102420425,285.36330360368726,281.41455760029066,288.64887951287733,290.200661723284,349.0450565310334,386.39787856935175,437.3869280219419,464.15025554025135,453.907443105372,488.684901353495,549.6562499051415,641.4015346611595,738.9161962794662,983.891388182416,1092.2425335341372,1187.2319374202907,1234.0712769412737,1494.30413596396,1884.8562276608832,1841.30084145352,1906.8607415119943,2052.7394892359903,1973.8936461582016,2074.7918096070703,2154.2244301913174,2179.931226063479,2112.310137971522,2249.016883851985,2373.5558263581493,2318.654156041137,2224.8130819050857,2093.667222494764,2122.8469936342017,2085.5658694442045,2024.018586857637,2083.8826237134845,2150.206992112634,2187.5124871829985,2232.6395803949868,2356.7179058368697,2164.081314004535,2176.4085661555328,2265.694193698947,2405.469907235185,2380.653418534159,2316.5181176618776,2115.968707929091,1878.767949787766,1885.864560695791,1852.265105161297,1907.789540912201,1874.5502663420564,1918.545422442925,1898.3033870240808,1961.422891550952,1883.0540235485832,1857.385375490899,1824.3789756449485,1848.3426960832544,1861.984322509141,1984.9395613675636,1890.832669447747,1809.020998870137,1769.7069444953522,1736.3232739387822,1867.995938337078,1697.8581430504337,1810.1947624018285,1763.386308726686,1724.001332073476,1582.2452037390997,1568.072603148078,1459.098283072678,1404.0605866861777,1352.902954416032,1288.0676827922218,1357.4139088667766,1251.0312704347402,1186.6667768843745,1123.0012719508811,1080.5771693212284,984.801567645088,926.0470387565288,895.15609313417,899.9679168799538,836.4318650093521,800.8272398339661,693.9461299530518,658.2510663624478,600.431414484613,583.4601645403501,556.3011458398101,601.1772819747331,610.6193711776783,695.5646180590547,634.1349266988486,558.5766544078131,545.1509702455223,501.547090415851,511.8653662993592,484.6924858903276,509.0633700811459,559.4920635592613,527.8412672301857,503.7935837459032
200.8112976951248,197.94222366349976,214.2098437136385,200.74182822314836,191.5959076279087,186.30812688720215,220.13367876156187,185.59079554380145,178.12934318575554,170.76896409264162,167.49617433371392,176.7487478944572,166.34363199414688,160.90477749144534,171.0611482902932,169.39920741780892,156.66525008606587,154.7448685815301,150.5734124911002,148.75984601128076,162.80159577962604,155.36268520461795,150.33396792536882,155.7633829126772,154.79246869493983,150.887990379209,155.18120337233296,154.6099040018221,151.6651839115549,145.50733210966615,168.09000996794907,153.99265512611208,151.47619729251278,161.76569033084118,166.8006240001289,261.63621864085974,225.16187609442832,178.6796532069883,178.5683735623945,204.33271013095535,197.7246582290064,238.2525180781171,241.1786893520585,297.42891732164765,311.06811540070635,323.23148935660646,371.9060553864725,427.4440469942876,479.7202087085398,558.056827663566,628.2309441435243,727.0764291376352,839.8826097642625,1021.5675580937748,1159.126611733924,1282.2358308585292,1295.2939832636769,1313.7725210739377,1370.8675399714832,1343.3533513871123,1376.1902251931224,1389.776421215643,1394.0737085281771,1430.0261055840544,1464.4970016703394,1498.571151904985,1476.0976232858989,1597.0413853089335,1519.4175794095388,1542.249195553216,1569.2791632321478,1558.341916783857,1593.194386111203,1595.758356407319,1547.2738056137125,1593.5726319470211,1472.4859279701905,1514.1830158251787,1625.4561935580437,1615.7726183774075,1628.7723296079805,1676.420432541869,1902.811719033165,1618.197646303685,1561.6422882199342,1695.2147694224568,1701.2809128093777,1645.6435273087086,1681.214378799487,1629.3587315771035,1513.9144719922392,1492.0446431505993,1511.3436867129487,1531.6818556664837,1479.5553997934385,1419.9031209497623,1437.2406334485686,1392.8360137759942,1358.9399415152077,1398.3471356737334,1309.4805938018712,1379.8616070155767,1352.8749981332774,1355.823558629601,1334.0721050028203,1249.6343526950438,1172.585415567465,1135.6436594297163,1127.3196626619756,1108.468273322187,993.6265995526408,974.0881063009848,947.2572835447442,899.6588447712157,836.1618461322512,805.6419523910847,787.8129057719286,747.6421310076557,680.0789443805243,664.8370854152466,657.0722008773536,643.7576543144656,580.257723875577,590.8127794321897,594.1911277972637,531.4473817807665,467.7500023980344,460.77684535504426,479.8654336163484,421.4685046492886,511.079098750334,448.412225277507,387.6730670293831,403.6724713779713,366.6224685400193,328.2187251185141,315.3217002430787,316.1743036994168,334.75225280329494,336.22437390640783,347.7230489577212
121.9188168236646,118.32583963784496,124.07921352411496,111.74190464845604,110.1349963120974,106.60019922493494,117.44649638443316,103.37114689142548,100.63912904593884,105.86170068294086,100.15656156869676,97.4726607298914,96.47057606321508,93.9656062640391,100.361886561991,119.08809374303428,98.96578577311442,92.85209305713228,88.07968017511992,96.27044108871368,103.3198995002314,90.96374495133374,88.89401281358262,88.94166442739785,84.73924220939855,82.84745935480863,85.32793776728417,84.7855599001369,85.33834918122366,82.28127432173595,90.80645189430932,86.79973108998743,85.68501151576793,89.38584963631422,91.70109008674906,131.64635139738536,116.20707864918916,106.18525786779588,104.33986678857131,118.48690145720508,114.05701654432625,134.63073201312912,135.9454399736373,161.85465316344585,173.9853705989708,192.5450153720935,216.5546333359996,247.7050959325889,273.8170493904135,316.47522482746336,368.5384079892582,428.7640883110315,500.7846153995093,590.0769046329303,671.9009942128929,739.1340632319765,752.4662257815161,767.3377309039565,808.741733295135,817.6737482224048,866.173198694966,901.6370427235428,881.0925104887981,872.3308656908296,894.3144755669025,924.8271675924096,898.0596048036381,1003.7089148130804,936.7385925436632,932.1537450291444,951.387590839836,957.9648373105372,963.7419106269732,968.8856795361947,971.62598883201,1109.2432101408792,1001.60887822128,978.2093538619504,1024.4483591806743,999.4630420276264,1053.2239394944615,1009.9604946658964,1096.4248273461274,964.8664744241504,928.4055688823732,978.0248968953556,980.1403119185584,985.4568943803816,997.5663838561696,1000.564835648177,933.6164528613732,895.1120854914205,889.3488065380633,915.4499396914632,866.3435451619249,862.5937088120713,876.274842205184,894.6686625253822,858.0008033482751,918.8705277638808,825.8736769142663,913.690971064924,897.2802783953114,889.9892020902231,854.1166464245331,799.2233121379625,760.2816139848096,713.1289650887071,693.7980619172474,657.9661791077745,608.4901722325053,592.4792042753315,584.4853980075615,584.3005574573873,548.5992715338613,538.376354198526,505.8648773281536,457.8386278105759,461.2561580193304,441.38006920697154,427.0317770637423,401.2412963391836,360.5891895583389,378.3793486347773,392.92669170217977,352.4701017408652,322.7534626998832,305.4698724663979,309.805689646642,269.8253288411082,315.4905610090984,290.73958116142575,272.0067040243805,255.24701307629763,243.26544422206172,222.46889874307723,213.12553438670267,197.10482791962627,221.91753443876044,202.69137720774947,205.57582572644077
82.24658782055795,78.72259263138609,73.238843655264,64.834382699244,64.84367175942593,59.7668314292672,55.611729429561,54.33406882566356,51.04797745971016,53.46462442721708,54.690321598310696,50.69541528138868,55.94522724336235,54.202201998613056,53.02057637076202,59.12172830035133,53.726159879632384,51.43409876343715,48.01941020093896,49.99433654479465,50.03105697049314,45.26552571964574,44.63857020935546,45.49433254630506,43.96030301077173,42.67521311820492,46.00151595705319,44.21623226869924,43.12484028367007,44.95667024145554,48.11075383401821,48.19778876224202,48.99822115096276,57.97632963969215,52.56917899688533,54.22280134249975,53.38476139634667,53.99616154408309,48.93830556939659,62.74064346887021,65.634951164138,66.59613822400414,72.52323279188879,72.49966360586872,77.26228430904162,93.2556913209258,96.17240717221246,115.98830444817622,129.05623170578144,140.43534228515864,167.37890083214285,189.6401379372957,227.6466085305147,238.4137809295058,252.08852745766137,264.4327908796034,272.43621687463616,284.9617257501559,300.5611357229192,305.2035344800624,368.3962720501316,329.4969771441052,339.1679479275027,343.5142706467564,364.38639260398105,346.7936897658002,337.62939419938806,347.6531400110864,328.8411377939806,318.5568394566825,321.93616327796747,336.11378854546206,317.2517266592295,295.6463647262844,336.200992170304,368.7888051671217,350.15829801833587,344.4192389865911,370.8901921424192,358.9848911677259,418.6366121091679,378.5231450180644,331.0123250216759,337.1704089013075,340.1850946014955,319.82729067295105,340.2295837826667,354.5922619752092,331.7724230346943,333.14007307669425,337.23308066775087,341.1977449530482,340.31816283070214,348.4211324881767,324.8869114407596,333.3269454475305,327.0785286155175,347.99233498158554,338.448021692624,354.3896132134838,327.70016514609165,327.9696207520286,341.2957660872476,336.4695642149032,322.2895496567461,314.85530079954447,311.2214272716397,304.37574163736,298.6134979264984,282.3069048840444,275.6198257116356,281.4510139394018,265.3624042773022,274.2552214562142,267.3672293730384,275.32934160370314,342.85858101771043,281.1069946560243,272.1744882154639,256.0442991546892,237.8645710354491,215.8049342672697,197.5407520219394,211.3866212823468,241.04766832497597,216.48363713796493,193.92521490981508,177.43506932491448,173.92728973469335,165.13639130762255,178.72247326318873,169.64359698743672,159.1898030865076,147.31518462512278,158.2296330555156,166.93142826887512,157.48784147121663,130.88647737060109,139.70604967845526,121.88537387710402,116.55753423365512
121.21671725895688,112.86202002810651,106.13930850431856,94.9327022221237,97.13174264836633,89.41591573378716,86.18567728004666,83.38607146548811,81.08721208316432,80.72354132319713,78.06778522076063,75.5671183053846,82.0066230306737,75.8762579281996,76.26527846660505,78.0457550781061,75.07039934459308,77.89861930077879,72.67434485598824,72.45957362556473,73.50435347936164,67.67114380972158,67.95868441804421,69.27095285372218,66.44780963461696,63.852684175511,69.806448212575,66.85548813172906,67.24347307532733,70.29478966670435,73.81428714949956,72.98059606557607,75.71714107889497,83.22916737015605,80.65223120927872,85.34570013360785,83.08825664250946,85.06925690521523,79.62036181352167,95.02748396845055,102.77749924567784,114.2042330161305,129.12541616882365,121.65385748850706,127.0260749439754,152.30121658614198,156.14335945148278,182.82766864577192,201.4640833826625,215.47653161085717,240.2905010589625,274.2226610058284,328.196898771741,340.59929568539457,346.3947334414957,360.13255200818725,366.15974438504,379.6385554418754,402.709403828518,398.44450311028913,461.0709189046451,402.0006836046402,421.8374248338737,442.1182183576455,460.12619164663175,426.0718745498247,426.3481462259355,425.3457867172486,416.38701829925583,406.8113508638611,420.8727614385165,443.6635064182432,420.3684474731713,383.6172686399489,434.1127361110825,453.4402724967706,441.3084274316437,439.8914208614402,472.7125663364103,456.36683987445656,507.0409682287692,473.9397716496761,414.5904079632577,424.8660148696773,449.1551710810661,402.18405525961344,424.3622202782551,435.6885307772063,418.7940343139866,411.97236571802966,422.1264996925291,422.4152167666,429.9643138927394,430.45226120371984,408.6341505703261,411.8615721414454,412.3567907722168,429.396947490388,437.1218713398584,450.0635034459974,419.9662010370837,404.8375599332214,414.8521703107702,404.733653419518,393.8092747137005,395.9562287049305,389.582294757659,403.5788753864008,394.63354066574834,376.3382251050028,367.1562034490419,370.7569716314109,356.0573253373202,357.7342800223175,357.4180866478704,365.9197750972463,443.26858099547246,371.77821841506966,367.9531339334195,335.38419237209126,315.0044914468649,291.1449463394226,270.7890685535225,290.87417851507,321.2024843298143,286.1678331454694,263.69044182649776,250.97348857672543,244.79231362389453,237.90345878438757,244.88587520875595,235.9573005011236,221.11005939291272,208.3700429711004,224.81612817474672,231.70852422508864,215.8235004748975,185.77430243336056,210.87838827330611,188.23509227532696,183.3557843315846
392.0990667253016,383.5982148903354,379.87120778612905,353.98234399981754,357.32853223681684,318.3125728103878,327.8151692603848,323.45321390557893,297.76201559865814,337.0953668116227,327.84829091937326,319.2376789351228,292.51380709086595,254.01766040478103,260.6423917044245,274.7650245065875,262.89231625057886,283.0468918659408,264.96430636385435,253.79195257600884,273.4195503197417,265.354087943998,259.0361566263007,251.7865220762847,246.4156202450258,239.74176305456572,246.6546654746346,241.3086181598711,231.55451274265087,226.67090340745528,241.2600911277041,239.5446362718892,239.37683590432903,231.4354415147632,244.57049167204957,254.59252100638065,304.8191462479903,291.0501073117812,264.5431670278318,277.6125270239647,311.14335411219645,344.4193429265561,379.3296501716397,366.6948067739372,403.9199968065625,475.6751346995364,506.8510423118937,559.5955373344023,618.4975467368354,686.227824419052,691.5974046407832,777.5067397101424,851.8817669550072,856.7700277128662,907.1677268496968,986.252911341241,948.5560613456764,947.057412010914,937.3848692753108,884.8812325628189,892.2179042513197,844.999752673172,883.3442724110778,1007.297015882639,958.4558000512416,849.8913480962862,895.2848878168118,910.5410108313924,884.8692311246266,842.9029172603475,883.206843265417,893.029059201099,861.4090056830812,816.7454252646814,880.7001662234011,958.4786106396816,896.8111940087484,914.4483478277278,986.6510602683452,948.201896343954,938.0248971947568,998.0946716711226,1012.7178811921324,962.306250837682,999.8379953570752,877.5312502275572,852.1828178434624,859.6042763987527,905.5716234073388,924.7245695863912,899.0305000876173,831.5902264207716,877.2319418044608,822.612619723629,795.4221177748689,761.1363803530661,890.9405625252145,843.2916800030815,906.5300062060968,936.3009679361064,862.1104180179682,842.3160926778573,813.8076552984916,761.2737572631456,729.1075339491833,763.8036898426788,740.8062592496333,825.5389214724233,840.1116363881546,842.6958652736835,817.8050814716439,800.984963383473,796.0234950785473,801.0258126650119,804.1526472951763,801.0765804757953,768.80759210321,717.8506717828625,836.4911612031966,744.7277815468035,695.8856745891868,721.9165124618665,691.0823811157205,671.5345320391592,705.7066538352066,618.736097228075,627.5860667710336,663.792078172383,650.3654102031143,644.4214310344378,638.8604563357052,621.1180634294063,579.563820644193,597.3492312531638,633.9741884856943,632.0965385533215,584.949747150923,575.8695201066488,651.3875898188905,702.2351091817259,649.1323002531167
745.191176485032,745.5532637163515,734.901190767184,688.9998104777296,687.9946609069603,602.0331115251232,623.1094040478412,619.8984366203547,556.0058563786865,627.5325367753121,630.5659314019101,608.0697475811772,563.0468791302567,515.0202446105914,542.6983168906254,551.5928347477773,513.4856182720157,532.6925739936992,499.1519172896114,478.43912536158,514.6930927627491,498.3670075339719,485.539384267866,471.3945756166629,457.319614464336,453.5125507412841,454.3562771126061,454.2422282018253,431.6326715946024,416.57978019650017,441.3409829036702,445.218641247091,430.6253376528296,418.1976781332952,448.7461151699431,459.33644962550346,556.2325064292596,525.0275761982418,474.5742979056234,491.9027023275848,575.5090025442759,609.2429244738723,646.9352846749024,637.8598266080428,723.0241168889156,839.9234883961824,933.8706674097066,1010.9514652241804,1095.582961656129,1222.0189387082391,1228.869311336921,1354.5433143801602,1436.813369838412,1454.4441172755344,1590.19523320521,1724.9893935034347,1667.2548961992954,1649.8972359441348,1599.2447948221186,1511.1760254955802,1500.63371402171,1470.6614023351317,1543.7722975557117,1775.3718553335532,1719.536491810799,1500.8187426585366,1607.444583842071,1606.087747921801,1536.617760283124,1459.0790030950575,1509.5460863892872,1504.448898896191,1487.9482696620205,1485.7539107841112,1552.3596810557767,1652.934931932362,1549.2403570727065,1585.3091080421711,1715.4023734857624,1641.238948072462,1639.2527734990542,1732.6560967548826,1803.995027592541,1686.1846703707702,1645.865089755845,1493.463129415902,1468.400012486148,1473.2436375582909,1553.898891935267,1590.1593578596444,1507.808983958024,1394.719665543702,1466.0678085631023,1362.7682034552504,1315.822973681924,1268.5227321905008,1503.0551723134197,1470.0830345754196,1538.6840637101589,1582.9281317080693,1502.368790643738,1439.9738167987844,1399.0131338075057,1310.1418012209326,1262.2059763058185,1327.7205534345674,1267.9075159834106,1331.2832952251877,1412.7273920918146,1408.1076056877143,1350.2768486086406,1368.5882486944993,1344.814344812139,1369.7682770708134,1391.23263153188,1384.57657685914,1320.0678108322973,1250.426726708967,1423.6964819636328,1312.5615470450462,1219.6635202515326,1286.3145155245777,1269.2191290772018,1181.5364775405444,1237.2266514140065,1142.87546465345,1154.1296587724105,1237.4724845408534,1185.8042015736223,1215.9021513660712,1180.0462843488592,1139.5063121866813,1052.502948174195,1093.8098062900067,1159.6197766557757,1169.0158661085077,1071.570209892978,1084.4631718363096,1163.709419609277,1295.511199594563,1196.7689641619806
475.8842127994748,451.6172315384991,457.1003258068984,454.8732919290623,433.2080933308033,406.5280812018108,397.8623418263254,410.0217744188991,400.5061818576351,373.8193503603458,382.9761656379068,382.56487582397057,388.70722741951954,380.4420692078967,430.60202542594976,391.320680409551,355.28613749707074,364.7949181372152,334.8242095452107,334.1096424245612,337.03252056279507,308.7596706170864,332.0370511704031,321.99074451085573,291.06678993791263,295.6850529221947,296.40906577322886,317.6223562293488,318.0498919319409,298.88909940086705,328.19865017569805,335.87961875581243,317.59910625006825,311.82912945101856,305.0008195248347,307.3861171985427,307.48576873010484,317.34338872374457,308.3638206060427,323.32897131202645,377.598649492725,388.6273521459356,385.8313185438585,424.4602286362782,553.7721182741765,545.3223424510985,671.3393405302444,806.6058774984234,719.7174962878128,725.3815607250566,726.7918872955808,717.9540855112501,739.7272407277957,825.8807578190407,863.4222912291162,866.880250366799,871.9447435726112,863.2547270453929,886.475605428158,846.5691859582191,831.1654450861934,887.6531380339433,883.7037590974919,996.9211097425228,1211.427590240679,1058.5815514667938,1196.3593328311022,1125.941454454677,1043.2740297943024,968.2783412115488,914.3605957900842,907.632949242292,929.5458331250462,974.0542450287294,944.1098661606358,930.6984187888162,915.416111265499,970.5966478616411,1016.2128391725656,985.005317975001,1038.764934396499,1036.015402427182,1079.5475932129036,1027.7937771839734,967.8930699206628,923.4229116125754,981.9757957045454,932.584602813051,890.8489228597274,862.2934638099553,873.6635877542437,815.6912451206141,870.9697229462497,851.4797683153697,797.000621328335,800.5999880877401,816.6699370524786,890.4342036440391,836.1993382136665,826.1945704861305,823.2643261205153,846.0737516327526,808.2534968552031,783.5350199160558,806.6583214983995,833.3086465377987,790.4124254858724,761.66921320197,836.1165147438977,732.4085993716158,724.4154542518751,743.8419118103543,720.6353375073732,714.5687521137772,748.0619373824669,766.4822916347466,767.084430821719,737.9164833823702,744.260660888699,721.0826894497523,691.7009182733358,697.1031737795511,745.0559484056198,708.0228271803114,709.4559596379099,707.6499016427914,736.0575293102208,742.2959856280675,699.9092042183634,692.3800860925942,672.0484390957736,688.58724713901,637.9192567558189,632.4060391435529,658.4958734232081,654.8313034269502,593.6179242949943,588.8914812841768,580.1132881523221,588.6391886760699,576.9881989615582
281.7177906951041,246.7258332963303,264.92613193285786,254.3206015838713,240.2930422428485,228.6397290570648,214.1889328879961,215.2265662295044,223.01393238468623,206.97621958713876,231.042671603792,222.77433813557084,221.32667470269112,202.53497543724987,220.9282564053086,192.39393746456608,178.86259345590088,189.423349377748,175.87009062410226,187.91712259586,195.36811963476455,184.87519513929357,192.0455584301673,201.6097126822303,179.23607012573,184.09491603420025,185.5206459058526,179.01411272747922,178.79344669941253,185.4281683336505,185.061819730246,185.61808042013087,183.0243548262701,182.60399640718717,190.69351825562256,209.4619889242969,193.11784050438916,198.70164534349396,200.64698905392092,224.53733926197268,245.60439028113453,256.26219075743694,263.5722679936479,303.26231544308496,361.4920318923639,347.1761588351708,429.9168748736112,527.6032160398795,470.40642390017024,483.4739600533195,496.5623291605619,486.27701047067103,493.5332086621244,530.8501406619622,543.2483171797367,513.720557356466,557.4647757925875,536.2332125363,551.0872530842406,580.2190713295041,563.8173706792262,575.8922918525915,611.6606927529049,600.7310463884792,613.2615568192208,599.3698622480384,709.839741681242,689.8902240648242,661.667421977615,660.5248561783901,659.7725747969704,729.2679001552106,649.2859297375232,630.4057822898526,620.6611371269736,631.1465463584143,561.6726246124757,639.5589878781781,605.7490651126155,585.1349280455058,543.7807847508001,541.6633077776071,525.1259283271014,557.7433692596512,543.9727114325457,497.7446632912016,485.1781686865815,466.1649928193561,440.3143020111276,450.9445573793362,488.964720614897,435.04239659878925,436.1168909912293,444.78577370765817,408.3730493389714,431.5038019824204,436.28893361138233,481.9124039941896,464.9704346238391,458.39191345867033,437.5843234132568,455.0954656548453,448.2861452086625,434.6571380745269,469.1070428085597,531.898494220767,478.9369642384334,467.406354324066,527.7933788668474,486.1759380181564,494.4606889264179,505.8646720709343,475.8548114466654,490.122440409244,465.8637946019029,452.2289871538216,473.7219328585847,457.0971204943323,422.9868838433866,456.4422089914763,413.4199995057515,396.1431182955254,410.5774817726795,380.983041224493,402.036195923716,378.9320711973867,441.8386023336044,400.1016217766096,367.903901882096,357.13563672314285,345.6547539995807,409.2828532197989,372.00844346181714,374.8449009731116,385.1729322232581,370.35066544912365,327.9102488553544,344.2009334467963,311.2326374753971,320.48168933850906,317.1712885210169
343.5238453600971,322.6110502357079,384.959616549525,372.420385017836,342.0622791341831,288.4003070681319,259.4723397226264,256.9557353739912,248.02374791483533,222.595211619154,224.9506526251931,219.59483818358152,240.02790066585536,217.02092071382663,236.30938491224452,207.118202235475,199.7972809737323,198.3126408288306,190.3896934222012,194.18825251887128,204.371769488954,203.8091030051263,201.56167190317305,213.46361755335283,192.15756071037612,192.5751097445847,199.9575889245496,191.8098495225496,185.90757076327208,192.51706035160157,192.11077074972457,195.767355551438,201.24073834573488,189.77334151279808,203.9054251102201,235.218809012602,202.6571143696575,214.3610841636831,214.2175780637121,219.77198872285248,254.33551767130905,250.4095261277756,259.30764524558305,286.177400143645,360.9714269415155,347.1215685206207,461.3321128066612,510.1148073559645,498.1181258511336,485.2833824057629,514.488988679135,515.9009092426295,535.952032825857,578.5820535854409,605.8412382406538,553.4379352145055,614.508652322619,593.6187054466942,594.4976695090144,628.2086572251019,595.4535843934619,639.1074048395277,688.9421836326497,672.322237293338,675.4072055282955,679.1725284975039,695.1521524308855,675.6331894200872,661.8195972508412,696.7591801115157,704.4357258096876,762.9745314730314,677.9799481123939,649.0202247375214,707.9380697508998,705.1461016088393,630.2749517666757,660.7937614072918,654.257630654484,643.5319363247287,599.5269901421701,603.0896108076633,575.5246064420388,647.8980698510563,610.7979871055766,567.5097798465806,532.4054408761855,527.6622279984505,518.2637158657996,512.5470240995625,515.5593888353886,482.4930126959957,481.2951092015934,476.9802477289332,497.6136529419147,489.40081263296713,465.8023292474493,466.6534037319808,473.14649134199607,482.06961225041465,464.4310163288884,476.31410444202254,487.2941216410755,468.9437482568152,510.5630225548929,549.0551428470447,513.1784258217044,481.5610496736897,512.9642826116262,486.1836421865883,461.6726964071839,491.7250068159376,489.31905314804055,498.5106752334717,476.2013672007554,456.8071568165637,469.4720070767507,463.4889235094675,395.3902720291738,412.4534607615209,398.7954116207425,396.3820116076767,412.6904728696746,394.136697180511,405.8014319416246,400.227478788838,403.2107384164585,371.54613965124895,371.94858709661736,358.8383959746458,349.20582858675994,402.342537446458,341.9852842597151,354.3899817619626,392.1991970853738,395.10134837015886,332.7485491294182,326.6788495595292,320.59435479462485,343.6850757161164,361.2840218137847
203.14277365159708,194.28839245499609,176.7228732378777,179.67562916760383,165.8040119368908,163.3168938245032,195.48239734123104,186.872529330645,157.7100395645411,157.2601028100122,162.12588732906215,181.1612675712908,161.09865474702477,160.78634115797217,151.71076361339786,146.9474722182479,152.08475985425787,143.1983837301547,144.05630804708588,143.39348265711277,141.3764313674895,144.10231455612475,144.6092250708518,127.56185858130108,127.66171340175406,131.70387414775212,123.64898654584869,126.57120447844166,129.86704060365392,125.71388183651568,133.31892242263362,127.38709503547798,128.12365576672045,128.10839206200453,131.0472562571051,130.94938724647275,133.3917327526506,135.286209496485,138.3263479035008,156.07805683377572,158.57730120814816,325.49475220207404,267.9286198908633,220.9380782492406,214.12497702060668,252.34920034829355,271.7098643043521,279.25124225079213,333.26708350303227,339.3677647509524,323.1524992968067,351.34315809020984,377.4242817005588,355.1946435104584,364.1096185363493,378.0961573226222,370.3738602943756,378.4113167491436,375.46891389413145,387.9958269116539,390.60744289446063,411.3782977199165,417.3523764888637,411.980796976098,400.1020475551208,388.30986798188445,394.32867957775545,444.86285880564895,444.3622499259934,637.1948387165124,743.2954707259643,575.714262929037,425.8857930888509,411.7519136787534,428.78388490274506,412.03558165390496,395.30617457458754,444.0315103222816,435.97988018486,663.2351658198841,481.8574489856724,480.5082065055191,461.8736596206296,453.8580360155176,474.9903632421117,404.237976743023,410.0371480262455,378.4836868271579,343.0363070713576,352.18836278707033,395.4776259035045,406.73334311751614,530.8149910368671,402.49033935133446,376.5903931653752,384.6555972584725,368.4261185679711,359.4278254839104,348.90713773423187,353.599088240393,347.08527834599454,342.9886405548802,335.5647237501505,361.1457802946754,318.8110912790849,282.4948454356196,285.88765154325296,272.6637506520722,297.9610715549097,356.118265062917,341.5924312365144,334.5590517838446,326.38081538881136,296.0405433615414,286.54836843877985,286.5360133984506,332.5272132161577,347.90289042161976,340.9961889967324,325.7306116118572,269.5853318362091,247.38558691908733,251.52066969710933,254.1087022684061,264.6425702036165,242.31613628217244,249.7857850549436,269.4860584714532,260.8915163677231,288.74369781796656,286.1227305973284,242.04721360814912,243.84647915325564,237.79836160807372,230.9998775531625,261.8475919798059,238.3082799513776,231.54436587781228,242.4663669615752,270.3267631738571,273.7529718313935
271.4879775135095,250.7805532970723,241.3724720284281,242.37658001767025,208.850938187763,197.5935272187126,237.05379554907103,217.22761104531776,189.01331359190888,190.5734985290706,196.2159292296202,207.6953525298249,208.2306055763154,198.06496000034943,179.6474156134838,177.96231509976232,177.967185857436,176.03334626686302,192.00922661965004,178.56716107042513,169.59752565046213,170.8595418853562,162.8673647058391,151.79265340918303,156.81408052250703,152.57854995371585,146.03149887327095,155.2288951627338,155.4772236492809,152.7495904593977,169.66771849268628,164.7933225452694,165.56903205946884,176.57148154871558,171.80471984152584,163.11325788999258,163.32808540944302,169.9998983874905,175.85662577826488,190.31995067202743,224.7066711498177,313.38688811110507,303.08839583868,267.6686246927479,269.5623416927433,315.0734059686035,306.8371764254486,335.3994533000397,387.2330382702428,426.4926705940358,485.5554217847164,509.7036994971308,486.413629970884,578.2572543424493,523.5092987175174,524.9241054561066,551.5044792406767,545.74986141358,568.4747005049501,553.7311548013113,525.1247705416871,510.3553651010496,522.1239796473798,496.1759176739925,472.26541241028144,491.7793149638922,486.0918196849588,519.5473551646694,527.5174237105227,632.8788522336795,708.2598231219969,655.9876218573529,535.5644978126694,501.6999472970376,541.515017535446,529.9689625437936,628.0926659754256,649.5768935416671,683.4054833654907,935.2930401966772,692.7867190330904,708.446558029297,620.2947565968583,705.9599940457047,622.9848262162045,518.8786018049045,481.9823157141098,474.9176207742528,466.7003023397675,499.0248059500773,522.5989747312178,509.6799015188929,541.4780172637952,432.935981115099,511.6808618298213,525.3581821027387,478.9480896104283,437.3702528981987,411.5524021603856,414.07575116031296,405.97428398687634,478.9650928623937,433.4672970476535,451.4234557671135,415.6085849752827,388.5377452770127,387.8067937995528,382.2836174525179,410.5339990680464,429.9223914276978,416.338107266837,508.8180027275544,461.9113311813911,386.5708823276424,382.2791956330053,399.26188973323394,447.1230165524164,425.712401150861,395.7754292627845,387.6802392902931,339.9696182036782,319.1060092541864,313.60772420703927,317.6021349089153,322.1510294843498,297.9847020978042,317.2713045305317,320.6693861400028,317.04877690860616,317.7667985377799,340.5397129919265,300.0344467858546,289.2553152048175,278.3526939965232,276.5897305885671,309.42956394039487,294.85842207370985,289.3970377420596,302.4301038721385,325.5826563959406,319.02485853292626
209.47091848692244,189.7013930145326,180.06088778232927,198.47965384369527,170.28107395106446,159.84442639848524,179.25687305748212,159.29221107992242,157.36070590177562,149.14895185098126,142.16618143766928,147.2248418435682,148.53967058974794,139.54559575833144,135.6785575998005,132.26300308232933,128.45919860407275,130.7353654110422,138.09585822279502,129.1346820939694,130.16376436605202,126.6650980979456,115.63881192749326,114.73730510940412,115.95157679670017,111.90290729679914,108.85951369385153,115.66066681788556,114.68799489585338,115.78763454319063,122.2539182960592,124.01332359981949,118.78447381532426,125.25805182116368,125.28394354670644,121.67295610743876,129.3598231633641,136.47063042510553,144.17329437581597,158.80874806864568,193.37931663639696,191.035189794163,225.76593235902232,222.29705596273533,276.423393423178,364.2596000004896,336.93319921914934,461.8015622132907,613.4348110148434,603.1358539833374,731.0855007531817,764.4726884755486,759.0460047058267,835.8681042397567,809.9359660284334,743.8827958681669,767.4023185204351,769.5751277955889,734.8782038503699,721.7083148857272,678.0807276587432,642.4312724018433,657.4809658251337,631.4573920945104,599.5620750456817,626.4818920634497,590.2231685632205,592.8645991752165,600.3067833104684,628.9566804810052,586.7466382999667,597.3184970753504,548.7473929594977,522.4974067015577,582.9011970867699,570.6205129062268,600.340401568151,611.1284910427584,699.1055785126247,803.2369219196993,743.475843712313,662.4794341949146,573.9984394583082,607.7370840642799,560.2703778268251,502.6869533579194,481.29343130201846,509.2622559588239,503.47578188394783,522.6512145511142,539.1548486121875,554.1836628684297,553.4765554160233,494.6053158470978,571.8621593914359,589.6291751868953,536.5180894085038,497.4376626356499,450.1342529807516,447.1373559621667,444.3220057871416,503.1446581216023,468.7893426865431,485.8726185295137,455.1223737080177,452.2948268689941,439.6627391448616,439.0286514369976,451.7148478815974,410.6557809686548,397.8765125026089,449.5781405840468,408.5968378832087,400.42657281897664,373.6893953290028,378.2807404795902,379.2769267419145,345.6542959122022,337.2489037708516,322.9893340267786,293.79202729818206,296.6849261569699,306.62813443206045,296.61938391353124,293.5542110074971,271.1492499556053,262.6027861438606,274.8091846048986,253.7853227478101,242.36642880929432,250.9537029619135,234.10331697294163,223.5189662225574,236.93650963793667,220.10399825126584,258.91718393910617,272.33376015164055,242.43089801828012,235.4560098438761,254.6231150969965,238.5208663097997
492.3490499549006,432.5508052857568,407.0027162158276,433.82082102043546,386.5806595871792,419.0165418652804,449.16192631159583,356.7929225385824,351.61971249507326,342.29274528063075,335.78448235193,334.19118363757707,323.06815322761287,302.6939461531532,296.29685515465644,298.4985460582618,287.18617099311786,270.30192868629456,266.33105769184766,241.7581309794596,265.87739975444,257.0714373054556,228.14177791084305,226.5510378296072,224.2091541070729,200.03103070536943,199.53151199750667,208.34979310210664,209.73271026418516,222.8045711438116,222.3670469434153,242.15886039263424,226.4613854716815,212.2783484367776,211.22313926761063,193.88395805911085,198.70623392118503,208.24398252758053,219.18233787841697,256.83176220933336,366.296088480569,275.62486751531344,354.99094520558987,368.5188993651951,378.5347599660715,420.47378474737457,434.8564291401255,575.4295380448136,679.5571398356058,632.6378385370148,670.356183764843,679.042874961393,716.3379131378842,792.3396367198405,830.7224345545835,836.5252033930929,808.2651211057856,891.5260207136683,895.9680848570313,861.6919515809377,901.8556436771482,865.1429753603225,880.3067719362332,867.5733626950654,860.6504471154426,833.6569465615916,776.1862134258371,767.0206427842851,723.8549279783813,765.4378108636461,727.6068914728025,708.8056516436994,744.9342384696125,676.4052127887022,775.9790290697447,767.0553398223218,759.4788577259837,778.1227188690216,875.4478422904149,891.4770490611736,868.0703543262362,877.0021498841891,787.2954188199998,787.1863662797055,778.2929119522719,782.5086408082083,744.5375411690619,742.7406552172604,705.3558235648331,700.2981437714122,765.6013740404734,810.1524893866434,726.1008323920586,713.8628587433524,734.1755284996343,734.4171515046243,765.8873338297387,798.9767913330271,670.1347286663322,688.4897930044325,702.0569843939905,746.2811235965568,731.8518108252675,748.135419892241,706.4078763826379,731.0831023171669,703.8674420645931,702.1776874564976,644.4482463641946,606.7023004561127,647.2641222347645,672.3664420991757,685.6871598010459,717.5205126179204,646.8642441960752,618.3921500843296,613.8711357571705,562.2964334175756,574.7765852750927,547.2841135162985,512.7904245642081,489.69356793739263,495.80510252096127,502.04327370098304,514.7550748152769,500.2467220229129,470.025780541467,482.6822759279576,488.32004819168696,498.766797522891,454.9446476551431,480.9964515453046,443.9053894649993,543.4340369200211,494.4667667745717,489.5257925119113,465.2551140089812,436.51531917936137,437.3758375724352,419.19183399584927,407.93495072442494
334.11530200123144,299.19482172419896,292.1876990373944,302.28519620011923,306.3306486221719,307.62034611011865,324.9122382623093,324.16764440683727,313.5600344369869,320.0850707575196,353.03066094767536,355.9827571437535,334.82827914232524,324.7145955211427,358.2808312929346,337.4559308395548,344.6356527624949,338.65501236555,304.914148956279,285.78589715767293,316.29514835553977,321.8808770423589,318.4529628716852,288.49093475473,293.8200521222888,265.46462239553057,248.43559384168495,248.2048251087712,233.92038042255336,246.40960703303307,242.18174526271704,224.93594787578465,213.30565948425615,195.73977687769573,197.91263790364985,199.1546044876113,194.97581677463677,201.9731135834552,211.85514684223187,213.6263002063332,252.8321915862417,232.1040272343969,265.38859728714374,267.58911722483487,282.0199460514266,387.9969330171466,403.0771755369704,470.2924624580375,496.5358345244224,518.7924427701971,549.1583025400073,534.2022629769644,631.9911364568635,629.9471158783265,629.8757271463546,595.4809820749124,609.3005727166915,646.9435555136555,710.2900539639332,706.0997726844134,704.6893432647717,692.7158884094325,698.4824713443192,654.4101802962291,662.5583799040742,667.1700829555799,675.7458059058574,698.2469959721607,707.0332791064463,711.7168871296778,664.8862143581424,695.1752184390766,695.9320508174717,670.2093759401554,697.727230868989,686.6842008934782,696.1492058607097,727.0148254665133,758.1605438725708,783.2694943560105,745.5994982827045,774.5914103130226,821.8105356766681,794.4850330929421,742.6722224019957,760.227173296729,800.8498750215089,725.8779611780209,678.563658411386,725.9128268922794,763.9014657209693,825.1763490786947,758.1808811301212,712.1665724292745,759.1050414530743,717.7920788467225,718.9540013440961,752.490697386003,623.5290138659145,633.1727107556204,608.8782163041777,667.8544534380566,639.2952219086784,605.5774490962145,599.357895086464,620.5991776368294,612.0716397254456,602.1961760334034,608.91577029609,598.45130048867,553.5818142694923,638.2308722387079,691.0937277156302,605.4722663796198,603.5021456611114,548.391323648036,536.6476608330921,516.3818782762174,539.5714287054532,503.2984963083456,477.6614397344924,468.47917792455473,464.8680433722298,454.5013087741871,461.1543948879175,443.62203071425006,422.6267978972919,450.4100311585636,403.0921595092783,416.8872763754116,384.6373677945895,373.6878993699232,377.3795642230046,379.08751861172345,353.4886640922746,394.6660279004991,404.8984492706014,338.847736872958,354.7998120926632,368.49243816702807,344.9044513318514
220.52777567562129,197.2921613513894,194.57325786185297,196.8162095093113,206.88412299849816,205.5169463611,214.7782557984544,223.02839606745948,213.4320510904854,221.83653751042667,244.7788994623121,247.53972683549895,235.7865808918488,227.95451022672623,257.7101608306366,239.1188024200389,245.73918210597023,239.49276386453295,216.05121328031,203.8483538383544,222.64682834119105,231.94633139304167,231.90785360467208,207.73295851665068,210.50309109413303,192.30834208997535,179.5827844869865,178.21207133324137,167.1946059748291,176.14780654145494,172.3793776147021,156.42841026979656,148.70996987849247,137.75212293901555,140.7241919975259,143.95601558325075,139.032838761023,145.04868742826363,150.20727266718018,147.78495132756407,163.19816052695634,163.904341624706,179.3842232973708,181.42763590938213,193.08915779007123,276.9638876190483,289.0818187323309,331.661959463354,347.1127796594115,380.20520542216775,402.0462334940104,394.7304750978759,476.412347554698,460.9712325701349,457.0216699498289,425.7802426038771,441.52910739961294,463.8663943589432,514.0246011725241,515.6602870972765,504.87889300295393,503.9504683012685,506.4766669262253,468.41383242031645,477.64748385885787,477.22393572353496,485.9494856044199,505.6073883855036,520.0322515937963,520.2115120824662,483.4504611205015,509.801351166809,497.02289997806713,490.5051529596651,499.6519712928274,491.5740388374416,496.9246542159885,523.6831063190566,533.2074492111228,556.6035859392586,531.2455100725014,560.3413992531363,613.9055832419175,587.9222618482866,541.9428483541041,549.7425684502424,594.6361995875599,528.2529426115799,496.0466604713631,536.3323635914013,558.1916656501862,600.3023018646703,554.9936771179304,522.9867796403186,563.2772904556815,526.741476139494,516.7331909409634,541.2036819418701,457.4957056286698,458.9156823545949,436.7528272245958,477.0759526961803,456.5387218619028,426.8557560480749,429.0419356327433,447.0696044261975,438.1362661050224,431.0822715368257,446.9667741312014,439.8873386959738,391.41273295953215,462.08081230456577,501.125828240058,421.8174329185497,439.04739915921886,393.323343162782,384.2777679565504,376.024647632,390.2334004040547,361.5820606638314,345.18477686861803,342.0352157026817,334.5797080043753,325.3134475001031,329.8907307798184,316.8397215659454,308.79525914660326,327.7101937623766,283.5937351468901,292.8749695307791,271.08331819407266,259.4436079601569,269.1124843351889,250.25800579792275,238.2377325269929,271.112869699041,286.2281234965371,235.9549298059949,248.1748197201736,258.3446740952984,243.36449870868955
245.97692238103664,217.73802301206845,206.70799196441365,195.54517340696836,186.4555144421432,195.33364665352397,201.97455314750772,187.78385147829712,177.8398378613075,182.041837881298,181.9062797145316,180.7033984856808,178.43442776140068,164.8024409782284,185.81828547811236,174.8797833896123,177.17125659814732,165.96481638704512,160.79106277364716,150.5877262888007,155.19119286812122,165.40361122550914,159.46971832643203,156.31944419665365,153.3076486786634,143.86780112300733,142.08741559027783,139.69620678621823,133.85526385558703,143.27030972897464,138.569940222194,134.13240746269997,130.37049478751382,126.88980303058584,128.98918399888151,133.33317552930274,132.7157334842228,138.51370921055417,140.76958371621922,145.62329371115055,149.89173871699367,166.38249910410843,176.73107942619808,183.1636492511543,193.25289021402736,247.68628483942385,259.84866245480697,302.06456664687795,319.072058650318,345.3769296904742,366.1720825848834,372.32374918778606,422.394658969538,417.4576492451969,418.4599410655246,401.5946694099603,427.56967872634135,443.6579642956642,466.3364541892975,483.74738102619983,465.0867793184354,471.4302130162559,477.2853055497645,461.8993966829814,478.309693477481,465.5947425690543,466.529177876765,484.52518729531175,501.4977790482346,510.3622330227405,491.7851164096057,515.2327995200584,475.4024473951822,471.6729038307039,482.24196846092576,491.8395309979678,485.9959892210454,504.8868022987365,496.8193084852902,523.5060234897106,515.7921945866335,551.0698082445796,586.6881463902814,548.2796404876805,532.8020300470477,519.4622616683996,555.1382814209393,504.0381650625866,497.5296952652779,519.4906017122289,531.0450724450467,550.447868837056,516.7604362526965,509.4858125397475,543.1132044703162,528.6223870474596,509.6232926351681,518.3955520675122,504.414592719884,487.6593480207426,471.72545379590497,473.77598194869,472.6305282003865,454.24978529732846,448.53908556368896,464.345371130939,439.7430082696041,441.2422852230114,468.3083133085766,454.95303791032296,421.59487735364206,458.12896751802657,474.6625846395035,421.8810636327705,440.6863059427696,409.14274284266816,405.0266156042686,392.6414775304064,384.2834131190234,361.0147787344692,345.677712039006,342.5934183629096,334.63829447348724,337.0287210876186,329.27870696703815,319.508949238755,344.8429518774845,340.6355440022873,308.3447411740363,311.70252436606614,283.8868796636441,286.87926966557984,308.08199350103774,280.3769189861118,284.33383936663404,300.8980974970443,298.9296882675662,264.6312809957329,269.24270968581266,262.27607514820005,265.72879075228667
272.7185738305656,239.8430076194717,233.8340489211474,240.08464452089305,204.87694293791,205.6767331110468,214.4691413385136,191.6307896849341,191.70493078980195,197.7133450459225,184.36399019112645,187.9327918821049,194.14413903477777,166.7239419728722,208.990409238898,193.6693090878678,188.0274533575081,176.1267108483244,171.86391933243428,161.3860395981367,164.5612175048534,169.72596903934527,162.34321612452672,171.03251406588066,165.81892547129053,154.59509184677162,160.3695548598203,160.3447492587427,150.42407649888668,166.05853239467393,152.66776238238134,149.3981955383972,156.06329470897887,155.15586983459428,175.414207426354,172.60050106899723,171.6753631449788,171.65357626282295,179.54461394904274,185.58053724113185,182.62474551468944,204.3775930995765,208.84458476813265,238.21878834123464,248.24381177186123,281.02546446840006,280.40744291723735,339.6742058521925,364.1411235864192,409.7948492868852,414.6742121133261,419.6853016229784,443.98026727234367,475.0119266036176,491.5168826549085,480.6633738283174,529.4974948850049,537.238242357586,532.2834014496308,531.5527386616757,494.0310092525047,546.016457422149,519.7237550258457,514.0739008094747,522.1331817488477,485.1507983537459,498.9056459176605,523.6140805164416,526.5669615950719,540.9772356378287,557.6975280553313,547.1069678037741,508.5823205892651,504.13799655918274,528.4428067053246,562.4803882551098,549.0598705268528,575.5080572562555,556.1763206805705,602.1611645599841,598.1544664376595,650.5098016007455,670.5259138826211,592.5365480084339,602.996150657873,567.7495409556914,587.9966448938477,536.5202131196916,564.468160279465,538.5893142069112,548.368093526751,530.1329586361506,518.2018329993587,531.969992328875,564.0235940938877,591.2995920713468,543.1156405071607,509.64043133775135,566.6070273818569,524.4149491719483,518.0832398246553,491.1931134383144,499.9105426505393,485.9366642583861,480.03960994519815,479.4868460353232,443.6221500787968,486.3669082375529,515.6131013766982,525.100005932728,585.0602606740216,523.550705965513,512.8633044346592,459.3855037090184,455.30809038052,444.9903041863971,462.69048048810777,448.82399341106486,472.93049988388304,476.893662187722,431.989521344092,446.96113064546097,418.3691189748583,429.4725751326723,412.8314776897793,399.6408801175039,447.5808959296625,394.1689988808071,392.5299429466362,387.1483229060325,376.94380836988194,389.7263054620883,424.6176607483459,388.7526293855476,415.9398263811694,400.54579706595246,368.2333451087517,370.5030054106424,400.7882829509859,421.37539164132295,462.15282487219054
653.6112118766235,524.9816445710848,507.3732139177545,564.5237173232167,457.4066278060968,438.41533886666895,423.5529427712814,399.9994031882188,412.0814185027555,407.2861314032864,372.4085560230398,365.73884124426775,366.6430719667372,331.7218539126835,372.94855044153576,349.1556381226643,342.8516957522062,337.12588002682924,331.1743817175343,321.68434506239635,331.01306883978634,332.7191655073568,320.7753645613808,323.0503530081846,312.72615483651765,302.26868694242205,307.0479830985504,306.8898348703468,303.07007065175804,326.8303033630356,314.5352705659795,307.6558609167229,317.0810823208977,319.9994591408853,339.8561397458497,335.79654856099586,377.5558198827852,356.7931117113654,361.8394020340902,380.17029078799607,396.6017408309344,421.368158608587,428.06180086749487,492.646660158029,530.2332180638225,604.930199365743,651.8950692965624,820.577162511649,852.3851538189703,956.4918664722352,934.2993000612144,1092.411549700025,1165.6784745185846,1288.5037634272048,1417.583444887528,1420.5359257134178,1401.2748859135254,1375.9757975559974,1417.2694053527462,1418.340509208892,1391.7734451406122,1504.993966079357,1531.3877906291386,1563.3483156098682,1634.692264167266,1479.525078235908,1562.8419084807842,1605.9362019165712,1456.947432383796,1612.90794466775,1768.944428111614,1562.3575228288632,1543.528746126035,1548.470133847394,1603.4750153610032,1561.6325670600984,1534.6858881330006,1629.4150598171975,1611.94204958181,1673.3498368699304,1731.46641338279,1787.4470654453178,1914.4515543359196,1812.03107216216,1781.765474347477,1762.630280005013,1884.1799536468368,1648.1243894188951,1682.4304813825552,1664.142905901503,1614.6708544695837,1533.8528244840966,1494.2656977709516,1462.5927976718597,1443.2748951535164,1420.2529237114843,1433.0494866847412,1374.7642173885608,1500.070108189895,1419.7670999260022,1374.4004693928557,1336.2993242696637,1379.738299781485,1275.2463982720565,1255.7171863533222,1292.5336117843403,1268.54837990853,1333.3245191992892,1310.5503764485586,1233.0790886570887,1349.4228303915418,1276.7037633529294,1398.976201056617,1297.5801874965396,1263.3647179160705,1187.2114439990175,1205.8171273458722,1168.5586908331904,1255.8429938093975,1260.5217396879607,1130.408463630234,1193.8591779422943,1199.9730859323029,1147.6201727707296,1172.0700303961155,1068.7417808572477,1047.3865634891145,974.044079591078,944.2583745775734,929.5234030478824,957.29989645335,979.3539752858604,996.9989520870204,876.8432043721634,863.8841656002304,824.0036872381952,847.6764393925671,875.9197835448837,930.5183893917658,926.2853811932524,914.5057084998048
644.2053616841271,506.2421116829013,496.2616954238296,522.1354540518807,409.8034138461782,393.0454173099853,368.8636424275657,355.38713392012835,369.7984255286444,349.4791580183094,325.5150466871437,329.9829530538487,328.0101941084723,295.1879069972802,310.09192999724,305.39623609517355,297.4229282563777,310.4218527226898,297.14765777590776,283.4673717498326,297.726243980206,303.5071111069477,294.44138025181337,286.9053903360887,281.7571130199572,278.6518586210216,279.4722876436994,277.95529587464205,285.98723746027906,293.3246931587539,298.5466539666243,289.4959083610968,284.31228252334813,291.6683001070373,298.04606441137304,302.2396589229531,349.964138946019,332.69633705490384,329.5821253693995,355.5490033399128,381.8475458387924,403.8555017845648,400.18289449877113,443.3421711268938,481.6238433327875,624.2939349151743,651.4315380389963,722.4275502057925,758.2884964424397,855.0329715427429,864.7708427602917,966.9558081925944,1005.5905654307898,1114.4948857720676,1229.463268018264,1220.228033593115,1225.830065334335,1246.9732862718713,1315.1446761712252,1332.747567999094,1338.271730558996,1434.844574911708,1370.2677119379082,1400.2963641486738,1464.3830514072658,1410.3175719536298,1542.4355779781506,1581.7651234260347,1517.72459431073,1509.0052497880254,1528.4151274145067,1376.8696636962563,1437.935373973557,1467.7540470315355,1534.0366430693314,1544.2536348985748,1522.8196519833584,1540.2922162079958,1580.0017390971857,1585.633170973949,1606.9230698714266,1764.0611973084788,1768.2851473245596,1769.8730057950845,2005.777428482576,1731.6358677388937,1585.14159617113,1476.9877040908943,1527.317925931963,1481.6441259786525,1482.2203355028837,1390.351801217647,1371.3051713969946,1325.9710965323538,1332.9789358152696,1278.7255960057091,1350.2333271341258,1309.831456470019,1362.1964758523966,1288.4700064870033,1303.0972733952967,1275.6471916151477,1289.377892045333,1166.90338000995,1136.3915761833025,1187.0309007429134,1148.4328253284466,1210.842988538714,1140.6629650793277,1053.2616762126515,1065.630640556913,1009.8491938526884,1162.8492695726832,1102.3221786892266,1077.177239391364,972.4491578800684,974.2243375983428,940.4092664641224,1004.1289789083896,929.8887012757748,885.2487892698459,933.5429391149648,945.5229071321942,857.3992329691249,866.9094956486357,830.3231039732807,769.0559680383626,748.6303877807413,741.9612754351947,736.5222676284025,820.8366908462606,825.0856342766898,793.9600710482932,746.5957257068058,725.8940093082127,699.1159185551825,679.5292885495858,680.8859187952452,651.7203814615995,722.9326159118725,681.026182477961
398.2622368593932,345.3301570506354,362.4343976658366,363.945726153305,329.33536222230583,283.73021565538465,290.30504984911875,271.1467883997432,253.02254379129437,252.8149944566035,243.5595721139013,243.97849140709152,249.0601991116764,230.22537039389815,221.5742435765995,230.74064766180524,238.12357221091645,228.82300937058235,235.6531005179174,242.6044527845756,225.45578860024827,240.48536396246516,244.5424892337417,239.9804877526175,235.8950853833353,242.60283177917933,222.3873703614007,229.73746140597285,240.2929977011621,232.1834318725039,247.21523925151493,238.7581601584449,217.5504012103437,240.85530872755103,242.83596949860632,244.05941271097237,267.2301101999294,253.4148282384796,255.6861471086209,268.30745455348455,306.3812956683907,355.5572121016569,342.13607638253205,362.0901935287965,370.5058818184121,419.12820482177744,546.3625733984582,523.9359787998636,547.3069270708608,682.2397165327178,698.8817699954054,763.9544138301965,850.2369894129556,888.5734597532548,902.5433203613128,960.6695176563236,970.9479087498876,999.4316768730588,990.754402752191,994.2210234310662,1036.2709204087569,1063.9164395974544,1021.7651380880604,1032.5659352456933,1078.819679553954,1052.7954166026186,1050.7831779319922,1086.884104501759,1074.1524466237754,1125.8005464206035,1139.4686735412963,1090.2169889439524,1114.6971383027517,1120.262042691027,1159.551917101191,1272.8962477226469,1165.6092447385895,1255.7847311771095,1264.6288328649566,1174.0878260751076,1116.0491688982577,1188.9338226047482,1116.5826600188952,1145.9989185469929,1263.779750636697,1233.6132570419315,1202.756599130755,1136.637240123256,1196.9619277481795,1204.37748093072,1246.5811467826866,1149.7057929128864,1028.0112100442702,1001.228907909573,938.8512674869436,938.5858641148956,1042.3334966213508,997.3046471136752,980.3554555249444,936.2119347119416,955.562028212731,967.536412873556,966.2737878722712,878.7586371422133,875.9990089790599,872.1321042360053,841.4512786672707,812.8269641518885,789.2590403475958,810.1215030672673,834.0883017176249,817.8294262632851,797.0382542508389,744.9278512515842,818.574156710706,747.3205230589638,669.9159126935381,641.5305413272032,635.3917585418745,630.3014975086118,603.5205080819549,561.3129543875724,626.9365353195166,569.262410054425,541.1963178545684,484.84605366998846,480.0369094244283,461.032787785715,500.27874691506526,491.8962648012442,518.0777451347144,480.388921552976,429.1236932426127,465.3414609130899,451.28350957112485,485.3270359085198,444.0045456126786,457.24478007492365,409.6658465975116,402.7428454324038,425.2209099635829
326.48106639831605,312.0545694359064,307.6320420987533,280.0183152835584,267.0550158125875,244.1296425164865,251.38790156542612,228.3269518800752,223.66782347875068,211.4092798373277,208.3093192802092,234.47891136159527,251.68463398673987,228.95697675904623,224.9815934076558,214.48233445681976,212.99169743399247,207.0294933428603,205.8644306284464,208.01604634606213,205.09838579125176,206.52333521148472,209.1410039545463,201.28554486118907,200.20750867301936,202.64530590321544,189.35412616857687,188.15824934741676,197.037838287888,187.58305617260345,203.3829447220784,198.49177339710056,189.2338351983377,197.37083288005724,200.85944993314348,222.48343580333076,229.8134161268284,221.18299534405148,230.7344569722243,246.46718147445537,288.01233464640256,308.18149457851547,312.3155976967912,349.3573278725801,357.4470480963417,379.2222740297581,439.528349432223,451.88643207644895,513.8762990009639,620.8260197499753,649.6313981388942,733.7842444500628,814.0453561442607,929.318051977968,1036.2494248475173,1096.731274260293,1146.7710065353567,1158.8130855872614,1158.370588227877,1172.4072570818876,1190.861172969512,1230.408878334681,1221.5283920811055,1263.647953861467,1307.9374520732545,1251.6308763380032,1258.518394594931,1262.8393591129989,1240.641682443333,1237.6042285704057,1273.402403799984,1234.122613160942,1246.275089414137,1283.95707005975,1276.1746440877905,1333.3583855267202,1259.276721328234,1363.9615086324516,1376.3854349183837,1379.5178774130238,1350.1720254826496,1359.107885583487,1359.7633905300893,1336.0911357652878,1308.8700932413888,1337.2234523348002,1310.974303272413,1233.66406479896,1313.7433498979294,1275.0833967417775,1295.8305318440298,1276.9978213722643,1193.671170825432,1166.5749266287708,1131.0148134689682,1101.4509258699843,1168.6350906460343,1148.9941568120669,1136.565179877514,1099.3729637087763,1089.7664875275957,1143.78338458564,1118.5198277779114,1092.2458963446663,1087.2357167313255,1036.499131473042,989.6886276916048,986.968141428773,943.2506032927256,958.7293893970258,923.7217211189684,870.3584872649449,847.0153107463685,780.3801883160461,791.7165275720067,743.8957928602766,719.3515548412125,687.1365147435213,659.6727671847538,645.5235583928401,646.7372554540864,590.9203791146599,599.7159770346442,554.5963153205261,567.9219991611894,526.1342356741287,500.733206904683,473.6150994716385,518.7484040555532,502.99966941577605,522.4221684382132,489.0973343570332,436.0659050780421,462.18336095183867,438.4526407720073,415.5278862658792,398.9750790535957,414.5974541160061,393.7669272191421,404.3815450599244,402.7112107195138
421.8922259020516,417.95174087667,399.98508375137936,345.9115971685687,350.7821242678577,350.61517718785075,330.6851468561025,294.3893141425543,286.37424186551794,276.24200052500186,270.1268238819527,301.6289010946028,313.3530185370232,303.3920327930604,322.44550929830245,313.64926448740954,297.7063511083072,289.5335779857233,273.99939413005467,289.8658296513559,282.31049405647457,264.089183648145,283.7231464963923,289.7827464270622,277.9761250496283,277.21902748552174,268.51240271745843,259.3373809299903,263.09445280057264,268.7704818216308,276.05646704331986,271.0346401267686,271.1096552530847,276.6091106896566,284.34292529360755,314.2005996697566,333.1878359043198,327.4264307816757,341.0357520279727,375.12591037116977,355.8767556655821,390.52731493914456,403.83970103380506,524.5672915665403,530.7429797378204,502.1071031657992,553.2637985984892,605.7664605665826,700.6232876094095,827.9302910772658,891.2057248840059,1046.8475710150806,1216.2961341982402,1460.3691779132926,1652.6786501789347,1838.252554465408,1974.3964094589044,1942.1743554923728,2007.0072808229995,1902.4038387647445,1929.0860571618668,1973.670809043637,1981.0610011993497,2016.8768338248688,2089.537137780449,2016.3863155442464,2021.356752897139,2068.819574277034,1995.5791663084665,1887.9156336274173,2020.987180408846,1966.037301312232,1986.8361866799328,2178.78021950243,2076.2958902966907,2280.3305653009547,2081.625083615,2272.802191320303,2369.105286562129,2347.196664754132,2317.015407920181,2213.859274900713,2231.8150791135263,2297.561957084333,2147.740810047331,2277.2890073605104,2199.7628219629123,2045.048769246692,2176.287008891573,2136.505914267768,2098.6049792419312,1985.314507314292,1978.992256318277,1939.3377233889496,1875.0204747831403,1843.1993880377304,1930.7053682242183,1965.2294190177813,1968.170111814392,1874.1338902936336,1796.9136121293106,1894.4816973161091,1916.13552882587,1847.612436630517,1807.3088925862564,1702.0152486946447,1661.480610757695,1711.4895604533972,1638.4616996611148,1596.1771719500516,1435.9041580221945,1367.486081198651,1299.1039184370568,1210.1936774126575,1211.4414322514367,1176.1905594325733,1167.3300120636238,1105.6760832343027,1032.667049130429,1000.494614747039,1019.9200070258922,910.3412403690274,954.6001887600812,889.8154657131977,961.6112684308624,876.3831649645894,875.341780673352,768.331959909955,777.406428379618,779.2846106432484,760.8087881947549,754.8574455350721,640.1239443012021,618.4714623051049,568.9367856987915,506.5590209716112,520.1030037889035,575.2893776023626,559.6882396330465,588.1433618628635,565.3647158450561
58.64407739570723,57.3606055546406,55.49531284766367,47.585585341512605,47.69873781400653,49.77530462609048,45.50060753942083,39.15745642704209,37.51679522992714,36.86542759564757,36.5184367549546,38.770830381817554,41.58733061634491,39.02761751104688,41.72180774800192,67.2253683395157,50.80218915376294,45.06679999408194,39.15355499018751,40.85125808797785,43.34182302311558,35.80237099452459,39.90345169520502,40.72376274944373,36.44706750902767,37.45500862715909,38.16635601814155,36.38571291850127,36.6300175532116,37.869708289909575,39.46817498819248,37.29777442124725,40.70540712495215,39.31196534115574,37.43196471852499,40.74401380862116,42.10524318346239,41.59846840720496,47.939993456727954,53.71032839433022,47.947384823620126,55.35159659592043,56.32532909919437,71.52607761838196,74.35527485511506,78.24881152592445,85.68269967146804,88.72507100740823,99.5721791468548,112.38330025625204,125.66735352477978,139.67132334221867,165.08551119512077,190.33279005176135,222.3859372986237,244.52193170196023,257.4659694121057,252.90503408344887,270.38598333707563,259.75247366804393,278.41964685727555,289.619504287461,276.71768810424555,279.1054458237387,289.52868684460407,290.64685549641337,290.3087922256096,289.3906286175459,277.2779031970123,267.6746382840969,284.73464691134853,280.7399289277195,289.18122979857947,301.0112121071149,291.4737884765495,424.84030892732,338.73124067060184,335.86964825154706,354.96660637317933,356.75440824078595,404.354243982876,346.92361817848126,294.63566322556846,292.6280316923774,282.132405536253,283.32123233439023,285.62373312429014,284.67312729263085,301.7301722668981,330.6347022261316,299.29666514581857,275.7576911199177,273.72377249633774,278.67236347537664,270.0028714765178,260.5943618618764,278.37743212389245,288.3863463127504,277.99325430411767,273.17774918257925,251.47093074781188,260.92518852099926,277.6514078462112,269.7156461180355,263.5485265788537,252.8747250139353,268.89110890589365,259.9254453166855,239.0720521961249,223.22778035068453,209.7066121784405,215.01394886720823,205.4630752407473,192.30602804077105,185.3165751180597,187.5756938572872,176.13749096122265,165.9506576784578,178.20658763290592,167.78166204346144,156.1471068124858,139.78508418729646,134.89273051572505,133.535598258773,146.01379390166784,129.240938451634,129.3065322565339,117.25272756243996,123.86456766581344,113.26080034085128,111.95959387944352,118.2411637749449,102.25571349972869,95.32709008804107,115.36476650311356,107.33894264153255,95.22169490306952,92.06619396106052,91.0452555384685,86.5894175323972,83.26894865789117
85.43572384147402,86.96521399202996,76.11064043450095,68.82212006398021,71.53093131460616,68.25774760871438,64.21461734753852,63.08530624645534,59.40136209921863,58.93151341627699,64.61159598806871,59.59105516794536,60.64679162489224,55.50558435594018,61.35059814456937,80.17830982288697,66.98244511191508,60.15171745656992,53.53527820850582,62.258790656906896,57.25555072636525,47.122349771076735,57.67947821537068,56.02833232810487,48.41107084850911,53.02659349054871,57.89339887530054,51.9535860886463,53.3675714565241,49.77888309724931,52.31659232413767,58.99544151214595,56.09354594220559,55.72718311011937,56.46061250464272,56.59546965314705,50.67638337502178,53.10968194402371,54.18581180751421,63.236656972165015,72.66307288816215,77.2348065748851,73.01528660707687,84.52949559550807,81.59590583942865,98.78479641382854,113.02200652524384,117.27416203721036,126.51294157365209,141.7467268536142,145.02109291912012,160.80610609024558,187.713296809714,205.00548465928068,214.55917564919775,229.7139570635217,219.5602477898423,224.0672162990616,250.4589458961607,241.5339539074573,288.00487228134403,283.8047483444179,282.8259002618141,297.34187748452666,295.7316949266158,288.7498195365383,264.88713517124023,281.71577174952347,265.07345966716576,257.41566433032085,259.4231179935756,259.52342905624886,257.1591053585454,252.4993489758417,259.45555125406173,396.8914582624979,339.16967571290274,317.0104183150467,318.93861894583495,317.0348009030271,349.96800844929595,318.1125676456891,280.09561074782187,280.71611588682936,278.13493205925863,270.7842965182112,256.46173263613326,257.5687416280384,266.8249636466058,281.9195775331759,291.70391524952765,265.5341872910565,263.2382326891166,274.52998236834594,256.707675723658,253.63522615825443,258.2379994869277,264.6042504738808,245.6866665421637,251.7107387290164,244.53727944103107,245.4542968713742,257.66789502779045,267.0833599720804,246.37238402187663,248.81244507771336,270.76290414815566,255.9767896223296,251.73317656493748,238.0739179331981,237.6835674990738,235.83503025333903,244.0790010090803,236.31645732083405,228.5927251625812,234.73150537023335,243.58551702332937,221.99492419736788,240.54657723858253,219.21165092823,202.24243006803312,189.093443141218,160.51009855518774,175.43042797283704,206.74216833123683,196.58315721796225,196.6496395076557,177.18281916329474,172.4467124706354,171.32038644815952,206.8335591956329,187.87165578830283,179.67091988617068,183.27101884775053,191.58071060633955,182.5612081734594,164.1571521407347,144.33479992259356,140.97288844153772,157.40286451064412,130.53437233723852
146.9696291521625,143.40747561501,130.04806506243153,122.39407845056866,122.85810161509583,114.50245713671252,105.19513054908342,117.61574325284327,101.85158870008716,99.43539032957976,102.19472013319346,97.56379752408226,100.6727152200303,99.31821268588892,97.63970153639082,97.8176487659157,96.03985434681002,93.7807784474023,86.2137096164956,91.19986482003269,87.6110568305785,81.89556473356447,86.5147099193935,83.34857136651199,81.85046596935271,85.18444141269744,89.40268320909072,83.84093873343404,85.49526172086135,87.40688314047922,89.77898281878169,92.71812070398178,95.6052060170172,103.93740476228812,102.49298480878755,99.54828216838926,100.39461230456736,99.8169837558734,94.78665360138062,111.45980295673228,120.53784244386289,124.54670766305196,136.47107788456898,140.76597103746008,146.14877860241046,169.61534979914407,180.4357771002289,209.69120687624607,234.87835131099823,246.01097964379017,267.121109335777,303.6250887481219,362.5462370742412,391.4125394437745,399.161831225479,434.79057010177496,429.2244360806875,435.74511337773777,461.1894742415884,454.7806198159841,549.2050018216457,496.1479949583895,515.8465524275363,537.5101647756451,576.3890842279189,536.5438554960168,528.7537703857124,524.4871820954014,510.3235741183763,487.674224557378,485.8536068086226,501.16945761068393,491.1120532886764,447.8067904437658,504.351948000999,557.8040720790173,525.5064643748769,529.5004378683794,569.3193976751901,542.0444327466013,600.3040962108572,569.6102255000783,507.69758927620734,526.3646116682618,551.3440648724661,505.1219367441825,513.7070888138845,528.0533014096588,517.0731709034543,493.3906285904446,527.9217189617108,537.6799647812645,539.6186686602734,545.8700571388044,503.4673643316513,506.7844812420893,505.0724807899727,527.2193537392644,516.696972451744,541.0698443310225,513.4455068333044,491.9943783791935,533.5487252300853,534.1454087829271,525.7833773037324,514.6572388431024,504.00613993787846,518.7845771427641,505.4520158002851,485.51878971233526,477.1380138368395,471.4666116388028,453.6438905626665,440.4554408478791,444.8096393221933,468.4988019488522,556.7257279231338,462.9558885773965,470.0898962540572,418.975064404509,390.4008208051905,366.58378371177673,340.3864863980933,357.22297499064035,397.86862157894257,362.2596908502082,338.7227757908116,321.0857508020183,308.9204391522159,302.28079220324,328.7362857701043,306.305010869292,291.45553107702847,281.91102656619705,289.6306675472997,301.5732828634839,308.15272903974824,263.50868272167065,254.2019887566988,233.5668583248171,210.6191432750092
191.6556847570693,178.33996291780684,170.344746930261,177.81096759359664,169.94666616316977,166.9023329142525,155.3873924278485,203.59515892871423,176.11450965516048,161.78768247203053,140.57438660684963,145.65489040688496,138.91297135915008,133.05543803348792,132.55436373382628,132.65521846401754,128.75934409430818,140.90125701353188,123.03443246515872,126.17803184411324,130.34762062352132,124.93165461721868,132.12823374816398,124.0630513421512,125.93371269041528,128.64132410085472,136.03391441678485,128.6530815857019,129.74164977967914,133.68470464833797,137.57017913539198,130.7834863979534,146.02359963464448,141.73289625500982,145.8941482346101,144.44033203652245,155.62215164897387,153.05667940104783,155.248285307352,158.95531576930762,159.60639465658303,179.2235824248071,209.65737627153368,233.3645763062534,249.6885058345344,262.3416792758581,272.6892804902133,321.32412207233426,340.40339024778973,341.7724140137348,339.3492904703021,384.4393604771786,450.7858872447579,489.5149071518555,499.3908743386213,554.4791340905215,529.0674110732467,498.7525122446944,530.0530162445003,494.6393111747139,541.2534015734984,549.0258209997451,538.344158083917,585.9937286159414,614.6468872080605,564.6782400874191,560.9826669037567,542.054886312551,540.9829909917462,519.7847524008836,507.8818089835048,521.7106498704613,527.8725309587687,471.1018740375519,502.0359249049287,545.1188549329592,507.3111842741885,539.8760882188024,588.5694050038534,551.5620720664595,556.4584632171152,584.4318033772772,558.032986554833,562.6054244027221,662.0787623753718,595.7648216681511,564.960663772013,549.641474539127,596.9718476554962,544.3094838068122,592.8151841683575,593.9137244403206,627.4892716188496,618.0788512354233,572.5983031050195,557.5788168782851,576.5961592101133,582.3478066722587,565.091274237816,588.4306885346292,549.1233185935507,569.3141784976534,589.6994601837117,592.2267586985402,607.5337632326117,590.1236196399559,564.4344553530626,673.8263766169669,623.0497680865775,593.8523164876708,619.9636730230488,568.3197640003486,553.589430678482,520.7145471601505,532.0748868201395,560.883974249742,553.0263855289114,495.4593151989588,578.0496212100775,459.2860154898765,447.45767697945365,439.4354527769055,422.3291184558788,433.5286245969641,422.935036426448,377.8639750397411,380.3962971575176,395.8948571802309,379.15460228792455,350.8234099990435,359.0219934049873,346.9420320715985,340.8231299222834,349.8706477845789,333.2368944828823,340.13910217164266,372.9202734372246,345.106556186818,341.9841544075313,296.0572444304898,270.24758453779555
475.903344407072,444.1939592313098,433.2997992728917,435.8562971994008,435.1497609243301,402.4267791709816,398.51633646013687,557.148104721484,485.8655624468342,442.8562476072113,398.17949816651054,384.9185760396621,350.46991317536384,320.17281170652734,333.45911849640544,348.2300892021465,332.5547246456795,341.0967115225323,323.5944536613757,317.9059253211684,329.00920063616485,316.1855657830879,315.76920854831286,309.74766671034087,308.45997493587294,298.735871737661,296.99965759282355,303.4003963548895,302.2232119343326,292.50409916147856,312.96925867473544,328.15753231177,303.1819253450369,294.55444799027487,305.4521203509116,302.8098859898861,334.19398049995755,321.3422564449782,308.5033378776289,317.05910536301553,342.9723964412928,361.03361940164285,393.4796122257629,391.4892300136595,446.59842554186014,455.4769135891704,515.6068747024582,586.2765172331018,620.3852832602785,648.5274623492719,642.2798133386882,737.4618886617151,769.9236043245479,785.3006480932587,894.5593567278589,941.335046098902,918.106554978932,898.1450135092864,915.1515110215277,859.5773418334198,886.8891115106865,943.7253258866668,938.6987174358064,1019.3387418598488,1129.372673942109,949.855786545812,857.4848349052718,855.1166596510784,851.1398643174965,835.2416975733265,826.79598203823,853.4595653670472,836.8192481111012,838.1751726948216,844.5066465310684,910.4071462416142,857.8616520193797,892.117671997066,1047.072946783346,1019.6047854850016,1012.9852816868178,1068.1428928271632,1089.5417763021026,1086.421133102622,1001.8526563166208,924.0830863406618,942.9431099471208,911.7385731789044,1009.290519367926,902.4319989737209,871.4632707181347,814.8987586663261,842.4736664473021,845.6850715231083,814.7506220689228,793.1474682424487,841.3413358686964,835.1012810428454,861.3472080462145,862.7995294973524,904.6395471346536,846.3010830746631,810.5915045115543,820.8469609616373,766.7595149748873,786.6233793503691,743.458087921928,780.3558914875465,783.6826004695853,753.3445110728372,771.4806428350392,757.8858340232691,736.1669349654296,773.7693540435014,754.7912443229707,773.5217492373182,758.2214845720296,701.8453821910006,784.624140644858,745.4232472930479,698.1629758578183,708.4887535929789,743.4727745854684,723.7499138325898,725.7839691118,680.3891038682589,690.7871344503468,729.3982627560794,678.9295910737735,644.5673079452882,652.0958223170692,653.6015900346237,612.7816297198008,634.0329169624499,639.7247050232992,623.870636367676,599.9094840002863,617.4520750355684,596.6902854930194,617.9395809052371,579.9427287589026
286.3615638888905,254.7756323666563,270.7873622372965,275.3445552371455,267.8025652208767,258.92312990823393,241.8121570723225,236.86236227070071,227.7070557760873,216.8466971940132,222.4757062523501,220.55073383155172,212.66952893078533,202.63492032937495,220.3216869962029,212.6071403657386,207.01437580363336,209.98397358078708,192.14679737761,192.71546489206565,200.17437508094224,183.09101905438467,186.01757666811977,189.7066009108042,179.5955149589748,176.32578688487538,174.88688129435715,192.9543371452205,194.2206164480361,179.3980967711399,201.979488883798,214.53997908563727,196.4514468210349,195.45867643994893,255.911219256942,265.9959434517876,277.23396371138085,241.4042499959021,232.0256095050388,221.4298791710655,283.4521204587836,293.6414089308822,370.0920401794117,349.2445156735174,396.6019538219898,337.88557151243407,368.74296593266985,421.9806231695823,402.4057782169521,441.8018046422227,421.5257054931668,436.6241073979378,446.9708468521292,454.5823525791566,505.4221547153182,517.1859111301554,568.4966384190055,559.7105131164108,599.7234679486271,630.2304402528215,597.928101104508,614.332918536372,586.7106502629396,660.4528548354024,812.382924569266,671.8667097131553,618.240313168905,597.2916906132593,594.1683744589909,597.372464502926,588.824486341881,611.535074775083,618.3737708202838,662.2228454759593,623.0219401196282,596.1833727930593,578.9277206809927,646.7126738968227,674.968991773333,629.7051966049262,642.9074204706455,631.5613233356216,657.1433556025354,651.042081488809,616.6756604015275,613.1019358349117,637.9216784292195,626.3515349246976,697.1124872607513,649.0319517471772,627.7620794857819,581.7443511735715,610.9727098690905,612.0534311957198,579.8144266235911,600.4277001370327,605.4278887948769,594.2416989581745,576.4201528729668,600.1403878712147,563.1649703634433,542.5933755585901,532.2870693365184,539.9474287155015,521.8366566621717,500.9491795645111,530.409680241786,503.2633439574261,523.9561762888375,444.619377623916,454.5774557646735,438.8136289935754,432.7561422733175,416.77105077222353,421.7522643465714,437.6823071662161,446.6489626579992,435.7977044036623,438.2514852867428,439.5872011103529,449.4568752929168,412.60607478026327,460.4171448699671,479.001662170841,462.2727805724419,470.01375410601287,491.7196347893404,498.7528597925304,466.9431855611262,448.6801796834813,406.3464146464962,451.5823348961021,415.3514873783874,428.24674912518657,466.9977449833221,395.0309114222528,370.4022342116573,401.65254169214313,398.1636155636462,391.5446945575465,422.8130646701191
397.5121276630968,320.2154098159265,352.1447619885571,332.35522700316284,351.4800917347855,351.75739983694064,325.51115494813104,283.1550909917917,269.29453483846515,267.495563559493,294.2264115290788,282.63372237107234,270.5838934134778,253.83483185959128,263.1400782867217,239.3986660700429,223.45618212482012,237.23134039230413,227.74065489343425,233.27716623862847,233.0110494080806,217.73664342774768,207.82204345648455,227.03334000608308,218.03712767156173,220.96291542648584,217.90329810488595,214.99167070618915,214.85241394460863,213.6276397468972,217.88784011794417,218.74321361355848,203.2162995223211,214.5953119735923,237.6981734098882,240.88466819712485,240.90894820699344,234.820478953006,236.9025996145118,266.020345189843,288.37249041379306,302.2301369933017,324.24260391690245,374.60796012721977,415.2081237534207,404.111403664654,433.9356733121657,507.6707157040377,463.48972353669353,523.3445220896242,504.9444513840381,525.2259235456394,525.096489685477,505.090311341082,498.3842480143617,489.25832110115294,560.1949454339317,528.2864758063446,536.9453995575493,591.2719390937655,602.4243740097414,550.9562499213538,554.4038988064207,563.7877445975523,550.0714389208455,509.2450137739209,537.116249152104,554.0423118847216,541.3795646417617,537.6874616027181,548.3700953948608,554.8204620238271,540.8759502372958,571.063653950405,536.2164040635279,538.8621088517178,510.9609317367039,570.8109784886218,547.1441047870734,505.76294228915935,478.5215697041792,470.6597111829428,472.9377147144289,478.2417067686483,578.0604263685775,572.9224559533804,508.2826447135861,517.7522084725994,556.922649030064,544.5949907198756,619.2564925523845,513.9307821675654,509.7826372091872,562.6501574509203,524.0124842359284,554.433462038195,557.2714557317247,557.9287875962173,542.4804571954952,612.5659128888334,520.331002819021,529.841969791889,528.4518847929653,501.1033657497424,507.880523764952,504.7440134202932,505.44275574339264,504.8063185234149,529.215010545636,485.5060099101232,518.0495054093191,561.1843535846164,576.7306072064691,540.9665207170423,506.2716863765007,513.2847098681405,547.8846889590495,531.2039168160553,515.0510912899351,563.1334994204902,541.4946420965712,484.90679949630623,489.4017907004406,492.5511624022939,493.4594608263769,493.36896289541534,538.7761226060682,511.2128744436847,513.83452855025,490.7781496037172,459.814449991886,495.4980039612282,453.0739143120901,452.23400435238585,481.2022827130343,441.3776960666009,427.7458838269027,466.5699257473185,437.7702387045573,436.0956455640463,434.7780074470416
491.5072649902757,431.78394690618353,489.9637449669916,472.5820123593155,461.3146853508074,465.15689730988754,400.70274047039896,356.1888749447329,335.27281616034605,326.96673995619415,316.9178996513987,314.15191217733945,346.3476720596755,322.16062169393985,351.89730606178904,298.98397425970563,277.384000081509,272.53226892092505,267.5464196961178,263.0683671269851,255.4289913848364,252.87846471836036,240.3399340754549,251.85383180823345,241.5118897138409,238.24235819127415,244.94588959646225,238.60372688385272,232.37698850751576,226.3951739061376,235.22599685694416,241.26220386014225,226.9511338697092,225.28903346103883,239.0227226076276,239.0043359746548,245.46262407877612,259.88591638151667,253.7251276415798,263.5730988449536,290.87763502073165,284.3244756964065,291.4551652443928,339.27036121726746,402.9370988812236,412.0312041168329,500.7588845326008,539.9262750610443,527.4675043607649,539.8087111707672,552.7530315527529,570.2031165705728,587.8224179553548,612.3725387230066,591.6951562780646,548.3925537930793,634.5643903710533,606.1946113412047,573.4426879538909,606.2402983485872,610.0390080094057,619.409369741659,647.8138177946867,657.2763525744288,626.8366405135426,623.5226104576366,613.9167441777558,637.6537266530303,634.5419371056553,648.9281466927299,635.2066174567119,623.7704555626408,598.8205367308632,613.7909194591015,644.1675510983752,635.113219379436,596.6500785807727,599.009929313599,611.314924965461,584.8750603394831,565.8759909037013,560.682060485792,554.3263612984416,571.1026389845139,646.9416544424818,613.7462234775589,548.8354581848467,573.5696246364031,600.7293378800401,573.9893793901159,609.6418108954415,539.3692532699795,537.4989515812248,581.1734230946706,632.0685271482577,627.6117662762523,607.7762803831332,590.6367854240283,581.4963686064017,630.1864219301618,563.8480682473323,589.4939530844682,589.1079932761783,558.0683820374876,576.5144742488637,572.2938147410582,570.3794404611469,555.8129268194882,567.7536257843209,553.7654415768179,540.802266770148,598.0717787306683,620.7306896372075,591.040202350376,614.1507785506013,589.4302896294274,594.7800143013291,621.876148572365,557.9036993593671,558.1124117315269,556.323174391197,516.112353211217,513.9307546316031,530.1523802090525,536.4648928818663,565.4809255520796,524.375349622765,507.9562271294816,543.3643875528833,540.6919677681448,517.007546010881,549.7008736308002,491.910253345916,487.2815502973802,544.6265706147228,532.7098814096998,496.4063588370252,493.2805891520784,500.5372510547013,526.475627563369,522.7284353209948
242.54617954038704,217.6145788247016,192.871904982975,181.43477992926972,164.93273705345192,164.7064731993873,243.2825002094708,237.5041393651937,184.7943828677136,171.25861678586725,164.78536104699447,170.1707552754353,164.68679129726615,150.6795717867499,151.07442327202875,147.70984990813943,138.02515439753736,146.03998451183463,150.2733329711889,140.34081585364203,148.41067133319058,150.36590487412272,142.03491836295615,147.15657115916218,151.31774064107395,139.98429137365315,143.78837667319232,155.91497987046483,144.9401939918432,145.93420127464023,155.5488976909784,154.2293528780668,173.41174735058576,168.55719111368052,161.62321203909147,175.59936747066715,179.40767795893044,176.04897199329136,188.7552619835988,204.7874305744302,204.4387316330971,219.18657597475803,237.22927414715272,278.231932205944,269.91774083632737,276.87941026958146,294.4664812189887,293.1447623269475,318.61766601276486,345.7941185725556,297.19959364082,321.9340329345154,331.0757480269112,353.7839204208886,389.4280382104063,396.440409944753,430.009833263643,428.9757066843782,393.74984811331166,404.76118998437806,376.108165942165,394.8974649274796,388.4926895196276,378.18364973009534,377.20558739598914,406.96188194314647,447.6199450848675,462.7548016787627,439.467712949811,518.2574524144324,526.8510755793213,491.096739828651,499.1613437260287,486.9758665617223,491.5775771274999,512.0752871420665,471.7206543647836,466.27266880902965,466.1619761626794,470.2391532318933,426.21219407037125,482.0555576526555,557.4095501843145,514.2968871153951,480.6345619525316,396.7535378890694,412.3843839424964,401.3464267800829,413.9677172881388,408.8444223448278,396.7366878493631,389.47974525019526,434.3680382331098,369.4038552902446,357.3558371220845,361.0010232725653,360.44830708309,340.5654559459878,366.9170847731652,347.9738062004281,345.7043680547433,372.0705349107235,331.78824491697685,350.22196252743515,350.0635497304784,332.42050637288,322.97148330819203,326.0783055401016,386.5509181927508,401.42073426599865,373.76947323325095,377.49349646418426,382.5892378288372,346.68879219852533,358.9755974114075,344.59266351863926,435.7636327673789,368.4302626226881,350.2758347467141,343.7685654410137,348.45727888066386,290.78784890116304,300.7594421403875,301.1352962940741,288.9199603173605,290.4958983561412,365.3283212107585,363.98454376330034,359.933937561176,307.10449776845127,340.3228386857241,299.18841297376326,303.2330066805399,272.5885714945292,332.5397067473132,346.95107783195687,303.1818482235957,305.92615474919165,288.96215103836346,305.5779429945864,284.76068611749565
275.3404639373421,258.48440192671904,221.4801632881156,208.13764306592836,193.49364697800615,189.23372164265635,251.4863454970711,243.68965593366292,200.66059301489645,192.1860189904541,187.00822977310528,185.2825475978024,184.2342944210906,172.79576109916349,168.46922925795764,168.5638029415406,162.21653442517106,166.63632780962175,173.34074067099897,165.587014787928,165.68205549382398,171.98389277109416,161.47149783400897,164.54568513172964,169.40201037526168,161.91379070669566,161.45733595216632,173.1173438160242,168.68478709057703,163.5671986645262,174.28237762922095,175.11055720793786,185.92499906535332,185.13615787767569,177.84346521115967,186.0836612362361,195.27726840800287,196.55235633647985,205.85436982631936,226.67235962319648,239.0087259724274,252.7444927048503,286.0030520114403,325.56468337444704,348.938160735802,400.6554051000728,387.13357548998505,439.1465314482908,536.7726761206577,527.2523687912991,542.1432345664418,595.6636847904309,597.2570652894008,608.6663327874032,625.242559915319,617.2442010975583,646.1034652254319,623.448055220209,567.0323192411549,570.5107477692941,561.1720778523639,566.0053877286488,573.0141785649108,577.7191018960257,542.3029219214837,606.0030240924024,629.4082679740734,641.89963114906,629.7195972382804,694.6799450551823,665.3856411814278,653.9409272256365,619.9497516085657,600.077481609559,616.2222634161284,638.401792559301,599.4810551117048,609.3507566432702,618.3530498641982,625.6970446967961,570.1166379119366,625.2762411614833,654.9294473670288,625.4520906989588,581.441674260788,523.1903678613739,531.0743704256138,538.9604246789496,534.4878121233806,514.8996785324487,516.0932399897102,535.2507460048074,584.7266712746998,502.66580058172815,527.272656111001,539.9952164637558,514.9862713010706,474.5336501932618,480.5207607633662,455.1912935932938,446.7890430006637,487.71343710457614,447.00300819858586,457.3881526028188,447.0648760800309,446.6723383240807,418.6666557055648,425.6515914211124,495.3976757880562,485.4306808563916,446.2962178933061,468.2711084932516,449.2285418886568,424.3538639557999,432.23425160821625,445.3851194346727,503.2494915273704,438.325440431637,399.2541595897965,400.7007573239187,407.3995011012823,360.3737249957297,367.6975175879709,352.9416658996413,344.48850992585494,340.40639863239704,399.9771949525931,411.59342103732223,382.5227930997396,338.58033486399074,371.7118857107934,337.98742516161013,356.6017271611955,327.8921130037652,366.1407692435113,384.5841241347544,357.9688034603178,359.11991702226567,348.8227891825055,367.9528737801527,355.5316256479195
268.2931121635261,266.8540086000254,220.4255862455178,206.82108839476052,197.2503532591921,186.7344365086843,205.1103225813804,203.38446305756875,186.17326294788197,180.16116227157053,174.21910248033478,172.15317893220617,169.6188958703068,162.81960939453225,162.04677669564174,157.17628651599057,159.24835725819435,162.36599934342354,164.21118609353962,166.22727154175635,162.67761981554705,162.9536172987715,150.49460680843652,151.6700068070669,150.14882022142564,147.16002567209227,139.8868154599902,147.9102350375347,152.18978028622897,149.12329020651515,154.202094941788,160.43921891962765,149.60735927383388,157.14211699591803,161.82895164952396,163.27552415263622,178.18061425913723,190.2756819985731,201.09213490578375,224.0576558590184,260.86500947708794,261.8889010904674,318.68842756916786,339.61015892304897,446.9333735386861,591.7748438746924,528.861084207173,735.8891258665446,1035.7843709673484,983.0834760724792,1167.9540333825714,1290.8836711250694,1421.6121333130527,1348.9606599839158,1310.7009431816164,1224.3340704865354,1287.446283913234,1182.495474634261,1048.513726877344,1021.952507548898,1020.8212013874502,988.3086838353724,1023.6336524520742,1029.4021251296033,954.634645456261,1050.8065190805755,1027.5154433680066,1009.5642695547426,1026.63826074111,1026.1028710415558,941.3809954502724,980.0801063753152,907.7489552408994,863.4719900532805,927.1861795918963,953.2690144647482,893.8951384292621,906.6296012976328,904.6886030932476,870.5459566732102,813.122254138201,841.4913950577528,815.2861641585273,806.4594551691561,777.6449632408453,750.5159768943408,752.9169501540166,816.047075011994,757.90058634771,747.0330978248297,772.9209761573651,847.4773848693972,912.7316977492536,821.0297610302084,907.5583203015548,957.4920188617112,850.1125218233318,782.0941126897743,749.7916792702094,701.26537703056,702.0582218758835,767.3216152408921,697.8019691327193,696.3739933480878,661.9999332675116,683.3422405538452,622.0804264799174,634.3899741309094,677.2587601167005,612.3162490042382,583.8407523710629,622.6055578779346,549.4693347180395,564.1302995931899,501.7720286936521,509.4614910114125,485.4820173318757,464.1100562726389,414.066161326789,410.74761217954136,396.4353050935658,400.04614517376746,422.6295684060394,385.2253102736364,375.444030441313,363.5406049031761,363.4260060562861,395.3374361542827,341.0076306685178,315.1837149681945,333.183265052338,307.55075416081314,306.3935785228448,335.2036409864465,302.3115922180958,326.1102709042949,360.356525271996,333.67333489652606,332.09905727061243,351.0085994278928,364.8789359776054
453.5124616688905,422.5978763584513,360.51177418766,359.4994441889263,350.55667215172247,339.95615272941785,348.82012402416564,324.8486786266927,319.928359524396,305.97745087891855,310.762028370866,316.3189274431041,297.2057717444902,281.75892851264786,280.3368313821598,268.05334353776897,258.83318310271693,253.93502045043095,258.4480881808896,243.9260756405554,247.30115574608917,252.5106299181465,231.3568280178552,228.05651355313205,240.67739612174464,209.25732483816583,202.9012744483784,212.69749044414337,203.31674982531567,213.81327971620087,220.5801933954056,226.7413553947975,216.46422900379423,225.88700737193585,215.7561537304432,207.3077329080401,236.67980043323635,236.9643144174918,278.87022832884804,277.7036186771353,310.48251195726385,277.05538148255533,344.21599469465906,341.1462853788,370.7313021442589,447.8796266057276,455.17985594284966,536.2451056256222,673.1657866481289,710.4061989710966,781.6403202455909,780.1393555596268,864.1414392450696,898.4936868632094,926.7564914342926,943.577028066824,947.0638293448476,956.2799302310104,974.0779958413892,1036.091144195094,1104.899861696981,1071.6006193281828,1023.072926692534,1045.296803256855,976.7404749390176,1068.4855890810843,1039.1121687981347,976.1827774472828,964.6953676771316,963.3677789383644,961.8316558037848,1067.8595575419508,997.3252712357248,999.293807242096,956.9008651351952,909.903344049179,940.7109783550812,1005.3539753335396,1035.9451943142456,992.0271757658926,987.0740564900476,971.343667123274,892.9562970760735,873.9996151243129,903.4093756512254,872.2407420571099,882.3792269439124,899.1637906903401,836.6788757728382,852.9980172589692,843.8395862360518,928.5068194324332,895.7584249028589,842.668925252684,831.6064795909368,810.0706430099088,873.552737253618,808.9934069714692,776.9739134523214,751.1928675776827,783.6746045854997,813.4729208558572,780.7375714024782,776.7795708818725,773.9043059047195,763.7234115056904,754.1921001936672,778.1546936023954,794.7743935497383,799.7864793117171,792.5529043440812,774.7200940569677,832.6180305538619,804.5130780196649,726.4509030764546,685.3147067322246,700.8725220920873,660.0000836046149,612.8685653894771,636.0776557371329,598.1566380220946,554.0043387108085,576.6049454360115,589.3530966081458,558.9060419301932,551.5711910634677,523.7617039704774,536.5488951242739,521.5177264471646,530.9087714383215,524.1156468048775,505.7303784868683,504.4934727784293,522.9831607531512,522.6501591997624,583.6430073285012,515.2737308750708,492.0021509056448,495.0276300988778,486.5555720539849,472.4831058123687
444.55231405282194,401.1237527543501,340.6121929432851,334.17650025765346,335.6650890935479,323.6425790261567,339.1289793008608,333.01394391236704,335.1142131882579,311.9769325130431,329.180708047671,323.3096199216328,302.1365280502184,290.9909761986293,297.9256677641599,284.3678981028923,282.70812449647434,273.39425651493394,268.9855762395284,254.98982700871787,261.0702180940609,268.54260641261925,256.5379695483814,244.8636252960975,270.58025013960435,233.359511381651,224.69812706027147,228.02577478339168,213.5083834054228,223.9043606877548,230.72504932497924,226.17932501079275,218.2030281472913,225.9146375055693,214.8458497480442,213.19862353760223,240.48463071430305,236.78384934919103,274.3531289285034,261.1993822425731,271.6351933948467,259.946084676311,322.3855278432395,326.7832496852861,332.0492953629845,406.287801131733,427.9964450134573,459.2111551076847,533.528753515376,577.279265992401,632.3006025403556,618.3169866519431,690.3733206792596,731.3613686424777,756.5552150624547,782.0305077298174,770.7311234248436,798.277428325042,843.2714880873422,901.8788213834248,956.4211716202436,915.4498896192262,874.3818227990124,886.090797751388,847.5411129577825,899.9375088695648,921.499247368558,881.7634869106447,857.5997555602328,862.0918064061769,876.3887497409062,972.103299217464,945.0054689219204,946.0908787147764,892.9712208647933,853.2504527639609,878.1750864454565,940.2412777929144,950.6212766157485,925.7311550607034,925.4767833265108,897.5391217378902,859.2681212485633,845.9874086461987,866.1605993588893,845.7407183146062,869.6323719012795,844.3378293068063,795.0291107589917,831.708565982971,808.381774377793,863.4497509366702,823.548163491357,803.7704875878143,784.276002141645,751.1800067211299,819.2985204336376,794.2046058885845,759.8340274680567,737.3727019868614,738.0612323302446,763.5344683534009,740.0030835424569,719.1387083933266,719.2979550989941,711.4825394688307,726.9983309929023,736.7380001429601,758.600748131277,778.2069907450671,735.3334984283725,737.5886269717095,824.0528585196356,783.7772347968233,750.1584389524992,686.1614095847873,686.441659781749,638.070396126014,611.2339444854043,623.9571046936817,584.8925187226746,546.501212922036,564.8714515139368,581.285773729016,546.9414271160201,542.6470310652044,531.9037140438197,547.0944665201971,518.0505610456785,522.396623546791,502.50148957235984,482.73869819989966,490.0595482344858,471.6308459187234,497.4880646929475,543.5095312179616,493.9113026183187,451.1263816111313,458.735857314848,451.5744452340583,432.2857425357736
420.37411918393497,419.4709768704061,304.8188185668513,275.6005002178731,272.7347580581242,266.6839136597186,302.3539238434561,304.7231377154637,289.5202048462185,280.58770544708545,276.19225947638233,268.670601135618,262.3207375428196,253.0093324233156,251.9006294406132,251.23792070101868,254.2044349876442,230.28833022243947,224.78577559674488,220.828160748064,228.34462783066357,223.46526189551383,222.71847447007212,205.58169091290185,202.9842169556876,196.73424829737016,192.7729102036352,199.5992851904463,195.0684346906789,187.45754231034448,196.5656634506323,200.4764443825241,183.0593621344165,186.934007393907,197.16222661330175,194.1172414423929,200.6056328360644,205.5440848936045,203.00281722401053,204.6310387346475,211.74034775844743,220.98010279852343,283.09376571172766,357.5442109869628,325.26178872904285,350.4666006803858,350.6702751789012,392.5594518034096,466.6597735675714,455.83723433361655,466.68299486224487,485.7274921832562,508.9731703448607,546.9018659602017,511.7428923081885,541.3053121050144,542.587121374737,570.6996819893769,586.0621819306245,597.4908789386027,595.0815512945414,560.8669292012762,562.8561502113471,607.3204846847173,623.9359062728646,602.5620640391764,637.397609197623,648.4999328547583,612.0145387681124,654.4290966173623,684.3862334716626,741.9711980746386,746.4519368138867,747.965281617952,751.9656614335323,771.2516150998888,704.5902757137976,711.6266604233376,665.3637840691862,671.2035585057507,654.2225469644771,645.64741892113,675.9028156330876,761.5329456738147,753.0800301637987,692.5058090808077,713.6253002558208,739.5260772825233,731.7071596459413,781.6173033857232,783.0695252751036,799.2041445849246,742.5811302241688,706.4323923342611,668.5528019993936,637.5440782612437,639.8819075622802,644.0837890322215,618.1407699299411,631.4260442692573,590.3973120056855,561.5772189269858,587.9072099499951,594.3369273471969,543.1473391750364,570.900916967064,569.6630012686878,564.9867080692587,599.0415588691069,620.4621393436831,557.4319052628662,597.949464399906,604.3059784976456,580.3466327122372,575.5056280717023,557.7613352579931,551.7283797147386,550.2917852798829,546.2685705206422,521.2885924138184,502.66531677675374,452.2352968956064,442.4792513591162,435.79404482162255,425.5298190801069,418.0046333396662,421.9367751041644,435.9176665987106,474.6398395184429,467.914112660888,413.3667047525107,429.67626787300816,438.6360388983673,383.1293467138325,355.74141245213457,365.948697654748,394.3695510862251,340.57046049100177,335.7546104975749,328.100954782164,307.39135595453865
412.1646149110245,362.7753691795545,319.85476744888507,281.48323638538733,226.41083160142884,259.93673616838936,278.092040927192,252.21987754323857,228.17541422285277,238.6834785793868,212.28109378307917,204.2939672515752,202.7851288361136,179.42720149214855,190.8472237795758,190.477139785106,195.6461534309937,183.58520124911055,182.74505978293436,161.6575326827134,158.64109355718995,162.027417775094,157.7572192847337,166.14169535842206,167.14171211230556,154.1617551121183,153.89531921652727,147.04664422316463,143.9404965094997,156.4073189679303,160.03353548598366,159.56616822256433,155.16127164838602,159.30032213303608,153.50988332673924,164.99143114596362,172.17388034299603,182.18709713985567,176.84680780347313,196.17512523963865,182.4081396875084,221.6271629383429,229.9534349677611,240.8170148385346,263.9081764373795,282.3913044350457,306.861961545811,348.4358224378272,383.2671117743551,399.08383650496,444.2691573082644,473.2098847978611,486.3871934191105,507.5186203201897,523.3705374438613,532.3482173915321,604.5112095919201,625.1310673672292,624.3823730316317,669.2191152681924,645.8884992057929,611.9133839589929,630.4193482827266,664.7264121433858,734.2035110049486,687.892158543306,678.0377478102688,688.8239346451962,708.8813287084042,760.9609096221085,737.7883351128881,798.1013655467085,735.319615743784,705.8794419207279,711.6483907289933,741.2040956468284,689.5310011544175,674.9513064731706,657.0864516258318,694.7319933281798,693.1132648763709,686.604857230507,720.1577877038912,728.3483735447202,759.1248274528328,699.86219112758,736.9211150758402,705.5443074035963,706.3589083614975,734.5597987191859,757.2281256818131,749.2362909672779,724.5504043473419,732.862121357745,768.9364219788423,774.1595385430387,782.4646962620527,772.3885571052114,833.9462046579025,798.42074045682,754.0905629304552,695.6538218728305,729.843647645267,717.2633834966471,678.0721713040829,696.7132058573146,659.7598120009127,645.2702560940288,708.6504113406276,697.118169400558,629.4314082087117,668.9225729297775,654.2337169194964,635.30095501926,647.2253518291757,605.0928614999448,608.7568901189471,565.2594203130259,510.23118130530594,494.0213682661216,470.7701910724791,451.319146289738,458.48339392935287,489.855238780379,469.7180935105141,441.45934881517,473.6864392040329,467.84587202032304,471.5721001637033,457.3867627467014,399.5728105827823,431.98656478205766,447.6789911907623,405.1024082925769,393.7637523391372,420.2865565263938,419.34867877328657,392.1919952404896,388.08207163711495,358.5505932470315,377.27443774283336
559.6669291229554,482.759533233017,482.7457067987722,446.59259660119153,401.3735669909692,405.7081531930366,412.7983441219332,361.72617584012295,358.3025945017319,359.2493791279926,368.9355334904564,354.0484432077633,366.2901326000374,311.75577344380093,325.8740681598774,302.9766884924792,291.9395093970015,294.4282695344405,278.1824788744369,272.2396685468448,274.8523460152255,271.5953252494783,268.65669130851546,279.2591761838374,271.40796389529726,254.61938999647091,263.69815694331265,253.1850716216404,252.7001104300452,267.41293543834814,261.586581450762,257.677135649694,258.5732320954989,274.2014746551789,263.9102838517175,291.58972524092565,322.42711513591627,300.1292451564746,304.57302066357414,338.47236856137965,331.3740739317123,363.9728693150198,368.912599016348,400.8945698498966,439.5070034612096,486.3271215356611,544.7575998182986,620.22777409178,685.7275276130601,736.4641170167454,811.4797876629116,865.1534488183444,921.740904493582,923.7748855854768,943.2749503313058,990.692914890155,1059.8534852231662,1027.3542212328423,1022.4638659536316,1084.3553590225354,1127.904816096274,1075.686677867403,1113.2026351708755,1094.664505573263,1144.90113606248,1101.9560348146526,1123.8904957097566,1122.9933125728824,1225.3412144002111,1266.0690572731555,1223.926253842868,1192.473729532557,1141.807459822836,1095.3606608365171,1183.474986133623,1178.283684596489,1260.678875659892,1204.4337414544768,1158.7677630832302,1149.3666297628554,1144.0045450561856,1149.179581757695,1180.797560170576,1080.9643869879512,1129.9493057382767,1074.5335836736406,1111.0434371943088,1059.4866119143635,1021.5496133271688,1091.2625198986973,1112.9383856150437,1147.647877432424,1057.94417404436,1029.6429377001025,1044.9972804705053,1041.7393791160855,1069.5540518608398,1094.001392503068,1069.287734131149,1024.2770302141794,990.316683312404,969.7181945202956,1038.3155620951763,998.1092057425948,988.192529277032,1045.869875546179,1034.9472447009057,1053.459614726488,1126.1053117594522,1009.6018821987936,960.1004433882066,1022.2849373871438,1039.2874782609683,943.515774667288,1007.601872074574,926.0045915981896,931.9424887141816,931.4353635987233,901.1797004595884,902.3779642395394,860.494501191593,840.5714523281927,806.3324731226253,824.4331271713104,806.8946485878175,817.2604460770989,788.686355566911,773.5038452451794,759.6231292265355,785.4489050572932,685.1738523153198,741.878829271588,778.9679239771299,709.7871588048462,735.0191648060145,765.9405588704134,721.4109307642835,744.4288357514318,812.1339560907637,773.3143400310103,720.7609427459454
788.4231964610169,646.8540588000753,648.1056723332149,661.3359783929703,572.8331258315932,550.8215400251572,533.963401845001,486.06738241513153,502.7406416570783,493.7450771888034,488.03730944774446,466.9518765143363,477.2862510883864,419.3699357400612,429.4845125158672,405.7629035819066,383.5409589687181,392.9662771013901,382.1421976625783,381.08655594109496,386.531532573649,378.8885317659306,370.42129524522,376.0803405045205,359.95582291766624,347.08489536785856,352.333808212982,353.4565587460977,371.1038720089791,377.57452929970026,368.53257750097686,359.6425290567032,363.03814205119687,379.0696335218199,373.9030281289065,398.6311023041983,461.6334669575272,416.2692598007741,429.5074779434527,476.2881379261325,488.97373971263823,517.211478544154,525.1159387934059,571.8181802933502,623.2234508562199,704.9336014546479,807.1241275677887,1004.6496802473972,1066.1509128450712,1159.8072066314376,1215.3782031311807,1385.4564539603264,1495.360806584595,1554.504193478468,1671.4520038976757,1782.7064468847825,1752.353426440996,1668.5403590296123,1703.340530826692,1764.2079948872977,1821.7035744481996,1848.056321363293,1921.790056849784,1933.9452123667988,2013.290275823677,1841.2603664002245,1920.588668439084,2006.6005577740248,1905.984021528719,2040.190271876736,2162.1071796147417,1943.491130970804,1908.7992614408552,1874.678967508087,1998.0392641635751,1926.023777087444,1996.852208466744,2047.2345558606369,1989.959999436343,1977.5444914711688,2030.3754857798976,2018.0950915143608,2170.5362964023125,2060.0415759282228,2038.636484190488,2057.592783804122,2238.6074217910154,2031.790581036916,1968.2731155886645,2012.7937452769208,1933.2303638684057,1922.7238349111503,1824.8340605654396,1767.527385919747,1734.8361284772775,1691.9177433543928,1730.0031292175725,1726.07714226682,1736.8157552367106,1677.5142516031135,1630.2674082513024,1621.6862735554366,1761.6377952778485,1632.9237773780926,1615.363000043663,1692.2858524757853,1697.3693539501337,1742.6320693796422,1767.3790193438635,1565.582444450694,1602.8172957581078,1653.8872405774184,1758.716505797968,1598.4780358423152,1644.8116449759768,1507.9210229792664,1597.8019950875798,1585.5909807071082,1574.2063108381697,1598.381249863073,1472.4854588861454,1481.7316500804243,1468.6355525718586,1416.093526218536,1442.6475046384755,1367.2247628200712,1289.2730029008296,1292.8508849560362,1212.9188023802717,1232.6615351718267,1147.6854832976314,1187.862058312352,1206.946415945746,1082.3584065336615,1077.055783532866,1030.692339879884,1056.1460646434466,1122.8692442677448,1227.0119058045716,1197.4092357263526,1116.0751808796872
306.855950029546,229.34313232566333,218.0921862800739,219.5148719141396,180.7794714412225,172.83528497292664,166.61224638202617,154.11288841953055,167.38170908969312,157.22056361270884,139.68450897919055,140.5132417264227,140.04625636626417,126.74448868320246,132.75322669577804,128.98305632066936,120.73391802721534,132.38172273508488,127.96610254725266,124.27769737427388,131.80555524434638,131.9801869799322,130.35950083717708,131.24877363180684,126.61341081272629,122.21639245159008,128.3450108798457,129.3870410481775,129.61515339802338,133.72956655132583,139.27143857256698,129.9457598328558,131.4979756229828,134.80179631150713,131.72754674439005,140.44061647895452,155.54497852086203,147.57051420981938,149.9297151206379,165.4452538087319,173.8467312993319,199.0617314305619,201.0786096390528,200.62051802522228,220.16779867933644,255.98677956071865,271.1901312266199,358.707323404316,365.90622091970687,399.7090410477775,397.7031938529027,420.2943559323082,432.2836368544995,469.9478863369496,509.9231258435348,547.2616224449091,547.9418000124189,537.8983301229445,573.8374480658191,602.7207504328297,596.869563492554,642.014899644239,631.8174354418948,632.9768837399055,656.9152921777204,615.7116618842623,656.5787629970877,672.9941011579962,640.1083579051145,640.3249665285256,641.2411776876775,601.1136582858674,626.4541912770352,648.9062369987117,675.2362256763238,680.0333986427678,657.5318009086121,684.1336595787303,700.532284850123,709.073437719861,722.6356165601659,724.9146666527706,727.281402223467,696.1293558571108,723.3398068841692,726.5857313676245,692.2590940038742,675.1826213310168,673.5393854549442,651.140604988245,651.4640080602021,660.4367666611239,667.4042011207395,667.1836234287119,614.0749080837777,607.78095789178,613.196650443074,603.0822669021333,634.6979151531202,611.3601254900043,587.4464722725347,580.7567339302304,594.9510242459463,548.351357244075,541.7438344056569,573.1530287707028,538.3147808955985,556.4907684871854,595.9537659690336,560.2534661123306,532.6934768129371,512.6833538521225,565.8065078350314,545.2977341278738,549.9629354004968,487.3434681757852,487.6499849069546,485.0863089064977,487.4903642788156,486.8920863558472,463.88838693715087,468.1877080299955,437.9465942432107,430.4853995740273,429.16927798964383,414.5946940654935,403.5018659966445,388.2809007962284,381.65724664530177,387.1051238342204,389.4813120435291,402.6173107224173,387.059583805505,351.4829958892733,363.07872232952826,338.79532925207855,322.64506158897086,327.9871002983673,314.1547216617434,328.9962033669221,312.2847902129209
621.8676358841211,550.3560637962148,527.6004362263851,516.0589618848669,483.8725298753055,415.34167969018944,409.0153055068187,388.8316368526533,393.1653224435701,384.16814914087234,388.0337109255936,378.7450072652755,392.8062974138128,379.3632240346003,383.8730914190264,389.6155381524438,391.1912886686913,388.1950328978624,392.33018070435895,392.175783105392,398.6083391681431,404.4792173266224,389.13160445315935,365.2143392810492,365.3128134787145,365.7875614969946,341.63485289360074,344.2399215331708,348.3116694255469,328.37944914827034,371.8834297378348,359.4285824468937,344.4344658191525,355.3782106339564,354.9697494488024,349.3624001727782,377.19838662247616,371.1673963143794,406.19286592516033,423.9379683192488,586.3939444252167,588.3025452563509,588.0991967632931,580.5927507981522,626.9984828230952,730.4728370168148,794.2859045778092,785.1037247253511,896.3822518379757,1026.3672169924384,1017.8596030691148,1117.6276524238688,1150.1146513575372,1259.3194852632146,1357.6950279786568,1358.342361141555,1441.5081022779866,1480.4988692202528,1453.419042061019,1577.6038326269045,1577.5141204462657,1661.0100922070387,1641.3841646887122,1790.765277777362,1829.8716575584688,1677.5437200578428,1757.0625915118344,1661.066633349197,1630.9863462062517,1688.0538517953128,1728.1638030698016,1664.4615441488593,1685.983415607405,1626.6630666078315,1666.8851676958302,1702.0522363344437,1680.262153162624,1832.8651775331632,1746.4047186821826,1752.8566584103776,1738.7631002749954,1830.4801958087303,1732.2687829919405,1734.275020112791,1780.799541197979,1728.478833235992,1652.0263497054186,1556.4290121638985,1630.1078402943144,1562.836018155735,1668.348587034582,1772.0936729020632,1560.4842337961388,1512.2786548414883,1434.6636375833934,1364.8384194048288,1450.4699221086362,1418.9868406077169,1401.0763018210278,1360.4101832557476,1387.59861970242,1431.2044994573016,1392.2546121702403,1356.8848344666033,1390.336177966372,1361.218594593492,1322.244423510797,1317.523650615227,1278.7615458697794,1332.2404960239012,1358.136164071992,1271.0908734746642,1238.508539317934,1130.9626593186747,1152.3341248619597,1048.4934838099618,983.674837615269,978.615089509688,1001.2356830401894,992.8400676674706,978.6843967764578,883.0818196907801,866.3271597201915,840.0517053333382,852.7781651889634,824.4928557550053,759.9196519134292,749.2994706294982,903.5205811545172,870.4818050516519,861.7029064156943,808.8060047167729,787.5394960874255,863.581610797985,888.9296909284838,811.6018139925819,739.151073978783,737.947759102272,673.1441240654001,695.7812767579015,671.2452490698197
848.2114285312757,804.1492207226212,739.0606413218428,694.3035112054536,684.6931229093609,668.6323322000338,664.8816096720587,589.0579318076166,567.1640149770154,551.6266021422487,547.2920007905384,545.1077559680531,555.3370972373527,552.0877873483009,560.648988602823,541.8586080335838,553.9746085857425,534.4161032396381,534.8594136587562,551.0058510684373,547.5425983833107,538.2256516938023,532.9986378563675,497.31194675393766,496.0308352584868,502.1195954944066,463.8346179955219,469.8759124235418,469.4745831899568,446.29840551192143,500.8333563697522,493.8093478367524,471.05763951661294,475.9898716461143,481.4422683016959,472.6113904480385,517.070022733319,531.2015983619709,575.5088275454938,591.4825855405256,766.5941121740168,765.6838947316,776.670538392071,821.5915971671578,878.2777629454656,1000.5934058205328,1100.692703446129,1070.1736576786318,1251.4806938287832,1438.142125159254,1462.9553416834715,1652.8341665115718,1681.3049738312284,1887.7291222353545,2050.110999158318,2029.2380970460465,2188.27796877611,2223.780073122457,2230.471550966295,2348.064644274873,2311.182745338321,2426.0270323216773,2477.6076394464058,2660.0333711228345,2667.553677709176,2491.34375404628,2509.762818787511,2414.374530133548,2385.7888886452047,2374.89670364933,2455.3061152655714,2353.5934596888774,2398.274651699533,2413.005283154214,2422.0598582235552,2532.136481643284,2506.0673017306526,2740.337426829238,2678.771436344806,2670.5387611475344,2655.3278074651307,2702.3198602482094,2592.758746260622,2665.0969375711093,2624.759964449252,2636.504880430279,2524.6647411776016,2311.9555420918923,2430.144594946252,2307.707717089833,2401.57751852216,2451.62456208242,2247.036356280957,2154.027991031837,2118.6855387986293,2063.903674745672,2127.6037359768457,2103.6167479778687,2085.121711323971,1982.101680912628,2043.921774644523,2127.2714902017374,2097.3073266201964,2035.578296200516,2070.015077432344,1990.8159671745923,1927.04623044924,1950.257936834885,1887.6838661396184,1948.9104031865415,1920.3883935689105,1780.2863161851897,1690.0580151202996,1564.3382563419862,1604.6914347132124,1531.5651213976896,1452.777158245201,1408.4472975806175,1403.154483301368,1403.2417465080405,1428.1989871850635,1269.136746604108,1247.3077963991866,1224.2019520907074,1256.0653267662233,1203.8092104574655,1131.8856551018462,1078.738817450449,1256.3386673349871,1223.4085972640546,1178.3649241580822,1153.4876127767343,1104.190925257731,1171.0909158319366,1178.473045313633,1073.3123272366415,996.3162160238486,1019.5044735878212,953.2045453307046,1009.1759570960668,943.0427973985574
262.1489490120168,389.5583857282921,378.5680745051855,284.5106557945288,278.4882632464095,230.27209973141996,188.0225167657058,174.2705958487624,163.4177704126489,158.1518740269087,151.72719887149563,161.717846781222,163.69840594527943,164.95859056093013,171.31348446255384,168.97148087041532,160.64314910164887,154.69125561208511,149.11344048046394,163.16430823366775,153.54895360950414,146.6554598774839,152.13958630112273,151.1587256192602,150.06101555726386,149.83458266134662,142.2386134105025,142.02344934721927,141.4711771819734,144.22303199416888,150.9136086005229,151.4598227580397,151.01656162393832,147.00734361680082,155.46958777813552,156.20699049663804,176.77643542557504,183.1843710746625,214.9716698497649,213.7132174527452,201.24407075877969,214.38710521917235,239.6973754844269,291.1718890826267,288.91082161781486,292.9120034972942,381.7733798395615,376.00649272502704,429.1936410702971,476.0090471688908,507.5781090021625,619.3722440257822,695.8283674955504,824.3216209947486,908.0365003692776,960.1564275248112,1021.3002556188584,1006.2052891197264,1048.494819033623,984.0057290379464,987.000376790717,1036.623713330099,1051.4874154816102,1165.201886798655,1260.9985983786453,1229.1153675562205,1181.4177203277368,1224.4521193485243,1115.3190493693494,1075.219730349491,1168.2380563459012,1053.1731314330602,1042.5991911259566,1112.856139009766,1046.954396111911,1200.6836683787196,1090.9003256409526,1187.4085012022938,1231.4286013489098,1213.0893560892075,1195.9154141693996,1134.2402954055765,1104.051090571361,1204.9577545430986,1148.469796466056,1168.6343453667828,1110.225170987619,1066.8731615949612,1115.3296914176703,1084.538006250165,1099.504546778934,1053.9963531901,1044.2160774527956,998.0538393648462,984.638866353378,970.5862094704016,1023.826605198531,1038.7593006183372,1132.7876916671676,1009.7342560928904,962.9445277233996,983.2402776034492,1013.8032227041796,973.8080818399512,966.521500100405,934.2712028595796,920.1344986266112,950.9863427569104,909.3958760598904,874.2907049085512,811.4411038606928,770.0102411706359,744.4043630972533,693.5066748113801,720.712371076216,695.0424263235577,670.108486143433,633.4449165257085,599.9096072999505,583.2740799088832,609.0125575035314,536.694758985594,567.193362723502,564.5087125625929,625.4546263624369,563.9122072094603,510.8299330291208,438.6921312105139,431.017468670976,431.890919851088,391.6325735357683,408.7078188007212,351.6472586820039,342.6364962577398,348.3807107270556,332.57873607747143,318.1744256709256,340.17546989350706,321.8319455410353,338.56835983669527,313.89093596102504
105.9546367558044,207.53361665973344,214.93967875140976,149.9986018855794,144.14452485366292,99.37945503770088,74.95072800945238,68.43440240169252,60.08296619654017,59.2392940600523,56.13792304211391,54.87259532296444,52.59230130458504,50.67801909686877,50.61217625105142,82.95665516587611,62.465798814961005,55.10590883406303,50.22919952505161,56.18682545474531,57.45178388613975,51.388694918296665,51.146155261126005,48.545915092775466,47.14620059267892,48.5997390935698,46.64200794010519,48.33715162664263,48.00651546821271,46.86002545645404,51.48058060181648,50.945594060129885,54.91902297694191,49.79014988868817,51.28431565515932,53.63491065275497,57.4040012406177,57.54101478618051,83.55163406479309,75.90499433328957,69.23127829455602,76.52126219082488,91.04417345711173,99.6010806175435,95.7314284967799,114.0525788323948,176.90738782539327,157.12002346646793,168.8408103490247,164.49943029639442,181.14857662390787,225.87581114325968,253.4796930965732,288.75991832238344,318.6770060084329,308.5341888993403,303.5572229510825,301.58742759824713,330.9811183958336,312.7976917847748,329.115922160135,356.7412387750821,343.4300102492113,437.6821033527178,514.0107630748365,526.1248236067471,479.0660080431369,497.44441319789,399.25205297464953,419.65606561181625,460.98946164832256,384.8820917466643,379.5341384302917,357.0485560395902,335.0081049695906,528.9894366282331,405.9627702948701,388.8413267350852,411.2905787244291,418.61697778522216,473.8757382258919,415.9456320378927,335.1850067860009,342.5262114258212,340.587297932657,319.282549788586,326.13482490776164,364.3104519616596,367.5179178049224,395.4167851143917,378.4344928432103,357.2218702640925,355.04377495267664,349.1851031157987,353.0294996830345,341.5816517411363,371.2833559221156,370.24517185163774,343.0879654237143,333.4583900190163,313.1168586142126,316.5842927852343,353.0515548528328,352.4270566299538,349.05192401230033,353.883974543348,376.90748307332666,368.838624745713,343.2557950328009,314.0093964192724,312.26509538141534,315.96344155839114,313.8472902406115,294.1332869685284,297.21496227655274,290.57424468735496,262.2014464864786,249.78824703527297,268.4841802119922,253.71032140385248,252.2396257189625,230.8411897115379,223.59651859972408,249.3181520190165,288.26420895368136,249.72636904541963,197.43238144898743,171.43211184312136,172.41820634079886,148.84653329009058,139.21573861418756,152.16502891571147,134.21405147213122,129.71519657957373,176.7108070165154,186.82145917053748,149.21414097151586,139.33843249074548,137.21995535644675,126.1475997304302,118.200240559484
168.06172147996796,172.02224692383132,152.6036144304749,133.3112690948847,143.46030437428348,150.8021147502235,144.92250430939734,149.40053797262587,145.8005259287094,136.04696175071214,133.60776832027457,128.63882465184037,122.2330361488084,116.93206774399644,117.39734124913232,136.12477253018596,122.39211453970184,110.36999906715076,106.3134596928703,117.7679676393983,107.54267134495956,98.29268062309336,111.77751785239695,104.12090078434964,101.2747466793342,109.15017793928858,104.72465285140724,102.59186357986128,102.7783953558749,111.61782824851625,108.43796203665951,115.42981464480135,103.0085134590444,99.0737818616416,101.19792975591685,97.51687472477148,102.70479076340928,101.1738698816073,108.1240170246366,121.37791205240526,131.59260986109837,138.28496720183514,138.93306574506715,161.10662775429654,152.0782937111848,172.05861734406574,204.5186257756099,207.4330368900658,238.8737983628414,263.3890379092546,263.3063952498065,285.6608351149471,309.47348760914696,348.755766937007,365.99831429601664,383.52753078964656,373.3533209313985,388.6711483171504,422.2776972903493,399.7490707931587,441.0287055295339,441.57766023844414,436.4519583646517,468.34735970969024,458.6137754541861,441.635469728664,430.7323981546338,447.3264719410079,435.7590028702296,429.6624151762376,444.3621755275421,429.7189548914955,445.3689232026987,433.63623568706856,414.78585992916913,623.7980492055378,561.5817313461397,539.1021662725507,517.4532419679405,496.8229909820886,486.78065076145526,475.5768599937611,452.8563590295623,443.4871667377964,455.7206241388572,432.82058672139823,395.26653271990887,411.9673937689988,447.71225747348825,443.9795940841166,463.8044757444982,433.2715592148459,421.5723149850359,457.660891788196,440.5638205159802,422.6764268757873,425.824450881817,413.131318210021,392.97832959114487,391.30120654561176,386.6176898078712,407.8355580656048,410.0199352571827,435.7925497079856,374.8209825918669,387.3073258599785,417.7324236257225,394.5536160139092,399.4914948514558,391.7548152945349,380.3704083475426,381.3030502076342,409.0914056270411,376.817435076003,374.9989613377909,383.04234449462575,362.33373712505033,358.99433386256027,394.2588033013793,378.4595741744028,364.6053564777479,357.6840934856546,338.4420702914683,333.6991296330335,364.2575944935107,336.73593247665707,348.9312841057804,310.6758305503916,300.16805968791897,301.4748047662881,341.7105715647858,354.0256640432239,320.9589707854985,299.86882320769365,303.00017672772333,291.7196286739533,265.51763428687593,251.63179876134163,254.73841222869308,273.76898410106014,232.8972586485073
511.23871399993993,489.8143089942015,462.6042723241342,423.17477533855657,445.8882332027637,495.27392975866144,490.851279869786,508.55200017223433,487.8754459010819,430.4512087974653,404.8901373525924,381.98015939687,391.0590610853047,383.0683557165572,342.2503049540647,375.4095482513365,360.9539721238987,318.5959630057194,322.98367908107093,333.7483984091616,299.3172551225803,306.6449692831709,323.67166176171713,277.9895503841243,307.4120706049659,317.5729118072869,269.3349830746646,292.89374917904263,293.5174294759574,353.32207113628823,335.9357464850986,315.6080078624383,292.590856224526,297.6858810921947,301.764617373616,269.62715323744106,302.2677216482377,277.9644537094192,297.97130594021564,339.1810183489583,345.4237233874796,392.95703666730833,420.9963981837359,460.0829214951922,452.1858226238687,500.2945191303876,585.802122673604,619.9170354234494,743.7113269992874,814.0960871918134,825.1818017829105,874.1403154615385,901.2005473688448,967.6544667274673,1065.553876132603,1188.7112448000928,1168.9903747138462,1190.1425104242528,1219.9110485909548,1182.093257236658,1273.0607036653155,1205.941967529764,1217.500840592949,1285.009805432578,1302.0359382600086,1309.042654414614,1359.1164881822383,1308.7978388981976,1338.6218274893042,1340.5229455519516,1287.652121559025,1231.4644435609314,1308.2144131033192,1314.274841748533,1237.6007668670627,1498.5795387955216,1499.1034619103575,1575.5958533645005,1549.4930321050097,1427.2205228889045,1307.2601450097911,1300.1197783464263,1311.9313876133162,1290.086213685924,1357.03928084542,1220.5847266338258,1109.1210798382383,1183.8911083606465,1301.020288680479,1257.1196548610617,1284.9568418851234,1242.4930921666507,1208.6441287087596,1393.8292852360323,1322.8717325939067,1263.6231750349912,1280.2066361328914,1241.4619648549824,1169.8626009205238,1237.50502511371,1180.6728003562948,1126.273312008016,1139.0325919910624,1211.9879539624128,1093.3087125256277,1133.1406883215486,1159.1856269969871,1114.2277957893946,1123.274273411599,1154.909741848592,1107.6141186474226,1094.2109332983132,1124.984259986189,1058.78953531074,1092.5612333203553,1148.942198077436,1103.6779287498694,1120.663879788035,1225.130130451143,1169.285145894036,1103.076503829284,1104.330675168217,1180.1390667488768,1148.2859943933804,1171.4033352345666,1075.8095020977375,1175.598268397466,1076.50636619113,975.5527997664348,961.33881946816,987.0105000553472,1096.1423445504531,974.3636941076802,847.1485993028666,859.9906927645474,861.4450338800691,826.4792670198053,799.1650215066924,773.1972060987147,776.6578544338653,716.6522284558764
423.1072854106382,395.6507917814753,379.5818868860277,370.9542781677287,486.0160487737183,546.4613424235621,597.8433753127799,643.9819550312318,496.2104760924055,412.3367250732185,387.9561744507274,405.3752124365223,379.5789415132907,375.5102232003265,385.1441469404515,404.1182893436423,371.9334573755133,350.7856545474762,345.5442236225927,370.1132735005392,348.597792985057,333.37492326086635,341.1785983116778,318.637899345001,338.1425127810912,350.5481206051647,333.41392180902227,293.95192809664866,308.3021044657399,297.8515969980332,282.7872540809224,291.6186888592191,289.2006844313275,283.4653692569629,301.0285038276851,298.8452779678993,293.0006605058784,304.8144313376444,347.7582364892963,322.8124593593252,322.30329398566585,346.8891992925195,378.5611045879977,393.4487860821212,418.136674936476,451.1015239496039,526.6653781475004,577.2342884049646,629.8690911662796,676.2634398670491,658.3023485057823,731.6197249143411,765.4975290592606,890.9788080882935,950.1651381539738,967.9264036849833,950.8385030094944,948.2501000543328,957.0066910937832,995.9845000339304,1091.7411728116788,1074.8161576887933,1080.904045049644,1121.2764212046843,1212.8403521466084,1240.995660952148,1232.8944068398766,1217.7579008988146,1234.721152138466,1227.871045701272,1200.0389148066358,1215.382401165984,1243.8398062003278,1158.1955043382982,1177.1663524793823,1213.8777475677805,1185.521061367501,1258.7352372152943,1408.2988423650806,1396.338977541334,1273.4145858493748,1224.0442184224603,1242.0732355235116,1308.173053016842,1295.1181250073312,1314.2433909498732,1239.7795476746792,1204.269182598242,1180.8081491008977,1055.8300947469436,1133.259877499588,1175.790393365763,1121.220974535861,1159.6388991105184,1097.3526624222843,1137.349276827135,1142.607009730471,1165.229214641914,1128.1055550551132,1213.3545296379327,1205.5387871901512,1171.8621254131708,1245.746065900988,1334.7475583912678,1301.1900897550272,1202.347152415884,1152.2477876865305,1174.3253731168102,1162.8017190842054,1126.5224933307218,1145.0263376431724,1061.2053760613117,1054.658635143425,1030.902943520028,1064.7353192388175,1161.847905006803,1035.01111456772,914.4907369913144,1099.391938381555,1135.1399406229452,997.0930258629608,911.2559954155824,919.2143412701964,909.724036174034,888.0744841711083,826.5374663864925,826.3046036606236,793.1446018811723,727.6899855696032,698.356085185696,772.576522867179,773.3353128512473,775.5895058898457,752.6273606646035,838.3741932565699,841.8244125317603,848.8736910547026,863.0858284726787,691.9508205766145,578.005480788028,602.369555202835
404.2478362203021,361.8018601809269,349.60881082884765,350.8797083138644,410.9962124000101,418.2529032159328,426.0732508842447,563.5662845360945,459.0695486811744,381.6024558690728,345.1199747744119,335.98298588797843,310.35190997462865,294.326386337057,305.65741768831646,326.67663201270256,307.1545919680638,298.114191940487,292.81727508517804,297.99830259860823,319.31013945413224,295.7425291318645,284.70217239607416,278.57434734528044,287.73080649805235,278.6373035397634,274.1664224185166,257.93311804116394,256.291214946156,246.3540055093514,249.0469888075779,258.9161875274909,237.6603398159772,239.7643888206948,256.2485124570095,300.8108349339003,282.77661774392544,269.3893818987145,272.6031225976266,274.3699966476065,275.11463187346914,284.51419153861394,317.76681805725894,323.9606232677227,322.825573004845,352.51435445424653,413.3068400383363,453.9810753143759,461.6333250963843,488.1529223068479,470.0646638336372,543.2973713397096,557.5293580314084,587.2805091839682,646.4370537007701,653.966862139655,670.5779108698374,662.1957664434761,655.8211258579684,641.7302733895083,680.5110420221121,731.5580137880461,772.8685111894056,775.4397200125765,819.7317354534428,809.8012452424861,711.4060897114178,699.293641991566,702.2538298393837,704.0358519099467,699.0952296752188,727.5060242492916,684.1965641207164,665.6289229312116,662.015196442103,737.798392942351,696.6943616672695,743.1864318621114,862.5078593095843,879.2217688481746,848.262035712965,840.4573972555208,849.5801745227967,902.1399300889472,836.1950283021205,864.5978428827109,833.0518817662858,802.8501926431899,880.4345191480728,730.8146999550047,767.2753263990854,728.3045882445762,672.7755120065705,735.5077396861356,700.7236136510296,730.7868405660288,739.401625868356,809.8432706966591,761.8156100654917,747.9384787605624,776.8461883130308,742.1161362034043,717.7712674876385,812.4398927904356,751.2823725921772,717.6624392440676,679.5006569655221,713.8297343390176,708.6474296928725,675.3379143647554,783.7984639427333,720.736713144571,684.2694199464913,691.9835238388794,705.8799266441341,780.7832873082031,758.4547941981924,627.3690027723507,710.7927977813093,734.0232975524287,666.3855686508207,612.7941474149895,646.3184605530816,646.61655849152,617.614901633052,600.6233862594272,633.0463889842781,603.685833828825,552.6453060677868,544.8844658875256,599.8855802234713,577.8884930430542,550.4942680425529,567.5640076527773,606.2531672493758,593.1340002912303,553.1460881291332,587.5769270250597,514.0877541878586,497.920891386145,517.5630417555245
337.06553702161153,291.4061429481692,307.3127507098416,306.654339195172,332.1901813029301,312.4493599795276,286.9859342520345,270.0347935912655,229.28126532888257,227.8453562268245,232.5648662381645,220.10496365965275,216.2364836303828,209.27855474863875,213.54139336080655,215.73925066786668,218.44063790696623,207.2276964430295,201.02876314563431,198.36618120081343,219.2702995372005,201.03440822218028,190.63933003560447,195.5758902795565,201.15404780622657,195.13062121165495,188.5135279090109,197.85972470786464,194.67561287117945,179.6422329888166,191.30290206583655,195.51879523245185,178.4632233449885,195.6218672963877,289.9426767593826,339.19978448136266,352.508169138064,280.22404951824626,265.5848332675381,259.05934827889024,327.35539260947724,332.5047196436953,452.6250286111745,424.7387821574777,383.22090219209394,375.7389114386393,416.7440443443296,414.6550003616752,399.7791543429249,451.5807045414285,441.3924650053289,464.8994044117092,493.5085099434488,466.536500634208,503.8355322096982,487.821930357146,576.0324940553176,557.671779529935,555.1111187823294,625.2182820060985,592.989484712634,579.1279485330474,592.4756967556791,614.7082108312404,611.566523222177,593.3972665764474,562.4173566478327,560.0661418583475,577.9116594453816,593.836826258999,594.356483092178,610.5331664360541,605.1308822009581,637.20631868507,590.6976963098181,627.42953765629,584.6455958192014,659.8784149000328,646.7046979733649,598.6151831584815,591.7297522607021,560.5583471572747,592.7129042586619,600.6216119385113,632.4150876130003,680.7914280498893,621.1819538179816,637.9960096281014,786.757002456825,701.3268108266827,671.2667410676286,616.2433706207172,579.8783233173741,627.5807986693941,602.5009830373339,653.4547879447208,670.0611057106863,674.2217281093735,624.0157352046313,688.6101258536461,586.0782574717265,544.896263669819,551.5139098262962,608.3968983485928,571.7238961224609,519.0096021515147,586.0763265180207,571.0045599600812,546.2466251186078,482.28164282551694,564.700985158193,544.9531175678158,542.0918006072806,502.5461853324332,512.9420850760376,543.796647407511,545.5723909686492,492.0551434017586,493.1099698407909,503.81721634661096,543.3396243724767,468.4680883769364,508.1304998032812,568.5763940020263,535.9793044173339,567.0517106008817,578.4051187730465,563.1996155300011,568.3797183796078,563.799652465921,513.2647167788687,540.5852979157675,485.7335745602924,511.61159699578286,566.7924763906043,493.2341627431844,491.3806263341926,519.9828132344726,511.33781519874674,526.7214661251476,611.8511689886404
523.3695807938642,432.999760511416,474.6368744207365,465.76193480780574,561.2393865739224,580.919680391163,542.1181432407683,458.4246368093823,381.5028858937181,377.3622516470929,366.6860192360746,352.992255249216,351.8620120845205,321.2289477731329,340.67147497387407,316.1278054205911,308.67958631100254,311.21023474384515,316.05235065435966,289.5980757755937,284.07350462736184,274.3347131592359,252.02645021122976,267.64004046396843,280.8458950495991,270.2565239346395,265.1836792255588,275.4672241548684,273.63151185081114,253.4315073034629,281.8351538758607,275.4309014361102,252.32697180232236,279.2032743919854,290.8400383658799,282.1434989713822,306.8976318519637,307.63322323825565,293.7106002865441,311.06864661212785,323.4458544087736,339.7193038693068,369.0061212671848,406.3809557664461,457.94850786364657,499.76650971742464,493.1585811260149,533.3512336341441,535.5420192760672,606.279070008762,635.5593200727822,719.3220874561257,764.28080897619,674.1701116790141,632.7251826450798,644.7391091417172,690.9471565092334,666.3070723983622,637.7599328842955,687.7834970144355,719.506902898713,653.7827227328639,640.8823090243325,631.659784092786,610.597627521239,610.3141077494867,589.7374407759435,623.0160074338282,655.690035547586,696.4442052919351,662.5008755954159,657.094006487621,712.4325286878362,731.6198773042173,691.6374201788104,693.5357338544246,683.922682086025,634.7244112232066,669.5939319817022,648.4928206153674,634.8846614921796,618.1341140713986,624.7780006818864,645.7183609237062,903.1220568453908,890.5916468792497,732.7257200388318,756.3749927756883,846.3537590155406,743.7454171074078,762.0404794905631,642.0346299070932,611.145917998081,697.7634719840192,686.7428564418097,736.9590164826523,744.9707737972998,653.1995697982784,641.00499791516,863.6354641201356,684.4101041616697,654.9612517173799,653.4227847461171,624.7272530384755,595.115837451806,577.2276995799416,584.0162033430206,592.2386158842924,579.3934077555587,553.3276650398238,593.7065187783303,655.2548012905936,721.674736685798,650.1378091344344,649.3327105443869,657.9087132069158,655.9676548757378,621.4706753731341,657.6941499656903,705.0192976072826,684.333841669784,638.3591257569605,654.5923866552445,682.7355167927972,663.3197999245228,670.7569970435277,643.1870693314314,631.305083545042,782.3135554119356,711.8349991040819,654.4243820945171,666.7836185763309,561.5170260042067,543.2160851732402,599.2598124100158,555.5972760648414,578.4120623071857,596.712210123639,617.4353103833255,600.0468989073088,613.8410679037185
578.4440580895333,508.61979728919226,474.3326366756143,456.32790189775193,438.59773992894543,549.6523309357178,455.9021483862341,423.24354700313125,396.5328857314021,393.2276335931384,379.2402165674543,381.842144005905,444.5664640276824,426.6153363772091,475.9452955639641,366.0280223774411,325.2149015786176,305.83311115076066,306.2150795206792,294.2852157453325,266.91282773808706,256.3182639802653,249.73072262776267,251.28480022234575,245.39693931909335,250.95414838841836,251.3205094077763,250.73284326478543,241.2576520708397,227.7327740770245,240.32049525472036,252.28893379349145,233.09914860167157,241.3575796307832,250.4383166531913,243.90040691656557,282.508860048771,299.54255541806623,283.78477382790805,297.5401310711708,305.2473289358327,298.3658418067832,314.3749316755698,357.79044681509777,394.2334791660402,432.0695284480914,445.3967275965748,501.8817915784142,525.6655403496687,560.306031933161,586.7901995196424,620.7161846120259,650.415261890679,663.5240678023285,629.7694216082825,634.6222668267022,711.8253396137683,684.65767465884,639.089595735916,641.9050140781185,702.7602069329544,690.8650205462097,730.468468434346,732.0186132700509,752.9319314906146,735.1847647174457,752.5236449724633,747.1783863639915,795.185698706215,808.700681119741,700.8350755643066,718.3924298219981,744.0202202415724,732.1332883088195,754.2657496644342,791.8663782059588,745.6588918706822,747.1053816600845,781.9477704246362,724.7190908043843,690.358520062085,656.128458336284,657.3330213666039,648.5211011107326,727.141342573468,693.044248504626,647.8692177485907,658.5419335907741,681.4515328399583,653.0177819450852,707.8846941809118,624.1024182036438,613.3948139052654,658.7201054559505,721.9362591226934,731.5489747581018,749.0036734994668,731.1722877629106,724.8319019249536,774.7127025682489,725.253266771677,714.7217362738755,739.8051856835887,694.9994725940126,715.0414890791045,746.1692562168871,685.4262225490695,686.2018064889427,702.7571431816781,715.8811329264165,681.388343900771,715.9956932883082,703.4890971386574,682.1513760092657,840.115647125039,730.055041353124,732.8941786117452,837.9060071248778,720.368056756037,679.7699320176921,676.2420773183763,611.5063194348368,609.7138250152108,666.8884739273266,682.7044375930006,744.4342395462246,668.8908821068412,637.1312972161611,691.5100045637197,729.0355634197102,693.5404911531177,709.2620295456195,670.2261716040088,646.9791693515386,672.5603714015922,647.7709803344096,667.8689845615073,670.4077775661658,685.537306326464,713.2200205319275,653.7362525091922
258.46961989976205,331.6794812931912,262.4242655732247,207.8277987908958,204.65989072175145,204.22534005520632,220.52945964248275,200.5948391435455,178.88628370433457,174.71451912452224,174.5406979961269,168.53656654372253,170.10641021739116,167.87412258735142,168.80801869652885,161.06028823645653,158.2639839963592,157.48527476424215,157.43958538348116,155.55233208248453,151.95492865420667,157.55079589496987,162.22519014554908,161.1929170685305,159.00237776643056,153.11375312699622,149.4998797352087,162.11444298876253,152.13412676625978,149.51049600865915,160.30076387400464,150.61173708131102,160.13156313108706,155.81972191400834,155.52306816198725,164.57108199354786,166.00571493131395,165.10124920244445,182.44207849875457,178.45880598738324,187.88895464914967,185.3851166630636,202.7916401643172,238.47650339900676,267.3167122756576,294.1968740520925,305.5468165413857,367.6980260423582,404.6334872716704,407.9186224203424,377.69085358705865,399.9543086422765,403.3062920010955,429.9359287966069,463.42045009320304,485.51825010794335,536.9683359045068,497.92049259824256,473.73891181380014,502.9004391862737,497.9404820861137,508.3385476811312,548.54748944503,595.1135121471128,511.7690110059614,536.1567228353474,520.8878713957266,513.8580043092552,518.4217477161191,617.1042269516289,562.2167462501995,523.5483343219,509.03459999068,510.91246871516057,524.6714933384123,512.0915881010993,483.4569368837981,516.8806116109233,498.8897705106899,515.9392390736291,491.2254524068287,539.0234424052101,530.9770914001089,518.0060466740206,456.2421830623741,438.8002011202602,489.88236736966496,458.6435151618,440.5296730028214,438.4079792835788,436.17016429222855,459.7681397423833,494.971367087966,445.1652202641071,440.6224754710741,436.6917437644431,417.2227902742912,403.53561850179744,413.4229424756584,401.7087048687857,403.405768528962,416.946521801539,432.5306136457562,418.050040053626,415.8180319268361,428.69049749438096,398.2087333056343,421.0059387268085,524.6321204648531,472.5392579576679,459.6038194369834,489.9276628959285,430.2257950898846,420.8183489941085,448.2316173851343,503.4114563219715,448.8163179027149,387.63795803861416,358.8312894772752,381.7579821052402,351.32212385042754,338.4285661281535,360.23103841974074,366.1964793774717,392.26553985604846,359.0036923690779,350.8172356945413,345.7072021008515,333.9770059656755,293.636029299569,317.3519082004136,306.94940217714293,359.692939596106,317.0493673695226,315.5914847347487,352.01285885780834,296.7371763689869,327.0513300710798,296.83311736830905,303.4560021616905,289.45054617058145
347.54590356664124,749.1400881233571,618.6571678674538,340.8148282521727,278.95988961748134,241.8776601183008,243.15617004002024,231.9581634765814,200.5103157599981,186.98525762177644,199.8537547905372,189.7615478313924,184.2350055011097,188.85070474854396,182.72555450988867,175.67393397564462,176.17678618419245,181.2737507378773,183.66367921515888,181.02847878541897,177.09632728896318,183.90498866852883,196.49224196535985,194.16011943539496,181.39091810716891,188.80142735538155,178.81438463156758,184.0543414575577,184.3884516186991,181.8216098015812,186.13140785977905,178.84861097656471,177.81518758538593,169.68303246709897,170.6492869324844,183.1907647028248,177.53403874958204,182.3041551998182,202.83992688973396,198.3967811063351,243.52068235459444,248.80546171244904,251.27744564534188,299.3905625558766,392.1503296747424,462.44226159888666,507.2487382844432,685.7783402518684,857.1602664197385,825.201930243097,820.1520275275135,905.6101831003502,836.68891557209,890.70429649453,905.7036654382048,862.5336325479635,873.9545611255263,896.4758063772182,868.7969301473676,985.5435175350708,906.2700681243302,848.9599845919895,887.9152334871698,835.0009503684516,752.5842404959561,761.4025447626973,731.1448062040544,661.434252553561,685.1871221654554,887.9233927981021,720.7356380922529,711.4416432821617,665.2816056016383,658.8034260462261,630.9108763769125,627.3640774994949,617.5252409185041,652.6818855697859,626.4390422264858,653.1378025036591,660.1890575306481,856.633809845925,866.7914263929014,913.797020017886,749.1866262832023,681.2651077881712,710.9271692950732,723.5279212333198,717.932400977898,660.9154605552164,627.2983755183002,709.0871061757767,834.3004089552579,618.1143031429878,654.5211526005544,653.7000383934452,629.1321292434121,636.0899190932334,737.8770972095323,652.9729294785926,683.2867666957453,681.8644384804836,677.1215187442425,643.9548785437306,582.2480257810419,604.0903975067814,599.4674160435216,623.1897410534159,700.0601798706753,644.1562336473762,648.5853632216666,697.8300700188677,615.7251543894871,608.5816538633449,632.2820274910147,728.0145731155363,666.8648430096906,587.9300819409499,555.7755616368456,578.6512598681394,523.7954087770567,536.3779433081837,586.0934808866383,555.0041040056351,569.2671520008475,612.4089313927567,644.2025047128229,625.1373870136288,486.5196646174125,410.24872461313817,456.7017440996223,394.30803198009966,508.3102016250865,596.5678952650082,475.9581904836946,554.9965511254171,533.7741198815534,466.4598674814059,422.2688411955016,412.36086982539456,450.7088432157251
387.4795146600624,447.582107497634,349.5008786891851,296.0238353083383,278.21201898018705,269.3081874811708,263.9788621883561,259.5650972173214,251.0945575119505,245.78061951647305,229.80159018101116,239.5438219717606,237.18641549202744,220.3255219939973,228.84034633373847,220.2028635755292,212.77473907011355,220.1118001412863,226.800015178235,221.8735572902713,217.58407668942425,209.85607233623543,198.54892061980556,208.4548698149196,191.82896981501608,186.36765584940156,190.9289567309445,180.3067648845803,180.38158910666604,189.2156555663376,184.39059132827305,180.91298815972053,182.4244678596928,173.62623669108143,190.68238397834324,188.53322043732567,188.88716085877093,195.2443885569345,203.25547236789652,207.3857949557157,267.03000356745423,276.8677121978855,278.1550770347696,303.27707430832163,320.6604985027621,342.1302059767396,351.8125441406028,416.9904755985685,509.2019676915527,520.0743448666738,558.0179775671945,575.0094793199227,657.1739506008869,654.2411328479907,624.0217814255776,612.8361554838858,689.271045007291,642.7533571531634,640.5628362126362,629.7683929666002,639.5528347924879,656.2024883875392,675.9795925720789,670.3481059489046,621.6873783951725,645.1640052614367,671.8876907874395,633.8479733835486,662.9368331057188,664.8170216881362,655.5421406809796,722.1931719263596,668.8638615893394,671.2065778287637,625.507002407746,640.4490707000864,678.0999606396748,743.4058604782316,705.7007923180047,699.038622419768,642.3980347062083,656.2220778863873,638.0941355849517,630.2338535526083,622.9513303493419,642.4495605284928,630.8126483399652,651.4951800958128,602.537499541213,604.6111249225689,598.0328973938365,773.6339096132241,777.1472596424549,640.4532170215044,681.628517161655,624.4880777145332,599.9107353712217,567.7305854913479,596.8950112642603,554.5864549987843,605.2709598657817,664.5959795049098,633.6087304796025,671.6756413666858,644.4348604971491,673.9814886511894,628.6431236345994,602.2819148067971,604.7429373071417,611.7105734723511,539.5261901103671,593.9092857779028,553.6746151755923,555.9473543963235,560.7704628384375,520.8107888033725,500.7910049703793,575.3433234816611,500.0508700268767,490.3654029214672,483.4492191777488,494.3177574956275,484.4612180496556,535.4574748192496,474.1871701745821,439.5867256614463,453.55147758234506,436.27836937811554,415.5670958455991,401.7056075313576,417.080975679175,384.558454968024,415.8255728422084,446.88822560909927,433.1570492833801,523.838024161124,523.7792982553179,487.34095271346087,484.706023893775,475.5171599116889,472.76180503195087
328.8166980102743,339.2683457347728,277.2429754491685,262.3234987265621,245.65287943596184,242.17108262460417,249.30396863398607,252.3347923598889,257.3884001989788,244.14632515080083,242.67316081680912,226.25430004119568,219.53184444192613,206.6564798129073,208.4037791424597,198.39326997187064,199.6568875062985,199.0232123329514,202.15218529112624,200.87415666426125,203.0103750940615,209.39768028047283,194.5256139067658,190.4362198267908,202.93800597813788,190.26858197800323,184.62292855361315,171.99082846086446,171.1535405257057,173.29189490316645,174.80469216665085,172.8239622618487,165.61735858724393,165.13932731014356,178.94119019240574,171.76104115687127,176.48542066990078,175.83289244810925,181.58662464350533,178.24460156847377,195.8464146902797,204.81474965365032,238.68061422619652,268.1290997400302,268.5429136666509,300.333947589104,316.90872532537924,330.351183388811,369.6545476236301,378.0901826714542,413.08102691295966,418.8087437657405,439.6874266214572,469.03589719466817,473.9201006775092,465.34549485996087,493.80401778519024,496.1076393697739,509.5278780480258,498.9640236550182,522.3481326711885,520.6143953313901,513.2658685956708,500.6158573854872,498.4701860743389,501.75346470424734,521.0475550746497,517.8469511251668,549.7320520705249,517.5972520850438,513.4535131183798,575.8648286774271,570.5561717587279,566.1199757082768,536.3588118146395,532.0241362120865,582.6971479093222,652.7883684880123,612.6227062206357,608.1000073933343,585.343187515183,575.7659806373457,549.4455444285464,530.794644688351,522.4956816457333,540.333307188687,539.3468981517979,536.3610014146399,500.3132837195356,502.76370685588745,500.3817265298491,557.6252741066505,566.0499688617476,554.8372358204191,575.4418288896816,531.1826464543467,517.6729749956977,512.2277375061961,521.303597468869,503.2718743458604,531.8198219690348,568.4881659181762,532.2806384531409,550.0342034102047,536.2127223692548,549.3533639084959,536.8842343817204,518.6465135995809,536.940259744274,546.3020756325028,480.0554657530881,509.482579159909,517.828289541445,518.5408639405376,534.3156466942478,479.8765853823658,489.2394171375493,515.559538100072,440.04897844955286,430.7840242375276,422.87927973260577,410.8556967999909,413.59341982843097,453.8566982128515,438.0579792527049,413.779324088118,414.6303994278352,426.4134760496828,396.504724544928,383.4342046036168,402.3972343322729,363.82878788643984,369.0322416699705,377.7157288806733,411.10523867445744,406.3121839951222,376.1170897121075,358.0793649103372,365.9145904765429,375.8046848896895,358.6376669456539
689.5733338439117,590.8349553094705,516.7411827667171,496.3843026332136,471.0535373971923,483.5586896534472,513.6900474503321,514.3913529101766,536.0318453864083,473.7745370514856,489.7257319915024,424.9026516032149,403.995709078061,388.0300587676234,403.1052417174472,388.9158963473549,396.4462125415115,385.7305336876706,380.2604897173157,369.5338709472066,387.854194124681,402.7782601533394,381.0210173084385,359.1813599684602,413.0828156503658,373.81070902128937,361.1307483332113,333.0371452686352,324.2073533440964,328.0327408008759,331.83300748224303,325.9236546555433,314.37612149161714,311.5477683646268,310.95433043166435,311.7379986187788,328.92075508777725,325.69125627114545,345.69567582039826,330.18853057508244,356.5806054580507,371.04937106355953,440.9417256762775,453.94821988335497,443.22766039812046,500.6108416880096,549.6666142754029,570.3178324121711,637.4199868721306,638.6373011581268,717.913816427357,723.3217290479455,767.5901306089833,824.8789414930206,863.1601483743489,849.0144752809986,840.2855801784643,893.8405232838455,902.52905932611,905.8034458398256,986.506897069342,947.5103581022538,954.3834265287608,929.273584197938,977.582637940442,919.5049950826432,976.6418264564088,1006.1536067493076,1016.6152303499264,984.103340851864,976.1188624023008,1014.9716912582328,1105.4172316823556,1083.4160826733048,1108.7798234824295,1081.0031524147123,1115.9306903154709,1219.958431337836,1187.756524862176,1167.902159014733,1159.5912649003878,1121.2359036776377,1089.1901252198609,1044.4299350346682,1048.5093044591697,1083.049280248518,1098.892628899628,1058.66608221608,1000.6084208905576,1000.4888378114688,982.1964291609922,992.2263838285148,1004.5061108594696,1085.9203950659623,1119.9387824538435,1088.6363489733578,1075.7002282736855,1153.2460745257936,1143.0808825820943,1073.2380257656434,1057.8577232122998,1119.8175258943336,1057.5703429028968,1050.8907626302923,1028.607622627694,1037.5768107954818,1092.4840389767874,1034.9662374962295,1075.644363868444,1055.818960904426,920.8805574333896,965.9638321415916,1054.9917452514017,1109.8283504334058,1132.138221265307,988.2301176387186,981.5972581893104,900.6948189028348,842.5098106414747,825.2649091944837,804.008959020457,785.4144690523392,781.2185630769724,850.4154950706932,836.2374547915799,825.6047646223203,850.9122078305477,878.6579373392209,768.5166827092363,745.6824104216441,772.0135187973453,706.2027247247364,703.0457608800821,698.4314225571488,790.0085538380969,744.4863589298109,706.8212296891481,633.8472352885233,633.9159876772026,628.9158507021663,621.4002575290334
793.2286578270887,696.1622177894268,614.0344960147,578.6632954173166,587.7598551069879,610.2278448847404,662.639736439042,807.8029623656973,847.854787413262,700.4641069269773,565.4618635736808,504.3664788609663,471.47984312924046,514.5770809408846,591.5348729478071,597.4805580181862,656.8695231283236,551.8720900385656,498.170238777719,453.4360230468802,437.66581135580407,405.396724590772,392.4673058825575,369.1964482527121,356.9357457935931,340.79242192094165,342.54187621473875,340.77014622043924,332.3752849822417,332.8995595236486,336.44625190630705,331.7509903715232,318.96594645818715,323.0993183575485,316.44693425316734,321.22221493190887,340.2798892019101,329.5764204447794,336.2860109864367,336.686980508858,349.0796365080952,389.0370573501567,443.6628216140284,500.23096691860417,481.739715639021,494.1267532244968,536.3065521387978,559.0256143881167,652.2231137582278,660.8305641902741,657.8919712216523,653.9833013139994,724.6176821850137,759.6342596009866,798.7874097922945,909.9140188415374,843.9386101002825,917.1132539138152,994.2720512478188,970.4933869128666,1027.530069317061,1006.375991700182,1010.5302824034812,1048.8741827791998,1130.7104102145497,1077.0066642186869,1145.5850288767033,1233.916845291429,1140.869193766766,1191.323222874304,1194.2357261629625,1246.9823605172614,1352.9378939573114,1342.7973228680455,1354.3672083763463,1339.7837239942362,1228.4523260203828,1278.3507816823549,1255.964735293368,1250.041868003583,1231.014794114696,1205.519716775628,1251.33799972447,1324.0245906271896,1334.0622140273135,1245.2891012868388,1264.988174095437,1307.6951878740406,1311.8741997605678,1279.1614326986855,1289.5409991436322,1301.3063678532524,1306.5561795816516,1321.7596040351789,1326.8732982836982,1291.3448564948371,1283.4155853190746,1290.259109353464,1286.5796788289929,1224.6104075648786,1185.3512312838016,1178.8403119325085,1235.3425470119903,1246.010915526793,1232.8027097259214,1291.6385780052003,1305.7607759580665,1240.629332080818,1238.7111950034555,1207.5865121689878,1111.162390911475,1151.0594983157089,1158.7638536245763,1167.8851908361423,1107.0056972071245,1084.4027115321871,1085.7837245663222,1095.1976092597322,1078.776920369634,1017.674159726633,947.9551224925932,870.3381743003371,813.6313265373934,798.3480178769884,772.52019975261,800.1461338229568,775.0198354001792,802.7194777732137,829.4738589694219,836.2886349787974,791.8343323538912,810.501788294054,836.0182079793971,808.0250854923362,727.9583974437012,698.8315055862286,713.0138460453945,659.8003427977825,673.5055621240746,657.2005568930593,668.3343545129583
742.7524003087327,673.6865465162551,645.0371592623638,574.683477212285,496.1328227151189,579.6021973110691,646.7442820177764,709.1300138445405,709.3337469080213,607.1740879852197,482.07163754875376,448.2987054850273,443.8091318727324,446.15663101817,501.5936172377872,515.1911058210832,555.1362317289347,468.6930494355372,434.5326987241161,381.6795850835232,351.45407635104465,348.5140876965994,335.8720432347699,327.708990057727,325.99296796140845,310.0114822213119,316.8426782450026,305.95378796109867,295.6125798347811,309.93313099420163,318.06942759183016,321.9342306353326,315.9224666372497,333.4840694474909,315.0851500877442,326.166230582128,346.64406364015537,338.4068808472024,338.71888130234777,370.1190584024789,368.7011123279431,407.9782496919344,430.4658674576476,444.3866957381129,498.8990407979611,538.2651313324909,590.1327551371153,626.874059377711,690.6762749418097,704.3242273668088,763.5861825227199,821.6843705602445,849.1117252702943,870.278489262756,924.1827835129768,1023.5536422503608,985.8222084266736,1103.0268929186657,1150.466314220512,1156.0960432147567,1146.6988016740513,1107.920957959972,1143.1593102952688,1222.550857529491,1373.452406505627,1276.5929869772883,1275.3221900673889,1315.2915489646657,1267.621706197771,1312.360846746219,1277.6513519252685,1315.024408988362,1266.67481418366,1222.5488814014254,1237.5013022050143,1196.381802220126,1197.4157376339494,1186.6564854318435,1192.3562610067831,1209.848417796602,1256.0395014954445,1201.3646899306616,1264.6259926873322,1334.2860948352354,1317.5798060439588,1254.502692520955,1338.865988775024,1291.6742632479788,1317.148488075493,1382.9398207948204,1383.8242467410582,1328.6303498043249,1276.2331656805366,1303.401909754558,1345.3097075214894,1390.6652279454538,1391.8319128140847,1349.275831967037,1412.9867109405031,1353.587710461675,1303.8628982293797,1249.9864781972224,1324.392969741518,1328.136407220655,1298.421616614518,1351.5598127135895,1313.930511940033,1251.8080276670955,1302.4706107590555,1289.753373148123,1180.1114533913023,1201.8055625936515,1208.9339891629886,1204.3346071323472,1195.3940295414625,1140.295744100757,1126.4824438473863,1090.7511816452932,1005.1962864815592,949.5563491202251,865.2041545582633,818.2898615443871,787.9409722439556,798.9795557473309,766.5901163381085,752.2832586191645,810.4395148524394,884.391097133822,857.2753092337927,826.628171580191,733.4393374836862,732.2776103386426,765.3874526778596,711.5132903384791,727.9712865226116,767.9894975264581,753.8179369023044,691.2291719039332,679.8007215023563,653.2222328772681,675.4392606937105
903.4472487733452,822.887644381051,845.0164790400073,750.2871140510133,657.625069903141,717.0086299375662,745.3122287469399,670.5547336137347,637.1111158164141,583.9990503751854,586.0451171265831,575.8652925533281,629.2040279020133,530.0553283096272,547.8726682897518,568.7213716275057,529.5838372055374,506.46867809293104,488.5588339242751,467.9077747472591,450.98920588756965,454.2496869389739,450.5599757910576,448.1761671319141,427.482147705357,414.7550753741715,428.26416289423145,408.4118976760784,407.9398198367242,426.8118833735177,425.72365092533096,422.9581172634848,431.2118170589931,455.43807626942873,428.8072266325798,465.247667196644,510.04726845118415,463.49876024747664,470.0681406810616,531.1400448966019,521.8603206979016,554.8129110297564,574.8220772874615,615.1191793000781,730.1406530633368,815.3164195546315,910.2926358096664,973.100414795278,1049.3685694344188,1079.7442763409335,1176.6308656572517,1267.8700149860442,1354.483856224751,1334.9226105048035,1348.3261237244271,1470.4008968087833,1431.6127286308313,1445.8235536721604,1445.4732496256902,1514.4281087179395,1600.096076783279,1584.9715273815923,1635.8016507489228,1663.5425227736398,1782.5223629438196,1671.518422014737,1688.2470309412709,1719.0820506157577,1788.5782452484734,1794.403564069822,1751.0603965739194,1695.8879209957938,1658.9754329183993,1601.187591074652,1686.0434770390789,1634.3598117636784,1786.8667679636917,1692.892438807124,1690.632174033874,1666.4032686506914,1733.7101361520847,1684.6375157450243,1715.8294680943409,1674.5045188003028,1714.5619497050968,1651.8781892584086,1729.4807206723874,1667.39644412387,1612.9897651289357,1715.2627979612291,1775.3406365957198,1764.1578876599704,1609.644831354925,1545.1708677096956,1574.8409271351768,1571.8942577609434,1597.8016698354668,1623.7674843820605,1596.4919442996445,1584.7519678951576,1554.132817717348,1518.8145028253343,1623.5810318131346,1585.8285217726002,1599.6817213839336,1681.8250703223632,1650.325152074357,1622.5228007109308,1719.8275719477224,1604.6501611550607,1517.1688545577226,1589.4858230697048,1613.0454856043805,1521.4758043014465,1604.8133153963702,1514.5525747378335,1554.8077514658903,1597.6393141251194,1512.8496610242137,1441.3096317254867,1338.9383880807632,1290.6860155596794,1236.691876437293,1237.4234547338972,1222.5582631076354,1246.7431072972229,1223.815120247492,1277.2126617147478,1233.8077411608497,1280.9525931245091,1133.1948555973831,1171.767867773826,1229.2881614743235,1133.6071613814934,1151.5043830459665,1186.550285605629,1165.737489383591,1206.579360897727,1261.2772039491645,1214.8124619921416,1122.625915591551
384.351960627533,337.7678118585438,324.5063088838628,315.94268014826764,286.5118010663443,271.87139163130155,289.947633199033,258.1731238788992,268.31150759234333,259.4480540356968,258.0619091031987,249.7468986817392,263.62099532256747,234.6824316826288,242.17934906804356,233.83779277573387,215.24037017251723,220.19085438777623,216.77513087548803,211.43099373810128,203.0877780818511,201.3042061142156,195.95605359450892,199.7375403447506,193.31671161300648,189.8863465836009,188.91301467651215,189.79320344015392,185.03666457224804,188.29114273612632,191.82443394627475,184.49946633151995,184.48370699968555,201.23949889268425,187.6289428569715,203.0593637807237,225.383142634119,202.96993854666343,202.62185309640665,230.93729611091717,231.1275548777079,242.71504157726875,275.0777084665484,274.3215087241682,315.0192933104745,350.6076739945939,416.2441727195865,428.8845740690527,468.6579250775944,540.3399390501007,587.6549937860424,601.6333999187268,700.0293372920088,702.8651787511261,720.0449063937078,802.6866467175566,747.940628958654,705.1832691585438,685.0441550750268,710.8021506896878,764.8500222217475,767.1397759656106,779.1093604589083,799.290564293284,810.0773926066121,777.4140797816367,833.572969668856,831.7788500119842,856.2089580174367,850.6390238847498,848.5408289520262,825.8628520713432,872.2686235319295,846.0103144451544,881.7121034223152,892.1451235011041,956.963308918582,910.741493189228,975.2183103456676,992.1332867326398,955.53943360254,968.8961392122546,927.6062938900308,849.9723577988578,874.9733156389428,836.6829173608744,812.6564121040074,869.3906180720238,798.6381429388061,815.802907778554,806.1548076101401,828.7118695210572,790.6586991482292,770.8860947764607,768.1056823221832,767.6833994539965,787.2803231320297,817.1776374438941,763.2051422673876,768.9977967844671,755.8550442038448,733.3213001889003,757.4113712112564,733.8547261224107,743.1580058053022,773.3477640928459,792.6931970970126,831.5004238420843,912.1430602169868,796.3018057798805,757.6332525590857,826.2366838529757,799.1584607985209,695.3104240174507,734.6968283001205,701.5435460299587,703.3211235474632,704.0175335473897,684.9892170839672,682.0255513355751,643.2934341707853,644.9875061110512,605.8929392468237,586.2550654377279,581.1017650160854,590.4679334651228,542.4609084293953,548.5822309310936,528.4977561332705,563.7324984761137,515.8002681899242,544.3392136054381,553.8725755303337,501.8826598686906,500.576434262377,510.94473126472457,479.9837129616864,495.9459715567703,544.3046198868004,518.224603334987,483.6842486452129
367.46996685901377,348.9010336754646,311.5012303693108,326.88735584240817,322.7486771248151,293.4291675549522,334.96980018174173,311.94861204475643,325.762281035578,299.5285084765219,282.4513212868692,261.80793754293313,254.35002183955797,248.33644231533628,241.12073575833816,233.69551386136527,223.70350982694936,250.7192228640719,230.8287692497368,232.67498892488365,219.5180666159496,209.2010995515884,214.15078559751672,233.0627416143232,204.41573403583317,185.60424996394408,188.12404718747624,188.2040812514309,178.71254842409542,172.85435943462352,174.27792635066845,165.1900825297295,158.25415644136004,160.19056826846335,157.89908366152255,159.4718511572566,167.60145579234478,164.2844067587708,171.9046396973553,184.62025547280464,195.6096056030345,200.72424159719623,216.70391632690783,232.5710347413572,249.0089623121079,275.8937266754389,303.7369317416848,324.8826440934752,388.2385515791892,413.19003875649776,426.5373924633469,467.69486023129247,454.3628073829505,509.3186525789513,552.7798109906006,529.5527725004571,499.0481091857289,515.8370407312206,490.8975608491244,494.5933943683484,472.6027132769008,502.54819047448296,504.2405783319229,565.6032252795551,574.7630318240008,538.4673825574599,608.8372768024601,575.4482085166192,541.9135039974217,536.5494990680489,533.9479007730508,540.2803411669879,567.2223526786391,588.4963033443769,557.7890530678446,583.9986122521432,576.2049013952345,613.6827248637097,616.464498630684,643.0648672122875,675.0302441495256,657.0664770305063,701.2082252581067,684.65067874675,756.5422884755974,747.1950167567124,698.7611753295001,670.2637465840933,633.1424724537466,600.1790606425888,590.1430128241722,597.3374945256365,570.8040214105292,562.7285646055483,560.3491402075133,548.2141516306186,554.3405459015669,568.8243233865142,587.4050230510919,567.1329482267047,606.8689069346874,579.3402734217694,565.6487403265508,570.7084365042854,548.7885995396393,523.4534057296886,549.1243170614875,552.8485920265781,559.659492306735,543.7477192469785,519.0896426372933,497.89034027373344,528.1983930172154,470.29817622879966,489.5136309976594,447.8043400343969,419.6461413708616,442.4149083380368,420.36202271783344,421.55766746140586,440.62239860743085,424.4975479576102,448.9733037247298,468.207957672576,439.3984387499837,424.99902135961537,407.05166419611066,410.3417164544919,424.1951559337807,475.1895400113209,475.88461814393446,427.1751965209797,408.2742114378278,404.5321185474984,406.1063343392048,382.2010650443078,350.667313833419,379.391198598032,381.01085863284777,362.8685900451831,339.2139977803907
467.2109156899668,439.9944681485727,406.1574590633542,414.337482217794,418.5859099695786,369.3944641354012,396.3932940810733,372.36413110324656,366.84272791868233,344.5829472967078,321.3224806508983,309.2288108335045,301.7772862760202,304.4939314033011,309.1397732321247,284.5539605980793,269.2465457894695,280.9487724780277,269.0052977932915,281.1506600487027,261.89360503159094,250.7438102525942,246.8869997985148,257.08347190971296,243.76809178735132,222.89560665640252,221.6862493305101,233.50844500484897,220.1078826110216,213.4186138542016,228.1764608530057,210.27728264785844,203.8708592147188,206.55718887490417,209.69271611061288,219.09394863710943,229.8112046787184,232.1422621547298,260.50826859354675,265.5452098052767,273.0817857723404,281.14399232195774,303.0879935434607,326.6342941089965,370.8534155003096,456.6651331289841,508.991683170928,513.6722334583363,627.084503488721,682.1671664981176,712.5202789776476,802.4654021355277,745.414887000453,845.512444589177,912.7305104185956,852.9296920442582,865.7687464908481,874.1818828486679,877.9177919284036,894.5539667946445,857.2549409926445,902.675363113132,876.5675751124254,955.5744887569296,915.0771592606284,869.0935204013513,918.9341373832932,904.9541807113886,892.3660900162083,897.9343220659498,909.2601999261188,894.0230682474266,913.5068754439704,929.7686171336044,880.0179403384374,948.4242827829048,962.0856437121512,1032.8327585976865,1025.146241936155,1063.825186427888,1112.3457458132527,1127.3660406936456,1115.7733078984988,1117.623670145013,1192.949441354573,1240.413789874388,1137.779033088148,1071.3979228362432,1045.0175537016976,959.3165673631004,944.2915634954642,956.3381233195162,879.7703542135785,876.0857947606142,903.1042764950732,873.3262572338102,866.746219109263,850.162255410526,853.5311578377983,821.3038545396741,882.9509945396936,879.7206849798863,842.3018702227226,818.9355198202378,790.3919809222732,773.3385873693959,794.180802287003,787.7364714497754,771.9369044902959,782.1440920199093,742.6810347373115,719.7917970341131,749.2661291807113,676.7460704270705,696.6530184037878,727.9229912501977,645.9206916289592,647.5733971917751,608.5489561257236,683.704006561767,794.3539359950958,721.5540344314298,712.5371490275494,743.8458561276831,671.8346486631477,619.6918758657074,574.4075528565547,550.3943997243772,591.9431990060551,639.6406069734701,607.9166900481748,553.4633941296614,525.1472746698314,537.483391553143,518.6211014715327,489.9536347525612,446.8649608504205,484.0840200620703,505.7515237366585,529.7629673426176,458.8488122049593
625.223662533038,578.8332441306715,548.6310550205618,530.2751520554835,535.8115570778489,526.8053583014602,530.0959588577667,473.8321003284429,423.1360261156534,395.3407214828424,361.90858738482,368.3955242759552,356.9366044164158,377.2340330910648,400.8383136524858,344.4543190855855,340.6162422094484,309.8717157841795,318.35522781363125,349.1239901691231,321.89754496984693,307.31909849762405,295.03355697351134,273.9869709133234,292.3202196541125,283.94345661694695,269.7206820327385,301.8372583267722,280.1231261538567,276.0755757701838,320.8104703887713,296.2878768241566,289.6229734081825,290.91766804283856,299.19506727889274,318.03241287248136,347.5044074069069,363.15666139171486,412.7007211536587,422.5926826404913,414.57213712386846,447.2540052987441,477.82303057098727,511.1757528668484,602.0928580492316,803.5956485167018,919.1641188887868,880.8466441479804,1052.2107529118612,1166.1330533901546,1250.108283301959,1446.1391330638849,1338.9703212968027,1501.5590927488954,1593.8440783259875,1481.2662261710684,1572.11256861736,1542.9012693609377,1630.650328170189,1695.084888121347,1633.5229068229214,1708.6849476798795,1723.610940709102,1804.70083741462,1670.1747351417948,1602.3915147329096,1518.6116316297953,1552.1253360194362,1578.36191268656,1595.4692259993526,1615.815450197466,1540.3967046461182,1586.3161686311382,1563.144115954397,1538.1554295653666,1683.9086597162277,1737.297537151831,1823.9326211235589,1850.78990853104,1862.246588406582,1941.6142848442605,1965.6966477055992,1829.5028019605595,1871.5272812233595,1931.599803953363,2056.0374372376905,1932.6454771976548,1804.9534338401556,1783.4463787794427,1639.4387904471334,1603.2917892139574,1607.3426152668474,1488.1229234348891,1458.8287205874967,1547.017328558578,1519.2554067326805,1455.392191717364,1391.7617936410632,1353.047185755346,1272.653258595698,1361.7577845633643,1407.5675268361458,1381.3503973853744,1307.5958046084472,1289.2645716933037,1280.806051439435,1226.4926556424186,1236.6425847950086,1203.7258784430182,1241.918603838133,1176.191246829866,1144.1239947401534,1128.992938932612,1061.719301401178,1111.9895365777295,1257.189458855536,1132.6216586671972,1066.8391395840094,1006.21381613376,1159.5290840554208,1364.1798138997,1220.1448430464598,1122.7070626499317,1178.19365751814,1067.794309129517,937.7063868961038,851.4491736415358,800.1879333068279,849.2102477156305,874.4674858663044,786.6089557088767,792.779036427933,760.1817849522911,749.5716038061705,707.4890165365482,689.7245682448535,639.5041276542473,678.6494296764392,732.2255852823096,827.185141343565,699.7628674021289
338.28232305759343,477.615379356033,451.0922462716535,355.3368802657144,365.8536917080476,416.3492640151163,321.9396224711278,309.047768284774,281.2997722265513,261.41985317715944,230.68583790144055,213.48799872285412,190.42916424321635,195.6682766679051,203.03649920309496,195.16272359835375,196.1090714288133,182.943903117151,194.46487104942847,214.2880773740723,254.69224318708947,217.40837860098216,198.4074941530288,185.72635097307,194.44894538950865,195.70530974802475,185.0484059262004,196.7020185741418,182.51324891754436,181.65902967853987,224.44705549086996,257.7239186575368,269.11481082954725,218.85280265035763,208.6289803322307,211.07088127198364,237.83161225589944,223.25426249220763,256.5136562252229,315.9625596480324,313.2109382147843,329.8279293915344,389.5426955107301,386.7964319590734,401.8457427047116,548.3729397382523,624.4622854343285,605.6510137010373,680.6768660898276,708.5361530565282,847.8593498356211,982.362424521994,1034.9777210939324,1235.716314559026,1293.8551234992276,1267.5562153939309,1241.847172267487,1291.1158422170831,1322.7113187439938,1369.434754297495,1311.2246027048543,1448.0529297341964,1476.499540434465,1673.9895154055196,1744.253235017733,1707.8883312661492,1586.491710278971,1662.1893096647862,1583.403708529148,1554.2763140775924,1563.5992504711514,1436.175514388627,1551.1404327649586,1390.2837109231664,1329.131864752474,1510.0473766280645,1384.117450790735,1416.8762506560502,1540.5474210943985,1511.392544479518,1629.3262349468764,1472.9875143042218,1426.8285311724442,1551.9366368416129,1628.0647335199294,1458.083960947018,1393.8674826396848,1490.6940016166195,1459.67606282227,1453.5907791311445,1456.3497872659889,1537.685139964021,1517.6641772332707,1376.4084542501696,1492.729026313457,1323.6754790917505,1316.2133212502351,1395.78002798559,1442.5596753786758,1270.7607478603736,1271.0947550005735,1268.2677017134597,1255.908571020655,1284.2296064608606,1325.4993822281408,1292.6237474123398,1290.0869875043384,1286.4251053931398,1309.5902133517516,1258.448978406895,1251.8938046681612,1343.8259004583333,1452.7357517007508,1464.102808282101,1619.6811861048768,1569.7183165732094,1523.101639859073,1435.4477191164278,1413.564436940804,1376.0188042502218,1381.6334739830625,1295.8193959283512,1321.3974432801112,1373.1916144235515,1407.4009128607934,1208.8428353626095,911.5812809404872,844.5933554934622,806.0103023030167,857.863546349289,710.1762869619163,734.2656557868578,734.4254673294655,731.255990086718,686.5102289192444,635.7967819091195,632.0807279243635,714.1585127053964,635.3762913535832,599.8638721804557,526.6858945467101
227.34789507947627,333.73641300239655,308.51844853224605,230.691050988876,247.1552026005319,204.86287790682292,179.01228553869788,213.0598260462188,192.59790348371783,173.8905286523251,152.4256243181553,160.64808297829327,137.90341994888405,142.01904450013384,136.63956893743904,132.24365361615,125.99965266757992,127.61278998790652,126.16606970802631,136.1477442787548,142.44981768872844,132.19141354047716,129.76795265070965,132.348961815067,131.61168735679743,143.25649273822867,136.80221320632265,134.9547023253471,133.161276679245,133.7182064290015,170.81251219932852,223.17308626104332,228.96519271853168,166.23510557344682,156.36971600575208,151.52121700681047,167.73552498767003,162.42347336451562,192.12457998706492,191.71417587532133,192.8723965727478,184.5382800775255,224.0218898108137,242.62966946300384,247.16711733139232,254.34030581467093,334.9342639780167,330.4967287235189,362.1576367678541,385.6674083472516,411.9503548173286,503.790998196051,536.2527386276317,654.9031971267613,689.2902205245013,674.5180404649229,689.1134425743176,733.4728068073368,790.7107087974551,764.4667364807001,771.1268235845048,803.6175863608036,823.2005103713066,969.1354249853626,1029.2456983021789,992.519554196392,956.9526452039988,1002.0268583151766,914.221140452852,960.7780152234502,1035.2102389915624,928.855001301432,939.8502340035948,875.6840273797841,835.6167356439535,1105.028401541723,981.7069069717138,892.3242836886981,951.554472290401,922.3487558732762,917.3832378705544,925.2485569430262,897.2536776454795,876.489649034007,904.726831991334,857.3324917074513,854.6315134200154,893.8276861254858,911.4583967162482,861.3379707781667,863.8492959510824,915.299210387128,889.5714890744445,849.3442340457709,884.7858338714972,846.6957678424467,859.4622247682349,834.2327765495372,854.1170860299127,806.4727980697648,799.3978979993103,873.4068787004925,864.1843951459831,891.2668092984426,785.7389818620287,801.7283746110298,810.1050868843405,795.246260494287,793.9907753938662,763.647583495075,698.1219958762628,706.8466333773424,764.4016228215369,662.397298454406,650.0584214713772,604.5572564298008,548.052510147141,542.1404500154306,528.660020373114,500.27947685819726,525.1957617887612,512.3051971467521,486.2853754450617,471.578755613626,542.3235401946844,455.1724054807714,391.9333224977532,369.81683569593696,360.8555277513755,335.48840193452526,312.2263151315118,330.7159291190167,319.434873794084,303.7535196407839,324.9478385349497,338.650521961954,312.10565696139133,302.2607075350987,329.8887821291032,314.33314110366456,288.8210932727654
116.87172968952976,117.1574041212904,99.7943020923833,86.19261349005426,102.26029831904724,99.59052124042944,99.50208399757202,108.85748274953616,92.30904887294496,94.3150999740957,83.98359565983536,93.29338955737244,80.60711053812119,80.25082616018254,73.40866427147193,72.29637071238382,69.9236137249776,69.78726910109307,69.49682304672069,70.03646317932146,73.13179601601544,67.98547480172344,69.10025240474573,69.21717590210321,70.37913607979375,79.4965347167135,71.2778139180118,71.67988964292945,72.67006751563808,72.21193156836648,71.47082029124486,80.60561827151191,72.68072798156743,68.90948930822613,70.29374093857878,72.43953379814101,85.60488527397874,84.42390210983353,93.68051187945748,99.19412218057109,101.91432579617602,95.19757077564851,108.2854799697032,126.39008182371909,117.5365697150312,122.2626532309753,147.26209113678092,155.78444757062135,176.74781250147052,194.60998011525265,191.87396378208047,221.6399937344545,234.2789112631684,289.797735968918,303.46534492862287,300.34897424624603,303.6258742791742,323.48350137829215,348.4434434347765,336.72761355703216,350.47485160478146,355.7934287739545,357.9161124144227,392.722925711643,397.2084118931383,375.5276801229177,371.90423713644464,368.766728022112,362.5974874270925,370.273183751244,417.3234644178431,392.2889169367167,408.4526403205565,385.7986078019999,365.66439207339215,543.4923600258621,467.50079848326783,388.0899912593255,390.8523174254288,379.9575414726637,375.6422062702536,388.9076634475044,374.1656515436222,340.84971990891154,365.9057357230308,356.3446810709028,347.8338437463551,368.0986674531102,388.3155210237925,361.3309224166391,375.7125698173826,392.7361222093986,375.90760660176176,365.4493427281443,368.2576080928105,357.196787654558,364.19370237307777,339.8963766166892,335.7065559306352,325.3442908385629,333.9285593411881,391.6944402531653,385.20213751503087,420.5752151641443,336.50873986567353,331.0726317451366,340.93201008263475,324.41382262801443,331.59743343796254,336.19378490329643,306.64698694793367,320.73928706635405,355.8284571316713,303.6331640830522,291.58340301387665,277.17240848921057,257.97525949918224,257.2524949295522,259.09526822324506,252.77180914032232,265.3874612452236,261.60912646035183,241.4759420849619,213.36840124221288,228.30495614911536,203.45895491477827,202.27242164875923,185.5685988069273,181.4498939331196,166.8332490806617,166.04389280275055,172.32035358611031,168.52749363788942,151.9129860921677,153.08446394761748,155.06544503656022,151.48462719279868,147.1645678438574,171.87325243747122,154.7591611538448,136.07431561532775
300.0610317741129,313.48780459625834,285.9405748632173,270.4647359637235,307.9909925471514,294.760661420661,288.7115338981658,279.0476582867533,260.69506203780844,261.09883126061703,246.04100946610475,258.44469856013,249.4383747392428,254.00704555677183,245.83218184927136,255.28618903053103,243.0473238364331,246.58902766993432,236.5053436375821,216.0783756065603,211.8881527118014,207.14366984510744,201.2652149564225,189.95927364504888,205.08859000498123,193.0570452137925,180.78101780165383,194.6019513926263,196.07813168770937,223.5841573878652,223.9848581308948,218.5656207808105,200.45096078251424,218.7919689802829,216.80942842914465,203.07205062899732,221.39793949552669,204.53275192889456,224.16231830488616,229.6202385788336,223.44360593849063,246.5664836781501,274.0839883238822,280.77338352794067,287.1586400707143,291.8060368029887,350.04820937757955,435.0050108092466,567.8971934817428,619.3088679617648,633.1441848585929,714.7595665160253,701.8366664860333,746.3026402579907,793.3162843762569,834.1690984377204,829.898653050571,874.2980538991094,834.1410896302464,881.9400126704224,930.2008765120324,917.6570379228511,1024.2332661873647,1045.4566889823627,1011.1549134935184,980.862564866133,1008.9245888807094,984.4405819953188,1000.006622507698,1017.6582975589145,976.6292101068256,960.975352689322,1077.5335654369087,1037.068187661117,949.5374279217926,1090.8097199580382,1034.6636108025043,982.9425494637362,978.3491472782564,972.547356952782,898.1280620675914,845.3371838871017,845.3292526930627,875.8865163817923,888.3155771545771,914.601960750792,762.3846449875224,711.0049466592897,729.6516090443859,686.600871220053,696.205752451906,684.1370595022421,672.7448561474051,724.2604561462226,686.0486245819362,689.1541230978131,701.0951936782222,691.5643907174231,656.3198069788516,678.51267736552,664.4625908040206,668.3301091631903,635.5548982267146,665.3426101269555,582.2176614501537,596.4523085861988,678.0398416063898,624.432532952544,665.6917603779467,678.3473691766995,686.0860981350137,670.5307827285319,636.6079996858015,587.8398668866201,604.3886231680345,585.2070720244708,536.7412737904967,553.2352964436357,614.3183580319105,624.6952721231227,567.1830692250104,556.2203709867151,556.2572882779771,550.8573783804035,568.0065986799032,535.796378341463,543.6247853496516,500.0042484978405,484.7332545316771,462.8412504089617,472.2322536144543,485.6118132114985,462.6317092578716,418.3189733676294,417.78865170039234,416.9756365229628,403.3078050321312,398.8240176892402,395.082317278726,417.7312274217403,389.5949238204271
376.65526837756806,373.6384760393906,353.9199671549696,338.18347981979406,454.0539754762135,493.3579099349994,531.9470716142475,493.5113958061427,412.3831975135891,375.2097377511446,358.5416463594122,382.1883548669087,355.1521287762182,357.5182214495697,373.8773888392449,388.8196213526068,354.632112300081,354.2881172770481,341.61668283665813,337.9644341991674,329.88388707087074,312.2525078101756,303.1273931981788,293.9921721426336,311.2499236228382,295.8976934495132,289.5699700043164,268.2302860122438,270.1250155453189,275.85392968001366,269.8834954128392,269.8207101271248,253.33802978809183,271.34955640108626,275.5512075805766,276.61921437808826,270.74436090196855,276.2754362508192,315.4652416698498,292.2737151433007,279.534961855712,305.4619164269473,337.6034453479036,340.2208409496671,361.66437143821,366.7099187575947,434.6654221647028,533.2033971288757,631.5336491006888,707.4102563607297,702.650017856523,792.0823807069623,792.0418908742714,851.4619648341477,897.8684257231539,916.7921064178418,904.5834907680696,958.1804111835348,902.6922740577206,995.763409232594,1074.3789474538555,1047.9889432016284,1152.2540113859395,1175.0163513619875,1177.6667649541257,1170.891653282037,1183.9408584244666,1171.6754143250412,1193.5659692548295,1224.277896157142,1168.907022760373,1185.3403213835531,1253.8156846278291,1197.6350299416515,1126.8782682920703,1158.5754219490211,1136.8450059820157,1135.0960257948734,1216.8305319729784,1266.1479688074555,1144.4587515917783,1038.4331729158628,1071.9266031761165,1152.81067727045,1123.194587464577,1210.742769589827,1048.2147946300536,951.680261213174,900.760572297843,819.7137013062985,871.5000246730744,870.092801920393,834.2670685018077,881.1161145899363,824.600178542163,879.1785819637812,881.1644403907902,902.2445861638888,846.3846931354776,883.5110322200378,886.7417328954887,890.6210439418,868.1548532967869,939.0362142420516,838.4947993281954,809.4169202577572,874.7763246633408,845.399051981982,881.6838152311783,865.5579680850354,911.0069235495638,848.1666820809763,799.2831045983736,768.5763741225963,810.7831021684923,856.4347000191743,749.8596547840439,695.3493165030255,846.1992962103984,922.1291454304326,786.9659839298354,721.8419893212614,721.8007646884932,720.9941325267778,725.9629993413242,670.2949623832135,667.4267315395334,596.1480196668921,571.8126659925878,557.5565674028853,619.6873485978192,604.8022744985063,605.5513458015099,591.0545024571787,649.8469281417023,626.0730339490578,565.5423685305133,608.2216907468365,531.2235732660846,502.9265771165175,525.1565547470071
431.2316842295984,397.2461620157191,395.5120903160591,379.02853975007656,462.71669555322967,494.3669825140741,492.6031779587947,472.11911295081626,390.2417386533281,361.2758371633666,373.6865413069848,368.1534914337387,335.78441150713616,340.13318595961454,353.09321162995906,363.75647547643246,342.1318653741664,324.7816289334685,319.5400446373959,330.7046360773566,387.4592747465306,347.40947097453363,316.8544004641037,305.38191882141325,310.65683351457835,305.794466452559,296.9974231302204,282.28882862821894,278.3931171625036,265.9828449874724,269.340141166109,278.0046839143016,256.9630831334215,262.78471383739753,289.08218399128447,404.2813448236044,327.15177850918445,310.19993170745266,313.50649319738903,299.1473580225137,294.58353420129527,294.2666360481864,338.6134076402813,362.35693811448857,369.83240319377626,444.7154853540919,496.7995543484751,528.6062465507714,507.0877229630996,563.0486008003298,534.5104026068584,605.99192940093,596.9697137149313,663.9106403703855,676.5299378372558,701.9456826485949,724.7159339660192,731.595772972094,706.3908668124036,718.0696245554265,748.2499665768513,777.6654733690748,917.4280619442012,939.6263787710736,1039.872557083309,1117.3171664396266,1010.7200299611322,929.8527457529792,933.8394147368476,922.324690913381,896.3445341958942,933.8238694834868,878.0644743378975,855.9433089563768,852.3801297899498,874.4825198163975,852.1463449224982,903.6079811685864,952.3779133747396,1017.9521318928976,977.4224369943304,897.5218008291142,924.2402215297192,993.8603610389656,939.4385274344444,1093.958620302774,1013.5793419201776,1060.1214840408031,1087.13614805591,927.973274304112,1055.775226628818,981.5451399713924,868.2719564817122,966.3135822177476,896.9729350931384,960.712156768146,1019.5827357843598,1177.675670093278,1006.0974456699832,974.9085932830648,928.0157327955314,939.3456014694206,941.6522885832022,1094.3007381627249,1049.0491353505422,913.2945903103208,867.1375967065062,892.8151792287731,951.8154792345614,886.5255577210676,1102.1001136230566,948.4269291385358,897.7784724697447,878.2129831860102,957.0889201992816,1047.931169894942,1059.9069772779974,785.8913013042929,852.1269152676218,913.7166519261044,809.605377058988,707.869046863589,736.3605020236578,723.152346025277,706.5565828110812,713.6288968973033,811.5589295906626,687.879060978559,631.3344264183308,640.091017856205,738.8939670453002,679.0192292321419,615.7700945684651,660.0992372587698,748.3794100816167,741.5914976974096,676.7146975440255,678.2406823267216,580.7202610476068,601.2142260072934,652.8074286082385
426.99782081971824,404.4937597903756,388.7846216253586,368.8741561182727,364.0373396157112,339.9693137321159,318.6147719191443,311.75125876727384,280.4073139292757,282.1631510389397,280.539401297864,283.2477193941238,266.41866084105203,265.4883105303512,273.5666603023036,263.49697112151307,263.88036076939915,258.82013476612406,254.34062476056167,277.4104618411475,283.884135045522,278.93182102028464,269.29048493942616,272.8185460189436,269.8229081448988,274.2730918178404,266.23367152435,287.7819870238024,285.81356425977424,262.3542624801804,275.83990544600977,285.401259848892,256.59559049205745,276.2110544263006,300.00832842466144,327.79321749974923,305.3090442986592,293.5578815293549,281.2475071865473,302.89650890550456,286.7580292499324,316.9641959394666,341.8777771104806,388.71538667365104,364.6969446592021,403.3849043409548,420.7544151096917,438.39172377169103,438.92819277886304,474.55586538048766,497.3620887805132,532.752777600032,653.7014577001733,652.0852036697985,695.4609712677203,669.4312244676757,640.2247296690035,654.510951969972,619.9478042552755,616.419691569764,646.8576714956024,695.0831548447446,735.1541219965952,770.5734617331776,814.3424485418502,816.4767760970872,833.7386008368413,815.7822365026526,979.392492995853,1076.650267635725,999.6571644069286,922.0606687759682,926.0456623949116,800.3032435387238,735.535711492831,837.5541031422014,841.9989790523474,898.0697351884913,912.7452758110646,955.841014264534,1006.5775749507663,899.5221314661596,1027.3959384765326,1001.6835016805212,845.9136067420105,871.1112543773619,783.382742946366,809.549380572149,826.0320282253476,742.6054291052709,773.2690080964352,744.9005059777522,657.8708873328703,756.1021971550908,715.6787855981457,716.6915978325654,703.4845171088158,755.1691825843228,755.381014571321,723.6961234663244,672.5269239607496,682.2917964409307,698.3777593618516,750.5536869313817,754.3472539083,711.5950378412242,685.1028865759539,710.8690482788752,707.1551433457628,629.2204031977501,690.8764489142561,721.4980134572883,741.1802176158945,727.0009532370955,712.6798528368363,662.7191463871719,678.4245206176124,582.5682730962775,610.5455827926661,635.2209182570018,667.6381620925507,646.0503941243669,698.3508874669261,745.738026080761,903.3561994837642,883.5837375922924,810.9967094882933,628.4578727403206,603.4302716574706,605.4031137478239,637.5505015477951,689.9377934386983,634.107179634775,615.6469662025174,665.0326154094587,626.8380108484364,737.2023868593611,686.6224721858227,594.3190187584692,678.4066289720685,865.9418288029897
545.0781356901192,494.9473046627091,520.3291649528334,514.7753676533348,559.8509537719953,488.8364371660632,436.8730806018306,405.549883799705,371.1602034045266,381.5188148078782,379.4926354398738,425.1551979750592,389.729049179029,364.7817763234345,380.2091200030776,350.0270823974434,341.801075827655,337.687023745099,342.0483976449865,340.9735667089268,326.1674186662092,324.6736771903885,324.4645976463537,341.6120956037131,335.17690323044934,328.63767357566115,325.671694371003,345.13034982576283,332.91051538225776,323.0878634725428,347.1809298832213,333.428757966909,306.7584768671779,331.03871475717835,328.85136033717384,322.68841492846894,342.7188013697519,315.62939287038216,313.2334981787895,331.4655884011499,319.4738875173279,340.9065683764498,394.10323632625375,405.4309481051986,424.7590030799289,485.3778664627969,509.6326103603823,536.0997505399569,564.1553353616115,630.2043964085893,619.135986666808,641.4074543690563,721.841208089416,730.1994418608825,727.506730471049,736.8356698173424,710.5986176018571,696.184515118522,676.2508763576195,704.1365377283344,738.0376107500833,738.0938048921902,717.9137334170495,753.3500461892568,756.1148665664925,781.1550155625453,849.3800203377185,788.0865055319922,974.0704073640004,1068.8980705225208,872.6030044792196,782.6109600835604,794.4457685407913,768.0949331479057,736.0301075310698,775.4485095454229,778.2083454371448,789.2522696250378,829.1422297953097,824.4670760700802,839.2275617090869,766.1343711056751,808.3705297823598,819.9095953957965,808.386143216157,807.5455783073314,756.4018561317569,743.0774584126759,765.6799807470305,728.7623747574919,781.6590355987701,725.2783756992162,681.5545490249859,733.7791434120218,734.296576309555,741.6874419553768,785.6344681973344,814.6463624769578,801.8127801664274,788.8789788541962,713.3511852472459,738.228315885421,847.4267170138082,810.1733573112708,778.5325508376145,742.3367305499154,696.5715648606135,692.6128756791865,681.2780954622218,652.5506403911168,681.9746996247924,756.5974470142504,788.6380446386144,754.6576231891049,796.5155925704702,725.2789140298676,757.6421643351229,746.7676588758175,765.7222419316315,778.8852830158132,739.07074217498,715.1793236598962,730.8102278012874,729.6244600040734,765.4037051496326,750.1507223628025,716.5128256587625,664.4846457107063,716.2690780297543,707.3931855547132,689.6667475019802,702.407444720673,645.6867246085453,602.0904808677595,640.9437335690943,592.9534135146467,687.2824068184246,729.8250126649874,695.8733006612933,698.6487450643598,749.1330381807037
496.618021263282,448.2922209576169,457.28444103119546,454.1981588161505,495.9287865050446,452.2434341986123,403.4417906214095,384.3829752075615,352.686720926915,360.0202457405519,356.0162211377839,387.4239340106995,369.8732200691154,343.05621734537345,359.18586442042994,314.4865424667638,303.54010523315884,295.12936093722,305.11014412966574,295.07877306540723,275.12489973419,276.81888891630035,277.1203689732456,290.8121990799939,281.1294210173394,279.1294381228464,279.4168265838937,290.1165451617447,278.5654273064621,274.8586860450594,291.5508121935662,277.95483133658274,261.64440195632085,276.8758050994928,269.20375547294753,262.43489683898923,290.1823497637343,271.45328169573014,276.79444966314054,289.1054380536111,281.0585936030858,295.078910211423,344.95378787607217,339.5898011256038,371.4640502371753,424.545688327982,446.74682161709154,470.9726798871938,515.6103168509742,564.7401433183893,542.2049140259071,556.9799333159423,607.8097435420877,603.3088694813125,579.5040942362505,578.1860360230523,574.2937746724563,566.7849883740092,557.6027840656724,591.1516224577197,626.651693194446,595.9920858978478,589.6197739888106,613.5962295404911,621.418828238956,632.8813494644983,699.0478282711115,631.8603598698064,801.572692374617,863.990961147444,659.0566395338379,603.5628575189127,621.8431653586471,622.5787607727029,648.6177243867673,662.3835910427482,631.9070767998246,643.0895367505761,700.0869108484222,664.8188516594605,658.5046242898336,602.1458878973099,598.774798451218,623.8668723875107,640.4932975486679,636.9793660901257,615.4647780219806,596.9236810019636,611.1635854413621,590.7670284331778,644.6271858287334,589.4354460393739,574.581224987514,599.3809946165235,604.5112524307792,620.5043593912916,674.2605825232678,690.2733086188653,672.8437410481641,650.0459371760066,631.5082297036276,639.5519104479524,752.7770501940345,675.2452462679508,677.6309778080098,646.6056742075142,585.5675410698277,569.0643867405333,561.1808321574719,584.2520727102033,592.2588580572908,659.8303204274271,666.8296262448852,647.4246411332547,735.3361281271615,641.6710326241865,660.7493747986666,700.0010851760812,668.8606848241367,663.0708828062012,619.3117452255038,602.0517680155567,605.1773400993699,598.5740236575124,599.8217658644479,608.5660877214914,598.1876594859597,572.9726274191615,633.2193184080247,630.9683967825241,580.9751534681424,583.4205315135425,548.8821344612195,508.4600701611935,544.066705903771,511.1608228241722,568.6077488472206,602.9021004817566,601.1564208493276,585.268939668909,585.3334537191789
321.0577137397113,315.040880243732,264.5072690239129,231.88610807241992,252.2481645783649,260.4194179174308,257.8683784779203,220.81823335202805,213.6921552863452,200.73200184227008,188.77972227726664,187.42361636428365,193.9832404864765,178.57955260650633,211.25069326050507,179.2107420982218,163.6286062871576,168.11356436083625,157.09255871122696,154.2248413875312,157.61159274523678,153.67667215419462,162.94428888428232,167.73232648049407,158.99155166172935,149.68429157213515,154.16626705750403,159.85773036022877,151.0750750176877,153.27223268293147,164.502235906169,151.20324548735277,162.9094320335918,171.25109787461403,174.21650592218663,179.65823815183717,178.71999344541925,182.12755475694257,188.5116632907105,182.72176723755769,198.7049186236629,206.4825394345028,222.665384783878,248.242782508002,316.6560432243497,366.1880514779382,334.8542222004024,485.7437482042208,502.2039840618248,538.8529982569327,503.0325400785732,502.7140763335582,510.9490249782037,525.1554719398936,555.3234128235752,584.6798858105147,654.8408987490378,607.6729087693544,628.892516555543,674.9856666220344,683.0114773137835,660.4501090135246,763.9327313135502,769.5550221586725,729.7494093974256,764.3778510675312,724.4135439917494,693.7210899586264,725.6018448521103,881.1493083179279,809.732834729401,707.4043108654216,663.317998821873,703.8266788936083,712.6738825782388,711.7092742796673,655.0961561517992,684.8321359173957,669.3026916829699,696.129658086279,680.4264218503159,644.5328250450486,593.5975561675181,567.4400735528262,518.7000144226866,502.7395974232872,648.7791417583534,575.891861378094,539.1158898019733,553.7488054955645,534.4585241457854,567.1103381203449,537.961680784412,547.8473507187539,566.5082116583176,525.4967320291904,514.4175571457191,500.63522670060144,490.2294784151407,494.4237889005013,511.489784341426,546.8699078194012,560.4631592129559,517.5761761133796,502.3914624530698,534.969964486749,513.1458871811628,522.4465300547531,723.706175873419,584.6613753663654,545.2552660832832,523.5980531540035,480.50287528418494,513.8286799597583,551.9245244494605,503.8531901646966,465.5544087542851,436.03916053749,431.3137767159265,467.0748535897452,417.9373309560772,438.7169927168063,462.800690636916,475.3396564758969,492.4057332394021,389.5180572675677,382.7147643827039,391.3850138355336,388.9228167807445,357.1438717903731,391.4360361830959,349.53913712669936,358.55490621246673,306.7192957629996,310.6508577521626,388.8412486392389,321.9379080557995,306.3529762100743,333.33443114309006,303.7559540413015,283.8715159336157
517.0513188490828,466.2232837572599,474.6460757372,346.9590863969468,313.9665568752577,329.82902983486554,328.9038956961003,285.75927650533185,292.5105968173849,296.5652228202576,328.62755181304004,303.42948101256343,269.1480918227169,239.48628555619717,270.4870315439147,260.48002005398484,236.4959329727501,257.50151166990764,252.04572418778773,225.429279854236,236.17318660751192,221.33008136974044,226.21268421571693,248.721627579334,230.11708832114005,215.03560951347856,230.1961797082812,221.13877492510275,211.92368134492003,228.73696843147343,222.27196253600349,201.41848252404048,230.13819882719517,217.00028794379597,212.6784830411949,230.4020734680375,221.26688309628764,220.4291976164068,243.136821201398,245.4196870220509,269.1619430340288,309.28557521290674,311.246155595831,416.3771727868873,471.0102899539246,526.6506702868705,521.244195208283,672.5965322700395,832.9901639119872,886.6716031175549,873.2411968174506,918.889304571291,1026.7355580259716,1034.6926932583096,1092.2736405431715,1069.8228512497506,1120.2612726263108,945.2715829310176,947.8055437388098,1040.50420596442,1013.8287052870415,978.4765352678394,980.525675457001,920.0080676158008,1021.3993046176467,1332.9089679699905,1223.5989512732535,1102.4845074876494,1258.4580880398591,1107.6003937383916,1000.7089582090072,980.1744509756596,953.281036835096,965.0675656073888,995.632753152262,967.356599034188,946.851153690467,950.2000427258432,973.1471099321436,1048.9655925754666,987.5282154834384,1007.12598700844,960.8231013514628,939.8976537782828,950.7835906439396,974.6854014798906,1019.1135057472816,1154.0890061667185,1223.8954237151704,1037.5087172891465,1082.4170437485366,1132.8040074469295,1110.6785448158616,880.9201165878821,970.49464567702,952.0441000585652,941.874123134394,865.6181474004038,970.8615178113996,887.3716616506874,1022.7579685354244,1133.9244977941798,1115.487471062061,943.0546432386244,909.7148936707516,855.6340612227258,804.7083558929962,787.0015198260432,810.8645026793254,780.8966475631389,755.3415417173401,769.7648223987825,721.6801233508946,775.9929419425102,781.6024765852878,765.2050193607251,700.5739301761088,657.3321793990399,640.6487212159171,879.4026939473194,678.1715766523699,776.9746478410068,855.8661932088035,717.8414565058824,644.9849408651248,517.5191542860487,743.6360604550839,881.3128020349546,698.8864277306083,547.8233941206181,532.7640228758326,454.2945336078546,670.0259149665924,541.8086380615816,500.4726531051487,531.8949172939427,474.5039554260502,427.5654592422725,466.43164304062,484.48227800095873,439.6719641221016
594.5398892510509,566.0556515801261,480.94974552051775,388.5565705338454,374.4922886091717,358.16345765817937,328.95015222308285,301.444869127214,309.1270810453525,304.5149474088993,287.8722648860488,301.43896980558515,295.4906894163644,276.38679127726346,296.2977060745053,293.6000224309552,270.06443684381424,289.6045292059194,302.42960628112445,285.48264924761133,275.52090068432346,264.7733444727344,250.6639750719249,265.8629469140328,255.90023651489025,235.92935409088764,255.24279752232965,242.31495469424505,227.4386314204391,234.6216532496247,245.22389757196177,236.5209175985795,244.1425821336949,241.5704885077912,241.3575572374343,247.1507408066331,257.2433487382881,279.91623523763326,292.88633190384945,290.536336835392,409.1399205504716,392.4845712267906,371.0020095055078,384.3815257907116,395.95456638538354,464.4939765002404,496.58986984435376,530.3039717036687,653.1438953216099,652.0833262840226,648.356243078768,626.013215557834,604.428289795294,640.9317088637923,652.280527555122,688.2311810861884,823.0064555398313,718.6328996746328,727.7784535971201,721.266543070285,692.3711169084014,690.2569786984747,711.7711409402806,782.7814557680144,762.6490528890466,698.7574045981391,732.8643596356759,712.5369231123165,746.1347797724718,734.1603543778434,764.9735527679081,727.131490928922,642.9700294523742,689.27131929062,675.3096585587632,695.9307123003856,738.6341740918015,745.8897620575902,784.9306486576926,766.9027659668182,743.8835074314978,752.8948438722126,719.9858488553901,719.1562434441572,746.6800509649038,740.6683146224121,720.4781129435512,760.9277841191725,715.2276832781391,722.373739870672,724.0745415896318,1001.443228974444,863.805070082406,730.535197991294,697.1722239862709,675.8322180195385,700.7026625605821,674.2250629100644,692.8483746234522,599.3829438588771,618.8532050751587,690.927318145074,695.6055214057508,720.5451232996429,675.3905270603041,681.2566112364207,742.4484522608768,697.0498675248735,708.2630465424879,720.5040408864257,665.7985142119063,763.3563524094099,688.0739726715884,737.4282301585672,821.1201532172114,765.9174121402987,687.5086637053241,707.4803046634393,649.4094444529532,662.7277016516368,681.0212376156749,742.7759297617574,739.3363344000613,831.0984743525999,714.9396006037355,657.6263160774936,648.3375780920868,610.5264343954108,558.1090126554086,568.6449297651919,580.5240055607985,529.5786091782724,568.0292651771653,589.6146867793714,576.1912946604708,819.0478934097237,846.7999017706225,713.8153482559968,702.660407356649,610.8248631449434,610.9228242862685
564.5471795513746,700.3464427208355,583.267718227607,496.005138573871,477.2157437973548,454.0559477708213,415.35239104280544,428.45435011744354,430.57102615205446,408.1215126606508,422.77554505725504,396.9301205105441,361.9623559408477,369.9367148450124,366.72318838166206,336.5904736034334,358.6922248871949,356.97482368947334,336.22247362498706,347.96674032236257,356.952985117022,363.70662119255326,342.89724007613216,336.076593088942,337.77398859352706,325.20852107906313,327.5531004140811,298.23731909053976,303.41578995383105,300.51436423401043,315.45400799909413,322.97946058100047,314.8873682173671,312.53235934220834,329.16163239226864,328.4119737935455,318.4528621870992,350.6518983744392,357.95489849657014,353.272479494116,374.660214231405,367.16859458518064,402.7620794710185,461.6633821588865,486.6321609632461,555.5671413809273,617.3813261081533,577.0546569977812,613.1536267539584,677.1303522860273,644.8746318722436,662.6451360682498,641.6197273628619,625.6448863169015,710.2022362288943,716.5706985027842,712.9132659702601,663.499471748684,714.7014246364938,727.12812929785,701.6470105845607,745.7581503249482,742.7972481664013,825.9508049317084,827.9922729702467,762.3920296920717,749.4911675641047,845.3675732885939,1024.358873195138,871.1823291071819,824.8648406105034,837.3207799254945,768.1696146969771,742.7322844989567,751.5466553746388,769.8128241808149,834.6127315652744,863.2322761331276,910.0192632478594,929.8081152703523,920.8838025416986,922.6205477436556,883.8772601014341,853.3846882579563,854.8916445670599,816.1587898424405,842.8560249987851,851.5002064342353,794.1710745918298,797.0620810457987,845.3771381910601,831.6890325156588,808.5432105898186,817.100194858672,782.8322916181666,770.2027790861446,798.9042361610248,806.9008310633553,794.5575501359028,743.8498141669909,755.2368970797654,799.9000881636895,787.6594545531461,832.3800893055442,795.3261465204126,829.2626096295367,852.4690255466995,787.050475001363,880.6702816282992,851.8697181042793,844.7342862543723,994.069566622626,880.1184341086515,855.9241164082662,1160.3363507164152,1181.9192432272057,1072.7064814969783,961.201647270442,817.4704603784755,819.371634888227,820.4155080439967,804.5092407031669,801.1015558216327,806.604050209691,813.0543095700093,810.0776454751459,728.4104378023801,751.7750007352064,700.013162142634,685.4030149603348,754.8096922960357,695.2111320491279,681.7615010274668,670.1127487154822,687.9227996974737,711.9904714798167,640.9875520140856,674.1379670056424,707.044180012035,691.1675802657985,659.0008514357975
769.7824777822844,721.7980525308017,640.8771888767094,603.2958875035055,547.6995973090513,516.8166516713833,511.113117021129,546.5083544670201,528.0762683710802,531.8772172270874,528.0429847679786,432.2552511011178,396.2865477044913,380.6129495970737,394.5557606047136,373.66667254399937,375.0217099564316,372.21624053044303,369.1262196894337,365.8959181044033,404.8139315859023,456.1210389483219,416.5050976254744,381.7058583616827,406.9638481096277,398.1467417117837,388.45782680648085,349.2005480317381,341.3822219188404,321.45650643359534,330.8886121352733,342.4006053713527,328.60449138299555,300.5169766851583,304.1139385510557,303.34968897817134,296.82342221626976,306.5056434790491,303.15372331335965,310.22240553325884,328.77995321868565,351.259079833997,394.931203250048,418.8844938470021,412.8871310259358,446.4770705378843,491.6111757436154,480.1001397651668,519.6688809939459,518.9121386614975,551.7773793149332,551.7466639773377,595.3641589490517,640.7172876168404,663.6386069018602,656.3075404443134,667.1181267870072,683.3382531263454,724.1783126025433,757.8498368397317,769.5920261606699,773.26186957879,766.8718718883723,840.6535403229379,858.4451241491506,861.4631677867181,917.0024402759568,993.5902470161986,1065.1489850479818,998.5902861865188,973.885149316432,1001.126649631289,1007.8993603616052,990.3138743956008,1063.292514360831,1027.980718335806,1031.177683935732,1121.1375762948308,1134.5397693653058,1177.187372238193,1196.6219832897646,1134.18308084795,1087.7756259487464,1078.7559807869295,1050.622730506171,1012.0760846925562,1091.8191688886436,1138.1915163323836,1080.273162297315,1063.0442724465288,1053.5180093899662,1052.0378415481684,1092.9365869512912,1145.895435117036,1101.4237151521015,1024.244077233848,1019.589902727462,1037.398250246444,1015.155550956671,986.3871020302744,983.8404219444508,993.5964769280556,992.9071247167414,1018.8192033574092,987.4509130005862,1015.199623021372,1107.6139253641588,1016.0135525715932,1027.6707118909342,1037.4119965835434,959.1305219590856,1031.0977465753435,990.9741598929666,996.2774413695356,1024.779143731577,942.3947144159685,1008.9584556872784,990.8046778021046,905.7329064786107,903.5390501341384,891.2822021558899,832.2999386949656,771.7576135931243,862.2875847819316,984.1549567003964,938.2474144518148,850.1025032987,838.7116322884453,791.0639272288688,799.443508738701,857.0112094749564,807.8346631745736,778.5449918440268,766.1950901071342,867.8898268779626,846.8413738694162,799.0463910951803,707.6202479008907,682.5073207581412,693.8830260190749,656.3410749633218
714.8769178184701,604.8463543428346,539.3841748261412,511.0855318189492,527.4801733599867,556.6507445860893,551.4156338435271,576.9579533201886,554.0203462162787,480.7919624951819,430.9270980720426,398.9376410262045,399.16033982451233,391.74241457362535,443.6136814418005,443.6703803326493,447.594802547365,408.5079726143994,417.6628083731868,404.2599312898677,423.67612741394646,392.79051151936176,384.99409545128447,370.6260340528493,358.00217454113806,345.8042827106145,348.1110383483212,330.762151342385,321.3532744517337,338.62859094662963,330.1873392954609,317.5568059367448,319.8424513113286,300.0462750673201,280.0733914233463,285.40592607049723,293.3551070920766,290.6668034060609,293.4226155227028,280.2298605032711,292.1441812030638,324.9650131335373,340.4456394051184,355.32794945981937,398.616551089257,392.3571729606404,444.2106915693385,465.9675850963097,517.2801549537224,533.4122968599524,577.1535276612549,508.82856456962463,592.5476937266967,618.6574140123621,650.0779894381317,706.4357879323588,683.162094980041,778.7493916117727,752.134773051283,765.7241143500758,889.6187248988898,922.758713943227,930.4976981714592,920.6686589053724,1006.293166465146,930.8776662463335,991.0560362960445,1081.7780677171536,1082.705857435961,1075.0721721296013,1034.2947162566668,1046.9345140004802,1179.426292698227,1185.8973237526866,1235.7979119179508,1249.421336431644,1150.5631907155853,1212.005881042115,1257.0161307451265,1179.164062838656,1185.2343344116457,1169.5343881786537,1181.6309865934336,1095.4150840055431,1139.0253057648874,1096.2965655115909,1065.6528734452083,1108.9745714889864,1149.12657918625,1030.9499221101437,1043.7145044937024,1061.4123713217978,1134.7260261453723,1198.0018492980598,1272.180255424082,1246.31115209794,1189.00560694388,1192.0981543597577,1199.9395790745975,1112.409995661929,1139.8394495636944,1164.8196711874723,1281.6229637673107,1333.3665237263444,1329.8382014766048,1317.926885264572,1302.681892953776,1211.7758532637033,1191.7792470660204,1123.4297909119116,1062.0175294558046,1065.366652845247,1024.3970467236718,1022.427928729753,1008.570829918841,983.1880346100036,1029.1427073293771,1069.8071657052988,1062.7477153526274,1001.6529553768606,931.9641456288592,868.0535520799363,789.7939747275901,786.7576979295922,777.1156811021648,829.271728991664,776.2882396807163,770.3907741646758,772.3264278225081,811.8794766805921,810.7023603854414,860.5993660903251,892.1259153120698,918.4643012753812,780.2960126619469,721.1777927338819,688.7278784206823,656.6681708668239,724.7710366461281,684.8033346481604,762.6398754241587
388.5572139579834,359.2312650713277,355.7390675542463,335.1023548805352,322.2198197992756,317.9541544223307,310.71208769297465,335.31042728354146,359.6639318368693,339.8165191530993,316.9516536005254,298.0201694287068,346.91243200626343,308.5472098056956,315.7533865307352,330.300074528764,304.2406075009496,279.40851756477065,278.9061379985002,279.065321766275,255.308333619776,253.5891246640216,258.16663157656853,243.12414712115975,236.83126465852808,235.8106646443366,235.7259434049475,239.74179253125692,230.8878917875477,217.6520994905827,218.2878627824789,234.44594828709796,239.17893733224668,252.1564257593274,238.45548174587609,243.06487587619085,258.203901445803,246.81642288636988,236.08486485738695,244.22998835630855,267.1437607522207,261.8286528710564,278.8102782552358,291.11094464049825,319.6055262835873,357.52247693637787,388.9452521058884,373.7163943837575,424.2235556018586,444.1461036642448,485.7633904720315,470.6088423282782,514.6391730048906,542.8300826613195,561.1519190701098,699.1915394662351,672.1329261873058,979.235396656178,911.8864822745944,809.7467185488158,824.3565397672629,846.3780719309138,811.9414042229856,828.487368701872,860.2828117067085,837.046460518199,898.3069991664344,938.7982613832468,874.5867334701773,926.889844572648,938.5043911065544,987.4993813409072,987.3900792551316,1027.2427979565332,1067.8350645071032,1022.7081383862676,1010.1080494676644,1004.89028915688,1014.9801081672966,962.4802502718212,1090.5340149636093,1041.9691334952015,1063.9775276523587,1037.154101113699,1010.2219861148316,1062.404538071385,1096.806451970712,1078.7335846898836,1116.728618931301,1188.0420417141102,1237.3097160350478,1139.3055995302907,1132.8430111094715,1201.027950880398,1224.553551005056,1360.4271019114478,1321.377453287488,1184.7255759857378,1151.7948468485586,1126.603616204333,1108.7615905674293,1048.1793882331112,1071.554983627777,1110.0210856651977,1080.425885459392,1099.6563367492456,1100.0754759320546,1063.897910634932,1013.1215290026496,998.9434340267294,934.1645211220122,923.0599970766584,1000.2990641368682,1007.5278191434902,975.833784870962,968.1483903942744,988.221662866549,1015.3701852444892,970.1113404794949,900.679586557033,767.868368221846,765.348053658974,620.7915290046903,582.6095708998351,581.1631910360683,555.2586183027234,538.8537156545735,658.1463917247233,687.8623047815547,601.9850142064822,515.8803264960126,508.51179069953616,497.7006430077943,476.346028930102,573.7985396498849,555.9304848507552,526.7253325339062,493.7937400888353,461.33851963055326,453.0280569280601,453.8064703542355
767.1052956262284,676.9074068004331,759.7016861954038,660.8757642952027,607.0138588054446,602.6725379219364,550.1481900420514,536.8808192643494,569.1339868074484,505.35209657291495,505.1886863456222,497.8366712153584,639.2900251572513,504.8082669996408,536.5146627400746,659.4745954121742,541.3630231156773,518.7768950867804,500.1818439310082,476.589054535533,413.2197616513016,424.6062790283924,445.9250873271001,427.31136453333335,373.5586504163062,374.7589108666893,381.2803656499832,355.45771377946045,366.6922797210004,371.8229675805323,373.13938059711313,375.63012365954734,403.1378465696652,405.37995434227525,384.4134404196531,407.0655502489565,429.4886379320572,395.9692999681709,395.7284738078678,445.4751273834456,446.96772222959686,482.8936724375312,506.4924107376215,530.9727800761091,684.2874790160107,814.2004343696374,868.7157380297808,851.4406930159771,808.6622366242506,765.1594621674197,759.9341274294381,818.9740206965782,939.415449093923,915.4452599024733,900.3349416140078,1056.8413752206077,954.6853783576678,1038.0446881400258,1045.0091850115268,1033.4339836191432,1054.8403969281703,1218.739375926392,1142.3166792909033,1160.95161027933,1163.745908921814,1082.4439993173644,1128.946810978712,1265.2780984220246,1249.8704819435586,1265.7125806510628,1309.4437495489212,1343.7350360481933,1410.7794187628915,1437.4218135201916,1420.2511042153844,1424.337572615494,1430.7890814645405,1354.3936418723722,1391.0070797662895,1456.2387570832273,1621.740625534677,1595.5393734217355,1543.9567429639087,1571.3359893559718,1621.6013055534636,1573.528442920462,1635.0504032673475,1614.6401177003784,1572.3802815618917,1531.5175459192646,1768.1645393787392,1655.153796944956,1563.8701751827973,1475.981487913181,1502.9115090184591,1496.0987967481778,1424.5279014416185,1399.6111946193553,1400.8498846485686,1530.664064297567,1510.2794184335796,1441.680037185301,1412.8030492037722,1343.0370954141488,1426.708446298846,1493.7471148906063,1402.713827951453,1374.3707787769629,1446.9447062178947,1398.6447039178302,1389.9145744379157,1435.5091771501318,1483.6653812613831,1523.5830913359512,1481.9880142283553,1515.4920053072356,1697.7263719804716,1909.1512178770795,1839.5762143131092,1579.5739442973988,1366.4547448521396,1360.7899789237229,1243.2815316098995,1226.126615678188,1272.260047520722,1214.7881427360476,1123.4866763183302,1214.746396610255,1233.8970162711155,1270.3162977848165,1197.8081091647978,1231.875995050906,1210.7547450800305,1140.4299383260736,1097.3206433075418,1038.9173960329813,1147.748419782508,1278.5553424891502,1185.2281234105292,1190.784819355226,1019.3452236304184
531.7594747518989,475.21683542187327,445.5306140271082,457.6091363229585,402.99921981771126,377.81003870982977,401.6363428121825,366.3985357395426,380.5081173103733,369.8683209972673,341.1750876007212,343.50271743478976,377.1948257933393,343.2440566666748,378.3857244924681,383.0445566045768,343.5970560788575,353.0496933277352,351.5832013590723,334.7185266892471,306.1351349147084,304.2587545153912,296.91491800844057,309.6383603162567,295.2821578354375,289.4442713514274,274.9988245274216,271.2069418258216,253.8984039683681,285.9320291964931,295.62721076236977,260.7780315166457,252.56489135061335,264.92809353474195,243.86965003496348,249.7911619038988,264.8871087961544,257.8040987428775,248.2053391070883,287.3570744087267,295.751238364094,322.8461659904911,390.6726798507861,362.0019218342652,422.6558583023047,478.00685087850616,583.735971308891,565.4541874267072,634.9349719167045,766.381210455286,845.8938564660355,826.7771354080048,1035.5856116713992,1051.2377943231693,1086.8400414918792,1243.544705170813,1120.8242506816864,1045.205661586771,999.1936798821082,999.4681392844352,1027.8218894886816,1118.2534102912473,1111.8759016101262,1234.1307457315183,1229.721734202911,1148.6254285210118,1220.113592120782,1221.0568012856345,1178.1710404924768,1223.9952556697665,1240.8606293558953,1253.827995795957,1393.538520638027,1375.1606001953437,1351.6907338986496,1434.123239972995,1432.5190825430182,1391.1934757215822,1550.042637422454,1630.6292238611848,1564.6969290909208,1610.74636141583,1527.1626163966453,1454.5304603667123,1450.8945781688517,1398.441433127739,1316.3318729006978,1460.9967241124557,1326.87911874874,1304.430426367312,1271.1164271458952,1298.9147331026077,1262.897206664138,1247.1961869468432,1263.9678345978396,1254.6228580529264,1286.0867747033249,1296.5234235456817,1339.655738410922,1345.207377915821,1358.9893384208146,1225.9812849749649,1222.0771108524095,1199.6801722081482,1218.1885302041817,1242.3450409927054,1286.823445201029,1334.9874973579072,1440.5092012596883,1286.3288375153268,1235.798348113752,1338.6198581528602,1254.3613317099496,1109.9691835197575,1107.2914205662055,1090.8758979357265,1122.2538303225458,1071.8816968254594,1009.095162940564,988.3019228623142,921.5156034704956,940.7770079283724,871.3849657652264,827.3869193914398,816.3581992937351,780.9668327257722,727.8201961953741,764.935158512157,740.3011953233981,740.4349120337829,705.129743744355,742.8323803436025,781.8537568679377,689.256503506033,639.340933763471,616.7837244199036,597.6959000854883,598.2543571594224,633.4277338451692,605.6206467678704,603.0647951838519
822.7463659998912,785.9444897722116,700.2390747966664,759.0769966973735,749.9481749624371,680.3077539164499,772.9775067522144,714.6517162656138,754.7633326624106,682.4243695933527,652.8660519229586,626.7897859143399,615.4638863575174,600.2876587063502,604.5903682759053,576.7078757722909,544.9398899470963,623.2704528239767,568.074019369364,572.2833959532572,528.5801795206452,495.2131078479527,517.6050110541569,570.188288552814,493.7877978772768,441.4867499980699,440.0212597811808,424.4365654668947,390.94149801451294,429.651380667868,427.37211572969073,371.9243521504436,349.8602916492036,344.84057113649783,338.666825838102,337.0748221053429,350.488685606767,353.3862325786901,363.7352331942527,391.14576071267936,419.5175197431242,439.4709068530737,484.492366332204,515.4320096921426,540.6851502480663,599.133333926238,669.4296488373514,695.2357721135362,858.9372401820316,912.4934575437096,978.687635831507,1100.6779718691375,1110.3514622101743,1239.6921694928085,1393.766385751773,1406.0448785313472,1331.8618359950638,1333.1045742431234,1276.1813458846916,1267.1054522429097,1223.0477754685503,1311.3044985656122,1321.530222276189,1558.0994842854004,1557.5509869657028,1448.0328483331534,1595.768225143321,1486.871932782473,1402.2785978011054,1483.3113181452238,1452.212397222999,1441.7426243287323,1551.0955730569044,1573.5429887300952,1508.9587774610125,1603.9360462056873,1584.039232611658,1612.101473307625,1607.0538090483706,1630.9401989262924,1675.6553100983688,1619.5126541373406,1754.0381532019553,1725.836427758078,1914.041650717914,1902.4520044734847,1767.895091584526,1757.8814130311955,1622.1054683951124,1572.692125702357,1525.9333453515212,1574.44394905669,1494.6573548910983,1451.1131809333365,1449.366810798695,1432.469678071559,1461.5324313663862,1506.3450220159546,1643.098006513898,1541.2031902494923,1682.3434803401296,1522.5254127565274,1504.288266626546,1497.966992383219,1445.8498564936574,1399.131509015485,1453.0345086535297,1459.0635895200542,1462.638133012319,1388.8944133719574,1343.1575247504463,1315.3992378145058,1341.3670501580473,1189.1678942680553,1230.8318390519694,1163.8060795268816,1108.4762746556555,1095.317370264676,1007.7159466024896,1008.361029486264,1067.2362304350872,1051.7509173505475,1063.198592574053,1115.0065468266184,1019.1762859762648,947.0128411308152,910.9680229518516,957.7164744623522,954.9830584210732,1047.873576991561,1034.8677602344171,936.9848795786988,952.2676434299458,897.56280027041,880.3100199840688,831.2320619975907,766.919702734581,849.8300493318573,874.9772889140979,825.0300973482823,776.7165253101568
367.8101967528667,353.92196106325537,311.97681821182607,326.3292796331522,346.8928326195914,309.1626649412749,342.55942723616886,317.6575835113973,332.70375347680994,302.1399907161037,287.14751896758554,262.9104572437358,257.64333252551864,258.5671230408868,244.46797601464675,239.66939629330733,229.28029572584043,252.68592406855143,239.3209275440885,244.81514327615017,223.4382092844997,213.5218815973256,219.4467993172076,238.04599039031345,211.4501528312668,193.36032385676808,192.41466156470992,194.8317467666174,180.2151457281292,179.75571987068247,182.59516537824055,168.4772465663521,166.50634247269954,165.72197070814693,167.19387666489675,167.802517599277,178.12487051302557,179.67922848364648,193.14312532309197,206.85112834634344,218.55372035159385,222.6928621436272,255.32074405953128,284.054764257616,310.7792913301987,355.0811590517394,393.682572531603,416.3581733727631,547.1826752951268,564.3845283765002,604.1852586080084,701.2026072978579,708.3030763145525,868.6108699318941,983.665996670367,1070.1244639976942,997.511189205718,1007.1726303437384,972.0627374404498,974.3722522886374,998.0425037572494,1126.7562582484409,1036.757485135087,1124.9575228367885,1121.694345267619,1060.6342115387124,1095.9176060650375,1077.1487338557554,1007.659964693812,1037.018525520932,1267.0890200608978,1146.294932190858,1201.8284201877505,1145.1475392150442,1049.6427289823675,1104.1351236813107,1139.5891406131966,1211.0289735940016,1161.1004554905592,1134.914335799159,1130.2266855192008,1079.9202917661955,1149.6251202647986,1176.8663989505435,1321.3706813761626,1327.9271893279051,1289.085544515072,1275.9681611376463,1220.0785525968388,1179.5857468015113,1104.0169395761925,1116.5439623790166,1070.2008863185924,1001.4294130154268,1019.1727031279175,1010.0038581685696,1020.8640627248066,1044.7238963803486,1058.3809217926407,1009.3624452807564,1060.5542153154745,1018.6880519088004,1013.0481237056132,983.9270916453536,945.2274467015568,910.1820001933552,951.9508845275634,917.125722204539,890.5541742850271,850.9722822555115,861.6831055034937,889.3737490554727,873.0652496359634,732.6632080424691,772.025934747496,718.6966257130784,620.6257204134889,615.1235357133761,564.5344663176841,535.2351875335892,576.2331765405972,544.9609612715174,547.7915962293879,577.1952175999224,533.644315329585,487.16649888807785,461.9950765695969,463.2528549947604,460.3365438019507,527.9273943733804,511.60033797617393,454.5206001212647,443.7828065524106,438.1898121518801,421.647980302282,403.15461463204485,392.1235563541459,413.8875484600767,414.65273518357566,408.373120887846,368.1314772454172
134.00101550813528,130.4876642220706,115.91501751644688,115.1023175120293,132.55123420574685,131.29410589827066,127.356865985115,114.19160416869374,115.85959703152469,112.20238729290928,101.24037903863238,87.77747572131528,89.1793968573454,92.19582847645776,89.3594475722939,91.6045057726004,89.0649404665319,81.92418602508232,87.57373671002897,92.40966817630208,82.4663930316555,84.48482056006084,82.88842342229903,80.15366245901816,84.07533285276418,86.91604925331562,81.86035563539117,90.13160498452535,84.15007915306353,83.73281157699674,92.9229793542889,89.07385510091237,93.82370275979254,89.17207384595568,90.1897774360648,91.33448232756534,105.11367687959124,105.08881262382296,112.73612232262047,141.75344775478814,136.1005472320074,139.32566428932728,168.70151780363884,180.7787103233704,209.79867928345064,274.7626430662634,300.17221007269524,306.01554967455496,402.43053650320417,410.98224300823153,454.3362681380881,519.7590650760187,543.0610034951494,671.1445780657428,713.9783367365593,815.7822442188505,734.1113399511329,731.4053185950432,711.1572386548553,728.0199012196402,769.5950243118155,934.1327693593452,809.6167354132057,836.296069674826,826.462082139274,763.3475458232571,696.2036599919863,726.2497686355148,688.9462211372645,725.1992914933684,1008.3738855567336,880.4162989609074,935.9904509463056,803.754213124581,716.5339418990887,752.1299858320732,794.0525474931148,854.4244798184807,850.5193897255027,805.5934823462992,791.4324533936301,760.8693397958416,761.0877059911273,796.0525174681837,880.6563617283739,879.6497300080096,896.1919277190249,899.5482963700762,851.048819761134,831.8145962633972,748.0847743088358,778.790854150144,759.7076867242899,674.3087626965959,705.2668083064225,665.6596500406112,678.3737582215243,696.043051341685,656.2554049446484,632.4424105313725,632.99470220659,620.7006010734659,625.4707697245337,609.2832603561286,604.0640592428624,589.0100918112126,621.7466194614328,577.0815436189386,539.2935815883008,497.6935186038488,537.9062688989093,604.6998311999802,573.234898214245,471.9587869922293,500.7620574198928,469.8457243018399,406.157679157508,374.1631548919284,350.22344029059,319.7499295575647,327.7997827853591,302.7921318396133,284.0912617387985,292.6718381495947,288.67677176952714,259.68518182535826,235.2451971749057,232.062791036278,227.34403995965909,256.5615230678536,227.9625512122355,214.04460212839385,216.7919854882706,212.27268450510516,188.43497494021128,184.9675632439201,208.02150200325983,194.4439056388641,192.9009187221509,208.2570250354082,177.9407068768586
244.8474273530089,240.3399471406784,223.25417227558532,204.54504944068668,222.2150959092912,230.3995962270669,208.38512700675923,283.7678542519187,296.7745785147964,228.30568252432136,199.695455539542,194.6585031530863,180.06750677727464,190.57961113803887,198.53534671952283,185.6448227975084,181.8689226694436,188.98550007468373,186.1328822818957,198.9942961287367,202.4739542225289,194.1383924170276,187.01369710508536,197.67435778194417,194.1513495511238,198.83892247896773,204.90553198878425,199.23766829300223,186.48237665312325,201.4906337427848,303.6466046235135,416.42614920363206,463.3077297479067,289.33236742882565,252.16342742484312,227.99649478816468,233.63306661943903,217.1141849492429,227.7373784083433,273.59342646690845,269.69873480129365,276.7990462882482,328.5737176376299,318.1905719900542,387.6287820244783,426.5724248093517,442.3525012993581,471.72208777991983,527.7912906300725,572.797588092074,674.6596349885973,799.2331002329212,839.3917344003979,1006.9062017713512,1082.6863496992785,1127.78214548758,1163.3322549947236,1240.4471169985586,1295.992395674647,1311.7894689837144,1304.6836789409929,1400.4530289460274,1422.3609064672037,1553.1926581468267,1507.673012753428,1429.307394901109,1443.5691528727302,1529.3765447073924,1508.6453470349866,1563.6757859669085,1563.569370619828,1517.3125504581967,1607.6132717443402,1475.1058521866046,1432.089763208783,1546.617250729208,1574.8361177907268,1603.181654911266,1767.8658424214884,1691.5435360021074,1710.2445555853035,1684.4939342939265,1704.0886366599393,1749.862250493115,1739.6719544458128,1634.7431283759388,1642.436321705736,1581.540223322785,1591.9996878106926,1519.6989603101306,1420.0118225961717,1557.8977771505056,1510.1269629408937,1436.5977979903782,1519.1601280121438,1397.8497387550933,1380.84260079307,1410.5803181915762,1390.9208859401006,1375.640581558595,1357.3193258775293,1378.6888716367382,1321.9525331429838,1321.7856208928856,1265.6985520049768,1287.7166092114232,1291.7074850423503,1256.6948182332128,1250.3057859062433,1156.1845979728866,1058.5703523278223,1051.9006776295596,1088.3956008231587,938.5690673083712,949.2408901774642,896.1290148294413,804.9418136834676,804.3164997114445,766.2192554641349,701.0464246951904,682.7954988528446,669.7285344680537,645.8660674297798,628.7767285283165,694.1621774615289,558.917824312412,497.8457806065492,533.8197367479904,545.8518776768279,542.4732439769967,467.8368833987249,499.69385427965136,496.2773027423105,481.2767161007373,473.6269840060175,475.8535339062372,464.2383635475161,448.6358609230761,446.6858177255967,471.2334577300511,452.56224570755455
384.8908287149365,347.4738041662603,311.84580720104043,271.97877674218245,282.8218939167603,311.5766048504524,292.3876227058608,348.0575940096125,333.0620551023634,281.2619041214288,250.0187157369876,243.0937097843575,231.22870837243025,242.27406674461176,232.5810498556609,227.7127966715796,229.43517702906493,232.66371154125935,241.43613136138435,251.4684363687228,255.37901059960552,252.78089955593035,242.9825712931581,240.70531481000796,243.1281381317764,244.40222055973544,251.84481198152184,242.74635341138125,229.6605887311043,240.65784837928365,327.19972391989154,414.92484545960224,438.612979769312,323.06298940587453,293.6782761268229,284.07603844594377,313.08970046494653,271.4880713350992,288.7717593686558,312.9598512659725,329.47518553618744,331.10275200934296,381.71246858831057,399.5535547666871,461.3601437751048,486.1946142468694,554.624835842088,629.1641557267893,682.9108825277843,775.784753255188,862.099203814662,1055.9776668614254,1110.5035508516762,1345.3711873689124,1427.858950825498,1494.1908120700618,1521.0410193116402,1620.687638793434,1662.7987607051607,1634.0917284551062,1626.6357397470972,1666.652197142126,1718.3443305219307,1863.7109914336047,1801.384812849056,1723.9778574155298,1807.7490734534424,1831.1826857821447,1802.9495931373683,1945.0464862299973,1897.7736655738136,1869.3761819314575,1869.8042370141332,1851.7039701190952,1812.917880831329,2082.562004519758,2053.367854852187,1977.7252982636296,2188.5023530201165,2043.2821316112977,1986.0039609980956,2003.1038504111143,2022.577159701673,1948.9855024534136,1969.9291312349076,1856.4400820077992,1922.865939678232,1810.7985791650103,1866.3217975677317,1784.0941277482214,1664.3598158217524,1817.1509389846915,1761.5411218799254,1732.542644244564,1802.1340376355324,1856.3991380481316,1842.7624245700904,1824.940982584341,1773.8932699135114,1701.0517147949056,1675.9881288051574,1724.8588684082597,1615.494803629023,1641.509387839415,1509.9343334109394,1555.3346237704693,1566.246457619784,1561.0029123138668,1543.0045764169408,1481.1488640734126,1354.471443189695,1355.4522309603124,1341.4999114558611,1267.6106230070325,1205.145949592461,1106.8730607238672,1017.8738651280792,994.2552444421922,912.5923669429286,885.9333343871807,872.8330277614112,816.8275679087018,787.717665634217,746.4721975468226,804.9133444448137,690.5487983475542,653.4006334133079,674.5226771900049,679.4817599611822,712.5275481613816,640.4214626215135,661.5967996761267,638.135953721042,638.9958214849398,616.4338860798947,637.5548930356803,653.7073131164674,619.6194281645566,683.2742345809676,708.7445671805702,620.439007978399
397.9884408542756,370.16052134690256,322.1559102747228,279.85257316802216,289.4073118223956,301.43721657059234,292.7669764400864,298.68743541374533,266.3662307068186,261.3979663105969,239.09443399268585,242.49399265006173,226.63726016101865,230.50038009536587,214.48964457769355,210.98408774001936,210.63102721341687,224.43811474670892,236.3816086312956,230.48781085929213,226.9577180024446,226.7776662112188,220.41977837938265,208.9028185646997,224.907429455668,224.82002843141333,220.3275742565825,216.2115528833072,206.26234763836868,213.8070507351847,237.14058145695589,242.98974573122675,239.53555884585532,230.31886386367745,232.5588662096886,243.3908820543431,279.12667513266234,250.4561372302484,273.55216083780334,288.71477135042585,299.3006813682905,299.9839791560847,331.4118832534842,367.5443915703217,397.4293538620168,434.3089234347058,532.5317917523246,624.6494113825801,666.709102029239,735.624860658023,766.9974478349018,928.7924764187528,976.0666411436642,1163.5304802690964,1239.9939156826792,1312.284534932963,1288.0728040778365,1358.8104046368674,1387.4622468958542,1361.0177092545837,1383.5114016181394,1363.9968803353947,1412.3906245210333,1596.101354125659,1513.9191135489027,1494.3842219506066,1518.4665292414572,1445.6922428775017,1411.3526810008627,1520.8676761135853,1527.248824809982,1505.5746537161797,1473.801489202462,1490.9896930908014,1461.6566544874076,1865.255955343688,1717.2125689434956,1586.5125032839965,1683.5730884580655,1577.5288380581906,1531.4738193196306,1570.9671953223594,1601.6950372554584,1490.085730377465,1512.0314357206937,1485.1360241093996,1546.5268794677074,1474.6078417145882,1519.977969563327,1430.4435848619105,1364.4852620680242,1456.2037527079312,1417.8503058905771,1397.1866247371863,1414.5446738284909,1534.5049456209545,1570.0191558500446,1527.7261392012613,1431.5436360809515,1346.7085226319552,1319.0824363070496,1352.7110726024555,1298.1241189838595,1414.1212786894068,1222.0529969015113,1213.8921063135645,1254.900168982145,1226.5361831666564,1218.8941142933552,1193.049146199586,1145.106860032717,1128.442760281348,1136.5789645162886,1106.907986217809,1042.3556563503264,960.268851091972,899.6898820493085,884.9427759442149,806.770282335213,814.887495500588,807.5250246034119,747.8243532049445,707.3185665328538,673.6189603391452,687.5534817808121,626.7332455133483,629.3834915715229,627.0816958808678,656.1265895790464,656.5681990578597,618.273552918267,583.6051230838004,570.8886792145274,587.4719474497915,540.1341475468766,573.4707632278308,611.960985395897,590.5844412949591,644.5823983071934,641.5324987948723,541.2590260064363
503.064958024557,529.1599470211296,474.5823477403965,411.5606425292498,449.9029047297192,424.2133850209058,388.5354064541041,388.0947209604864,367.11071441503816,364.9373288393057,338.1793953312842,367.42289236315776,324.6233960691837,333.6383754299995,336.30683427421616,311.20815634922207,285.8352640203707,357.1117454909596,360.3822459142049,337.0985387415016,331.29486371146874,314.9276503630543,300.11552269514794,296.78611745262845,327.56693759492885,322.9897835613936,309.28352943160274,300.38989260593866,294.9245307245225,313.7873443229561,337.4167835992126,324.20968586183744,314.540886220676,311.5654910830894,322.74701126573825,346.7362201019799,343.9862956137678,350.45220752048766,395.38722858542457,385.6269373750358,374.195674847904,405.2884881257842,441.20866358173015,462.8072701386575,523.0505119793739,535.4315824055424,713.5175473475226,899.9100582638171,979.9378125096875,1009.9183802626916,1035.3302816117532,1203.3754157478595,1243.4009597414752,1329.3272645906818,1499.3862774932577,1587.8539828890848,1526.2433585320912,1638.1762236795469,1629.8054034249624,1667.0171869000471,1754.961791770531,1672.1451722948295,1797.8991955583529,2209.425983156013,1966.1803389435324,2059.071082003412,1992.5856472866449,2031.0704802792616,2156.019771972345,2248.5990495319897,2307.4238734313067,2179.4194494344624,2042.173755081549,1882.1255632133325,1791.9920346134854,2351.184974973671,1959.856668712284,1809.900532710839,1808.0059404056344,1827.1129390600229,1829.74988338973,1945.1581153017485,2051.7913662670467,1971.77800301314,1889.4504999481385,1953.494280209896,1921.7510098145997,1831.8140175235092,1908.7919219522832,1746.4665893537272,1702.8719972563017,1791.3978614180478,1793.2324250244856,1758.2758808629626,1692.4881215119383,1759.4269201739378,1883.7006939003472,1855.8924837112847,1656.8175219706536,1592.359718966836,1560.6190478467918,1528.0581618539975,1536.8460803844748,1801.834797052076,1431.0549521630196,1346.2412855145756,1451.9463216851009,1364.8219504883111,1408.369993454052,1352.872930331915,1408.1078171304878,1283.144694722591,1334.2427017233874,1254.3405598321085,1223.976686076455,1197.14601836186,1125.8801336269,1157.015042176197,1109.893594805078,1072.9098370437982,967.658914778708,968.1679489986368,890.4629134132117,879.1200489854147,889.4940077096325,815.7814107058023,861.2498488693157,863.8504322884255,944.1903311809228,813.4699931131273,793.6296480994844,697.8544179470814,710.2619089256438,753.7752424378456,660.4132746969522,699.5406063896029,708.4264447051509,704.2870619611692,631.8783982352646,620.9346412989329,594.190365363291
361.3740780576442,387.1549944559888,391.6477114577455,327.95515474046505,333.13785206593514,336.9727746741554,312.8503430643273,288.5149903446326,256.80133488710743,253.0890792307612,293.9384385105067,274.0970323084306,234.28802142704296,246.4275292422484,248.69441058321067,235.20951013602007,229.6210800329553,241.53621579153616,224.98726667509504,216.82365130810783,206.49154186098127,200.6357761935969,202.42317333565563,194.21133464962637,203.4266125823164,191.9267637835219,181.1429105231111,180.5921499239106,190.59901492462907,194.46023689471335,195.26383437741345,197.76740894592467,182.2452030413888,186.16806932893917,204.4572401069528,205.09956317382373,205.81977248635505,229.35497881306617,256.7880503464438,234.4314216508839,228.98174404471047,242.1064646973495,269.8551821325944,280.3156113340631,307.96311023396174,346.93003868764845,406.126142927846,519.5389842697447,533.263294334039,588.0710578583946,577.3351400592129,679.400453807477,715.5171309256881,749.3474671801112,784.0829895907117,840.9597743604047,809.7536434708336,852.1534409310806,802.2941923895219,838.3715636901404,906.9967382454288,858.2119625546434,906.9313498910714,1001.3454215607036,985.3074018425536,978.1496948876332,989.7721251497773,930.2157678016588,966.8786077451848,1022.3448653730576,912.1178381566576,906.3639531863204,1009.244222480538,1002.2260077848975,929.463452968096,957.3321930892314,932.0054064721952,864.4263777560349,877.082653931359,944.8250470447977,893.8687731266418,889.1936634857566,901.9485963850271,887.5894645502574,837.9161392002633,845.6837200725606,792.9933636630476,860.6613266972488,831.4879774485072,745.6726970384341,773.2514226700586,788.7744226896361,776.3113782775795,855.706706058214,789.2272899927335,767.2992504545958,795.2644253419747,789.1469583272986,706.4338230714764,736.1510911400289,732.8340670726587,743.7669578293812,751.0419509571792,799.9970850010868,714.8505259436547,706.6289744058902,782.8726684143072,802.7471000658436,810.759076312789,831.546583182629,766.7172726227185,690.8653640926091,675.3763028625195,671.9571644630088,685.4012434720202,661.4376083379638,639.5159553318913,612.119866372391,611.8696025284562,605.4172057220296,537.5796716656856,527.3574487876552,486.6471416696192,512.7169160837489,547.6820662736363,509.0421991094793,534.1075003910846,502.7644833302055,487.9347083444203,463.3910915618896,472.0378918360996,452.79516862663615,450.5100308994894,478.489409666764,461.4238641300215,441.2248471692552,497.363264006708,488.96903902939465,436.7473882181731,448.95816219913365,409.5845781358407
768.0123009294006,765.0252342677619,734.9325591872025,602.6815648529059,601.004588792732,648.1999949023963,605.1141787964052,598.9855515562838,558.5443733172189,532.4137413939487,572.7112079595872,517.7890092480135,445.5092376299358,502.23188250260415,510.56428531642655,482.156746957345,456.143734094721,426.1141682340379,395.4789530791074,429.3885303163074,409.2226700325247,384.5192025080309,405.9261823702931,390.5968585599613,405.6358461320232,395.4926923667634,364.87247115772914,348.39400681596766,364.8159384193252,351.67512559627016,345.0688770698428,352.846036871909,332.73434763420033,342.05580375106445,374.7082372712152,411.0388948209791,394.368292128973,425.77798111809045,442.5502642001575,431.81733766500827,435.7522261558271,447.13258041660265,506.7316297695045,576.1161687406932,662.0457801920168,769.6125497839084,935.3318415534964,1080.0598704327133,929.0413400611604,1025.666815907349,1007.0614407445988,1097.8825483449257,1217.5378151974503,1332.6514630053227,1332.061581874564,1405.5173834675302,1309.7650771842584,1418.6351873525853,1330.3547706899838,1304.1078792992028,1402.334537012993,1364.3238276076995,1422.1852284669455,1502.986980366068,1650.398232710848,1611.190912827304,1613.0348078161524,1476.6634940865115,1586.1973741071556,1606.3827202457355,1472.541268755955,1539.304404221545,1527.3278911600091,1606.2496784159764,1574.855391281786,1585.357768410885,1604.0434201413789,1539.616711552017,1561.767143552187,1641.1459451856292,1668.621372045118,1575.339907388642,1655.296514517901,1638.4599379169522,1524.041787653326,1445.4124302114635,1430.523839360848,1584.089580298192,1628.9146475483738,1512.156142067871,1560.21926549712,1612.4515964347945,1517.154001421348,1759.222853041774,1598.0574129630354,1626.448945533547,1574.7389102828645,1602.365847796685,1442.1945114957616,1500.78230130917,1443.339402249558,1488.3271968926358,1512.5884072193242,1565.3733954568768,1478.5113270470863,1477.9463009726142,1494.8851811912036,1559.077904421298,1618.2596355568278,1549.2113791339068,1529.1116449298838,1397.242087517665,1359.4346180798047,1397.1872114599244,1445.2460372538087,1361.1635366580963,1314.5439240372675,1198.343248477801,1225.6968559086906,1230.7889383783613,1104.100875788893,1052.9049295501338,1060.05328509979,1008.7787236965586,1057.1827215666426,973.677735193686,1028.428794211766,955.1326101258276,937.7174954671444,910.3865986412168,945.7791696897244,927.2953960902612,866.296629355526,897.7033225791314,883.2791445953221,866.0060121456,949.7553564572936,938.8041438348496,808.2510454431418,831.316764572645,899.2864341612683
638.3607010609891,595.2947917661828,548.5726459257764,473.8417302613973,474.3833586208037,481.3676472914821,446.0723437419451,449.03974220451386,423.45153809820965,408.5046051110251,402.2270943092685,441.1937369341165,385.41526806935633,412.7911010513365,440.6167600104232,419.6109048598903,388.1772393606519,367.95236099612913,338.6001702432749,358.4592032118352,352.0427713051119,339.3444495353835,345.4560749410503,341.3404113035722,349.35546598205684,342.11063186935326,328.15470417949666,329.6639434132734,327.57842593028323,313.3669840389365,322.3813446644572,319.28107944060434,305.79123073806187,322.3337621434351,332.310011142097,343.41587865157186,343.29027070903857,346.29144566856206,347.7577073112383,364.1216013655387,361.2280620534338,376.09317086483554,405.4876387831006,487.6387297810141,554.8820099886638,646.5025343406857,744.5018128945326,807.3296023524587,763.2524881901786,794.3221317146631,816.6304544102569,868.624465212909,986.8424081238212,1157.708573727612,1168.8222325274917,1232.618816108892,1084.0729269044054,1116.0873331186715,1067.0334792016204,1030.499860913366,1044.9810859796094,1067.3584025009025,1107.3824598299238,1215.9419211661304,1276.2282454193492,1265.8182953192172,1313.5516883140929,1200.4794025449628,1326.5753689685578,1309.3311678512111,1213.6586321607622,1250.826964725525,1270.007467401846,1311.0479043683858,1286.502493805085,1335.7523124504169,1355.6861569886216,1365.959360965499,1430.6739123511827,1389.954274930413,1466.910835522555,1355.746784876421,1525.0512547226951,1484.4018401928993,1347.0299026675343,1237.5259101177166,1219.7352605180838,1222.676498603705,1261.9361139714104,1221.977355757911,1239.6662625007568,1268.0774342099237,1185.9013972494404,1340.1130831006053,1291.8944054962412,1290.3491931040917,1268.4037660994334,1367.053580015262,1336.438586206477,1367.7957511045136,1251.0165043224251,1262.7565096119758,1305.9603788750935,1345.4195212860343,1290.6204515380634,1313.75483740158,1267.3304210213569,1258.0046790879217,1311.2142624770174,1166.3316377329174,1172.2428407930531,1166.2348996921726,1202.1441286801664,1202.5654789624375,1284.8896840506452,1139.6562750273204,1168.3296119172007,1083.9802297776623,1116.75295998557,1105.343599888145,1004.9151026745408,924.1707147804824,1001.5827521136224,923.000251432773,956.4084830117936,892.3072961501889,848.5735579161652,757.6831921869133,751.65069011117,746.3345633044174,834.0764456376479,821.0037667208628,774.9524218080509,780.1974734450753,758.6721504221192,791.5235346311802,907.0420183836278,1020.0419856349454,892.8459862902297,912.5232304742844,945.502880161799
471.3669788277588,426.4037107711083,399.5460067105862,368.938774537279,374.0952095157244,347.2079512646893,306.70779422838416,294.0813840181308,270.95117762022187,276.20164476505164,273.5221972357072,350.0028899605913,297.87801529811554,283.09036980716246,324.02937906860365,322.6927642643562,294.8154524666558,293.00128332110944,284.3215260351729,261.0571396495927,260.09149605470697,263.1667895521457,258.19123571659384,257.64083538896824,256.7205949185024,248.8566210794356,246.30731437109048,255.33322642828944,248.8079271015636,239.51044640805983,251.4096557848756,245.52619297535207,235.62834832543396,251.71921665812823,249.3614983037306,250.44489159656743,269.1185398323526,264.5510777762911,259.790507561716,272.6760029221988,276.38654695805377,284.7836850803072,307.0627491888175,356.0685439970526,384.446099511592,464.8681665337302,494.4128938564997,522.6820660118409,555.4439018760152,574.3789887485065,593.5311750046963,656.6229098156878,682.7337497617954,877.4353822784982,898.8954336676114,968.0517434838572,849.3924709932315,796.3554542812208,756.252171143031,745.8862569250077,762.8619023270162,757.0722481172238,756.5400576377936,817.5084512849053,771.8744805029488,822.3064415831666,897.8977745308067,800.5441047498449,852.5340382423735,855.7447935254874,723.9005046806637,711.83975107461,794.3491484971622,800.908995498305,807.6922344254357,807.755442583965,813.082103985889,786.7252900974096,853.7950898706661,802.8633511934252,771.38278930178,750.6180671655321,830.0775585757899,800.1708073663746,782.9138653892463,735.7387581463627,753.5597282469732,724.6705717712207,728.4236400746237,742.4541559213518,772.1640595554568,720.9816158328941,681.9119946894587,709.0034715790512,736.1891767665413,728.6137733942302,753.0295360241008,833.6492879475915,868.8126763845227,873.2035291129419,792.315821705866,786.8274793629919,837.5477668521143,853.5931264992078,826.8947075560764,853.6490428564636,813.2876258029322,780.3082397480339,786.5002748756768,688.2959417556717,690.6599356718124,732.8546594055653,763.1894795381678,750.2670496026859,840.3622946982102,751.7811232517815,833.5771121813846,808.8182621775562,803.1753897009212,760.7357002019706,675.0908215237916,585.9092486618198,656.3261647747684,626.357883901988,620.1253719256515,582.745992131868,558.1087133504508,522.4990223790937,537.3771785652235,525.9114451119243,631.5620027145975,572.0887178116213,557.3596987033769,552.8586083118762,527.4393029146111,535.0805410938976,661.5806323632638,847.741262635304,795.734887241885,786.3348969351619,645.7284104955781
633.4939292312554,592.2826025420577,595.721866955032,585.9479469581418,633.726583491451,579.3862654445771,508.9367257821164,475.9071223416539,446.8572975215658,465.5020938660177,464.9873475694562,513.3300251737039,477.5574478200669,439.98960503713903,462.0692065443459,453.8427503584099,473.19683134231855,463.6057326974473,520.123774203467,426.8699576150712,388.7463826241808,380.8872132055796,383.05966506575857,398.8537997673448,379.6910832094697,377.4191178529398,383.7668228205658,396.20844906991647,390.7146721634424,392.58135733107576,405.2312821055841,388.5913283973404,374.3623727314784,392.2000959306303,383.399347649912,381.417839215496,414.82417404856176,389.0149152492846,404.2003964009202,416.8476071192731,428.0426290622116,463.5452115388102,518.1169772677669,511.3142574245188,517.4636105070321,593.7577882276175,635.7388086828486,672.9589211902454,729.356496249923,800.1236356442599,787.0141789331983,774.0308068280357,851.6880552550602,862.5865299872602,859.2539473601418,872.1002995293043,838.3133844268579,821.1430053812057,804.6513825145923,872.9906727032665,933.7691628046848,899.0447955169051,857.2784467822988,885.2078081857843,909.4984698062436,957.4609701506428,1082.829184362438,946.3488186922928,1326.5378444139812,1497.6812458882555,1077.4210506601542,946.2368542043164,915.146320800136,965.1877266160312,982.3219014674336,966.027616767851,958.0565446235888,909.5241966327044,955.4462219181898,928.537896931594,910.7583617083948,872.6973190090276,893.5682015539643,934.1867394323008,955.6543820443536,931.7526270683186,965.1501725551184,976.1022022000612,1005.8460594964886,896.9094992273957,945.529456264298,885.0950512500028,841.5892860507097,890.6430996626693,870.7447794585132,880.7061303766816,947.9525656324377,950.5315024762276,912.2755403636788,908.9013823837688,851.1660376510207,849.1496806310406,1031.7971832388316,951.6683624022528,926.8843693491932,854.7207623875456,811.7302266410653,804.4344645836485,781.7807798166735,785.468326870326,837.9154000913022,894.5453873315417,944.4241435000928,889.9642240199772,966.7965792046166,851.4373878468917,885.6108605244333,944.8252720604524,894.8793384489588,885.7666770718538,843.2054413976573,815.7025401096533,813.7115172972018,801.9760133835792,831.7499916928983,826.0769076610698,827.4595599753922,810.6820754700722,854.979206471941,841.6493831186042,859.0773225137656,824.0563286909543,778.0875611364139,744.9553868281523,771.4367428282316,713.8234947046109,760.0809715001035,783.3774997532009,745.9124427070747,742.9069745918131,771.1342999307415
500.37696796743273,423.55173686367,367.133602363748,367.5611714094061,400.9896054801033,402.5430249490511,414.8449919324918,385.4000195001107,376.2367227739672,337.83678296093944,303.91758049116675,273.6523247667892,268.53401710407275,241.9364737087688,274.0352285503082,258.32841753119897,240.3231680442813,234.36991324881907,222.4812625315376,223.7194083073108,233.70070551941916,228.78837491760007,252.20336418226464,250.98983917090104,249.5885278304041,225.2831180284481,220.34984162048556,215.96969072648187,215.0120971275026,209.55807237531025,214.65805612738004,210.5637903067017,212.29029685559237,218.80376009948156,218.78365016883575,215.25630922675327,232.3324467804065,248.1812730469869,252.18773974246625,242.7342453621403,269.86414284798786,291.877051736054,299.34666214891854,335.4671895109022,391.947848684176,447.8495918698905,441.6316872238814,512.6700742949681,553.9362041988411,602.8423200005776,607.5709213487571,621.0303068553259,622.8990159613437,627.0688485450438,617.086434952325,689.3362184719812,765.3446694495243,751.2777346401357,760.1329519838022,820.9533120030227,872.0081719241035,804.2764404301257,829.1497740247399,796.7658752318043,776.6051616127656,825.4150858000431,820.3944082476777,763.5303289165404,788.4201115282435,828.9609142526497,794.121285543428,756.9706816411757,700.0810605713181,723.6435291259137,761.2419261527936,777.2665803893952,766.4350938402939,759.0619527581275,748.8015701261677,803.0318322184205,861.4870105509307,758.4205691963914,784.0621044538105,809.0833027350279,746.7821298687479,703.3204967170858,764.9638970832577,744.6682878680946,774.953312711902,761.6280984849329,722.7432798716832,781.9303845160345,717.2003617770242,724.2897101300313,829.0600600342084,774.0435801034253,754.3658083696106,757.6343169411917,678.0602066227563,663.7023538087931,734.8689065382891,721.5845731515155,702.0211966837296,762.9113346070184,710.0737729157412,747.0698469170859,755.5070486608563,711.3626001442937,834.6294570672875,795.858510172742,799.842319292758,768.8192895751642,744.0186160578601,772.8724498553181,787.1723649457123,760.0806557623697,774.6357732201245,704.994665443395,658.3779106497111,685.2510487008382,640.1897996495933,641.2452832643767,654.4704239344211,669.9217994626475,742.7114718881637,585.5826821608429,564.1922345961012,580.6278321580379,611.5716280887926,585.5149370651059,660.1731771730699,568.6190849472648,529.2757540422007,514.4774377305439,483.0366403234153,568.0578755225142,570.6257230835289,529.2518990356201,634.23052051756,507.1297124800865,404.9719382322959
621.4215313958185,525.0692745041897,445.23022087818873,458.5381331859679,517.3544015067012,520.2543867240286,552.5417790378082,413.8920682772405,381.2710512644059,381.6902162506627,351.9162183271412,342.48150341159686,323.56613107342923,299.3854590918773,342.09870575597347,324.77974366002985,283.05413765691634,286.65010093400366,278.97196334676124,272.644975275687,285.3320394761393,281.86006742467146,307.3998216783637,322.4038956389902,326.80096065318867,277.2310708204748,267.68878798902267,259.9627103577902,252.60247269157003,246.86869096774691,260.4661033016286,239.56939316635416,239.84624890431863,257.2901632890164,247.7832690955493,252.3824760437831,271.5997045582302,276.6105389688245,302.4736597921189,297.0729268722186,307.00523943758606,334.24384902638513,358.32131078920145,370.2522832896383,411.6370882977513,491.3631525341206,470.51383408798216,474.9842708455448,534.8620376864166,577.0970601869684,576.314348499958,597.4582921501566,628.3741139909794,660.1890403156231,646.1357546973219,702.8945134018734,823.2868808902027,760.145837249491,796.7141488834084,825.925654663494,842.3733210077748,809.1098565721312,833.6938700193043,798.1915190485983,781.8484730930343,824.0379274464007,779.882650625438,749.6633086009963,777.8260361732024,765.3307916061191,821.8815447943041,841.024319566922,738.3422130613317,774.9155545720807,821.5649061410297,814.9308304278783,781.8494212314855,771.2681304601455,741.1011062776644,829.1923230450487,885.350532894315,762.2240865460269,768.971147137731,744.6848383581754,735.1201055003888,722.7974171028513,740.7951970903995,751.2688440183815,775.1206432587945,745.149624726059,753.7668909153432,863.0775644279446,807.802425989215,749.8643798036,886.9512527415192,844.5686271771773,797.8084455145992,743.886370524915,703.817670348892,641.4657119862604,690.3278397289995,679.9452219155414,695.8426414261372,706.2480527960342,716.9492221247493,771.6200490700459,808.7781347710902,784.60223756357,807.6180607435572,756.4623957691144,725.6162558286542,736.1091726473617,740.5109885643009,810.7134602734395,838.3255065609586,835.1563266262588,805.019167923988,782.3867194103194,739.203574773561,745.223911176487,688.3040511570857,692.733815199097,681.2391594856164,703.1176099407852,733.7757681188616,602.2844356362716,563.3486872184874,617.7544926856345,595.7393960078736,529.2246384971576,547.7031745047893,510.3898765579367,496.4491566122864,508.5558305696471,540.3559885788808,576.3314959271484,578.9306284193628,537.4943250430035,743.6064008829161,637.9381109032594,507.55253878803
300.24036681995403,289.4099833628729,253.8265019524565,234.569262237246,235.51041443592223,230.86491619040825,210.8119973629488,182.57799697095373,184.7835509070948,195.51296698528068,203.15976396703687,209.74465382110915,194.6633047297972,178.14026053188434,173.4957726826704,182.905360553031,163.50510977179226,168.2486371041305,186.81975055245923,153.1431991593107,161.48281006495395,161.14049460306097,143.52905573484807,145.37710932436914,164.0436425316187,139.037003212645,159.03423648291664,148.59491426730526,141.76117466573257,151.34361385224125,155.7249996731701,131.21044725886466,152.4557148600507,162.44542560539455,151.5972699158031,157.6728629014899,168.51589853942215,164.62983288759108,198.1065618021076,183.3650615391207,168.77838021742272,199.64496023746824,219.66609162177733,234.5603869793061,265.934106907989,451.3483687522804,415.09226386143774,368.1534466453549,374.0712295422408,348.090908808846,341.96336301803353,358.4348533114148,342.7692216035624,413.1715982121532,433.5144398685316,612.588358718277,871.7290043885218,664.1301009349205,606.1503309489855,678.5560346080042,572.9849241263851,524.1422444045721,517.7912158469168,580.6618346045681,650.4370303617966,574.0995064668775,493.2368520283614,520.5993828396514,546.76052551832,516.3417079660913,510.84978278233626,485.38249884955775,451.9905721127745,454.36084785227047,451.0803389241516,425.9967109283782,525.1474943743694,441.8543569496126,480.92432180961407,440.056098077241,452.3205761972619,424.7148052960731,443.0116111186843,444.95400376955297,481.3464558331808,485.2363962944462,454.7559951700905,482.718224639444,515.7288777151641,487.5110345630386,523.6359066374259,508.6253985312704,611.8459827349737,633.4990521428127,630.0648235547986,553.8514991555888,551.4641359758508,487.4960645302873,482.9650239407936,404.15093781597824,399.254751446913,408.3234766528012,408.14899565641184,427.8312829268081,387.8304121556396,389.1376427214639,417.2109533765288,576.5755374008897,586.4950019255622,551.3011321587007,448.6965365957882,457.1797407645311,407.91979160799787,442.5309177285976,460.13858696976007,563.1333455179127,519.6048974120417,511.6243863687212,439.0021944709162,406.6549344903325,393.1313137095987,394.15854281449856,415.6819286041979,415.1633710907515,432.7448386398849,427.0805512164941,422.4927191882883,424.5643944423742,391.8210348890475,376.2887555370716,398.349056322119,337.5310026619516,372.3821121722331,376.8293692481818,340.01356031138914,387.25335835940194,341.26894709807465,337.38639778328286,403.2074024702396,368.6771624058519,297.10496563896925
406.3178981699396,417.1057931115575,385.8566615152547,354.4509082212936,386.9327314098957,353.9790454140272,329.376241182968,304.89247084207926,297.6034251023872,340.8866605264646,327.9127092692553,297.6699274647805,291.50775742605407,280.5703092392929,285.20180131075347,276.99216998893667,263.62364162668325,267.8859699662041,265.21458414696605,257.2282635038115,254.6888316156645,244.7723262298205,244.81763577200263,231.58034363456665,242.27887101494375,226.5582747988228,230.6273296936224,225.12340150456828,228.30346364454277,210.29439719133677,224.22043765683347,228.2369717470941,229.1036283645942,225.92332218576948,254.39182728290973,244.18735316030612,241.9121348579189,304.0257225062626,344.01091683068853,297.0713636008943,256.0870772119219,257.02282776672365,295.838804897715,296.4144014744194,313.4007852492172,383.8503244726784,438.21282477087226,457.47168650897487,478.9465683152944,501.4796384278896,489.2820671618845,492.2288430165416,510.9031348273701,548.9473770083151,645.6706083412485,674.8131131822242,660.592387821259,650.3663138912575,689.4255120019607,720.4857089127379,669.0787247324457,652.2289072120045,651.7714935027332,880.6435612616782,921.176845989094,736.8827744853334,667.3086626881384,818.6305532163797,904.1759548881032,875.6303967731737,802.1848864986816,737.7959220223856,645.8846310155919,645.3076711650987,649.2534343138674,626.9339180447769,589.250737554514,616.1204660276625,641.8239194889654,601.8394712263297,660.2837561894268,676.777941952442,684.6105197962903,766.0642514791456,788.162771794591,794.8729577792651,737.2550164509107,698.8635260351315,677.1191775871185,717.0327925058143,947.0116188473236,813.1222978807418,780.3789723274798,715.3498708969752,656.0068377547833,622.1687938408629,657.8359781559207,712.62489852955,702.2869673145774,637.8679221043889,610.9602521812633,676.5212339768505,683.8054386947391,705.4971861910423,587.7347649431816,569.954006461727,654.8105029220537,576.3190847252646,678.9326256429032,608.6022838994252,606.3944443224353,601.8701736085899,508.6369616441121,522.3550985456253,588.6799311374909,607.5323435776854,610.3181679559486,698.3089171076069,555.200744078082,554.9710477421642,581.1138332173191,620.2364935721727,787.5596770444828,711.9801624341504,770.6849518753518,865.666716465479,652.6965262096975,670.184645476399,544.4544819384079,531.5932001303834,529.8982115761394,472.2499833530578,549.8263908282045,581.893195583013,528.78175613559,531.2510095693842,486.3853405305833,480.1371116369084,543.5626812377546,536.4425656820454,469.930577108092
299.0540790069272,283.7962781413468,252.68919083585405,230.36616465402028,219.39482538299396,206.09661631099064,196.60415404234348,195.1651142188252,181.1636987306876,193.95548517985003,185.1263435815443,167.67583163609058,164.8868832060618,151.9126740191206,162.97975102461965,166.53229835766987,158.4872475751154,163.81121102131323,164.56552734645973,153.6596090925313,157.97195121068282,160.40762422812088,143.95258333001703,139.64658705079168,153.42177601419124,153.27059393707808,158.78052122675092,146.5093849610023,160.05257775739844,159.13293345585134,167.330529208519,165.314183415757,186.8643175611353,161.2193457674993,165.14125395597765,161.61564182706243,151.2218286669496,167.6279158200011,176.48115927228355,167.13898957552166,176.0390029337623,190.24029507037687,208.59199421682305,208.61256600239213,232.7597617904986,263.7487318604582,314.501059267923,331.54042975779294,356.6277491107153,356.8366741014314,448.2846458458774,382.53530521246176,386.459916381998,433.2602859743374,473.9977539142317,503.67009007007886,527.3355633387557,443.10062520497775,474.6588405217783,485.63998019413526,459.0018725445447,450.32906500994375,446.6128438207447,477.5534902028255,460.2467477194742,434.5650605523839,432.9554245388721,503.1286753394939,501.3704510816959,475.3568920650071,470.272220082667,479.5261824053285,441.5294130437318,423.0607839921378,458.2075400023814,469.8604810688655,397.65561085139257,407.5650485468836,529.791702163359,411.8806247931383,393.320429574732,394.45941805129314,386.26592863844814,382.5760089286954,414.6977795357671,427.6999630966584,402.90991290391617,400.1082043101934,429.6609477577063,409.7645102720937,429.6450552454062,473.98757230348434,471.6351619484949,495.3579014261305,441.6798468376738,458.8235763194331,450.039021511028,448.91146180462977,396.2966737300277,401.28346416338695,379.8371774339087,397.3842481199942,445.3974959177821,533.5882157642911,468.7860368398024,415.2807314946425,432.8318594506591,393.6880092110027,438.8958086849404,414.42817756017394,427.9194037444025,463.02570131653306,370.5543039412064,359.5237190449316,418.6401383069623,368.5776638942087,356.5672841352991,416.98972931350215,388.5779206989349,408.154088047967,384.2595110272025,442.73493727775593,416.027367984764,384.7110888852964,425.0885117718466,387.8961722582619,315.4137656297697,340.48437298042813,314.45049115203784,266.1911738257347,266.53662968913704,268.9565642189124,272.1568453254256,307.854881087925,317.6388511944057,289.8932708770646,278.8411030434148,267.9702289064332,276.5700164000687,276.12349677349965,266.31480021165925
274.27955630792286,280.72824693686493,208.32275229848287,199.07898669346483,190.5386769734052,187.9200735087521,209.5329876793034,220.6237365329937,213.5196566317436,204.7639377935269,184.5415323092153,156.0509779634488,175.25451359162847,154.5612611676838,152.08742660620882,148.06187546997324,137.6363771415049,126.85016351431568,137.86606826617447,134.09293925319292,132.5336642459485,136.70125962777405,131.65746261842355,122.79774712031292,121.66530311067304,122.1411174147871,121.18911159476863,116.8434083018667,122.71985744229993,121.61746177055592,145.6618036376517,193.5254831057439,185.62719031579775,153.71108408718072,150.57841596601108,133.93117983646948,132.08966655873505,145.30405769618525,153.45814046040826,137.1877933016148,149.4589117709565,155.3347369306871,156.66239496269822,178.23988192865897,233.02660856425263,248.9634536857866,260.58633037936664,300.9511907926484,347.7934920417065,335.1957919082337,408.25986779346215,374.3938691799394,356.2618171487729,392.7900195403711,494.6559857036466,470.98728476408894,459.46919876711576,484.8061208997527,431.9313221596856,418.5119810918968,427.75428789396295,445.8251608252064,389.1762890288723,395.32182958894685,394.1765614261656,409.01784090425,416.2841218620091,436.2632883352752,476.0000293424424,455.2271919920419,429.68112795786607,460.6825744518053,458.16758008471606,421.33559139427865,509.7897570431828,557.6698531747918,445.3547420063514,506.869923842404,466.965404445856,427.88995105723353,474.1801659831403,481.171736527998,483.21616694018286,447.9441504150855,423.1400306490195,424.8668696991609,424.9334057358449,433.7287576699497,526.4590145810349,473.680495141085,440.7261011612384,383.3694722304789,385.747391969787,384.354561091177,516.1083904864256,610.5914173098544,523.049823228899,478.8276229844136,427.4532069983241,393.809647739776,388.66844700146976,384.4918280026299,427.4098786705044,460.4425031071788,456.6978396699969,444.57150794912855,439.0746371089687,424.8578099785585,425.6428844255959,439.0567278055029,413.0909214604538,440.0110971080244,443.7605207376415,470.2036500594806,429.141545105463,383.8095041056902,367.86326130446565,435.4574292718767,453.1633290169356,497.8702360874846,481.9027531056006,421.4138072136025,322.15981629360755,296.4196235997128,312.7754192762728,284.31252463019695,285.5302383779955,298.8728810586619,271.3629316790159,248.4565943737248,245.29055147517823,288.9038815964648,327.71444858336105,379.8594931606955,382.4646297136143,402.65580803869545,332.4769922547538,313.01775084093845,293.04271472287235,293.03661815691635,317.7866890101738
192.1046968335872,185.9739399488669,189.55836610478167,171.3822665289654,215.578215085554,161.7228068407393,148.385117136077,145.53067709414438,148.2809606487788,126.21201061138652,124.54283326414856,112.29908552500952,121.68693722139002,111.26011891377192,114.48668763890568,106.9659384372599,106.60067742926564,95.12637335962174,94.99631445767022,140.24866120340002,112.78450429319216,99.5027830555917,107.08066390797676,103.38932394112504,91.63121800780029,99.57823135982702,98.26728744080178,86.63835330927431,101.11056687986644,92.19092648878592,95.68448293583371,120.15595221622048,115.65723132754027,109.31918026967595,107.33156757457172,99.75772658521836,103.05066680065666,105.69376457886608,110.01672472656944,114.10400097300948,133.4487107745856,143.68354487935142,157.07680125834452,183.24342937266,197.66407357915776,216.11267277704525,223.51345965615468,246.74246030907523,289.21560829298306,298.1177706381352,351.2421663603757,322.97564114854254,347.6505413306699,407.9572465138857,415.1455857417866,391.7081459944935,364.9906439413016,380.7977363703084,351.42223473269024,359.5218749564223,378.51027202701687,382.7735774090549,406.2841551805946,440.2234583166528,415.2305662058265,371.2327503621655,368.2949140249812,395.6724489743748,401.2636502613992,379.8750220054209,357.0299463330681,381.6451287179726,409.4461605109764,370.1910051916432,385.38320817090494,411.8079726441728,377.3288399890892,396.29974049251246,369.5562484099824,387.9724670220816,384.6776520570076,381.2648876018722,425.8246477553328,407.4281050682045,402.5492461823768,401.5016008172349,413.7210458843269,397.727285094884,437.2672247414505,422.9802412068549,434.171498450281,392.1986076431663,382.1504547039428,348.3387710819616,407.84613842315895,503.0458740694442,509.60012335693,447.99997892412296,441.5430715184837,445.5109139226119,396.6398303522165,360.3876685110235,387.2021600669175,396.98910298413017,407.87906185886806,400.2732295272115,394.8563798488727,393.8240265738255,408.2141179564961,388.0986433798756,379.9899675223811,405.9304811423625,381.9133196758317,389.84605731855527,374.2230888533993,342.65518094346766,324.35067962553524,346.660075757692,346.6553841509012,368.88561322932753,326.0791180053036,318.346562744409,259.3733941149756,259.8724976074259,258.3102300529625,241.31004489151508,239.97428849916744,245.14417678324924,232.54605526105692,225.207897864175,215.7343392824771,248.28948846551415,272.13454618752525,284.6224277201535,284.4643448377377,270.2310507916142,253.57192818498723,231.96787492409928,234.1482828885768,238.85617370058884,250.70134836816032
192.8891630256943,180.8357373061307,214.40101732055945,190.42893383911888,253.96536951831797,176.3915834912074,145.1473679322075,135.02724208848446,144.45746991362248,116.35869596827118,121.94134861877956,116.17962175665517,122.28429295314032,110.78550697251832,118.805040450546,111.27592730059612,113.10850556101366,101.81928517835377,95.9988138391744,158.26677361897674,122.3780554681678,103.93973582107589,115.81156211748971,115.2423815135245,100.23471961125615,111.16726979917836,109.65594132009072,92.39918000250006,108.54287850751932,98.04430327302464,91.23664302911531,101.45255952468052,103.85890253233548,110.70056035404971,107.05930512281664,105.62917486001147,112.57188361673246,109.7319751916656,112.47549052696496,131.06321362700606,153.6923734595093,169.49255875989695,195.51619794857095,222.64287263452715,220.00310538270287,255.87950798469373,264.7701732740855,279.825833487876,335.3186821302596,362.17113920941847,416.7857847399801,393.96903598616393,447.85817771720775,521.9268615585866,480.5428496904007,472.2756424111748,442.0534698751024,445.14112022577785,426.7872063109141,437.6805777670695,457.7414802799282,465.3621495433029,521.777315801769,578.0035663231245,535.978946818872,456.4889963075299,445.6069470394343,482.3209337252597,476.2940749058451,464.38404958937394,452.55964959527086,458.8133200288942,515.7321839631466,471.8511949392811,445.84681231916426,470.1474513669288,461.4135732829124,461.76595114076713,447.4598648460965,488.8717241337925,459.0733249487796,452.9285842482568,512.8860681593845,506.5561506840541,504.3914552505474,503.0146455655835,526.92747873097,501.93777441268577,504.1700554776788,512.5700339318668,544.3762356117605,512.1040793042747,496.18673458080366,442.7382381186548,457.3677481478314,552.1964139140869,609.1554313805059,538.0122864456952,550.5795022075228,583.2234296109355,506.9249737842297,444.1968505755141,466.1624519058188,462.51521192579617,476.2262169121621,473.3264289452472,474.5003173224221,482.5040158913934,507.6158523431899,464.73005690346633,468.6011443120311,494.6955728067447,460.68255573346585,450.8469088418031,451.0949197675862,418.8660266038348,406.491300313768,403.0493295900279,379.5851011913529,387.2167722772357,335.2418921985674,360.162379881345,317.28399520359227,327.6023045246627,324.5935556181503,296.9134522779578,282.6829670258233,288.4287090065055,287.48966793226896,278.27589376317195,260.6489796804993,286.6990295412233,302.7710764231552,293.63258441344846,296.93462989878,258.2556097691034,268.8879281561304,243.90246955936087,255.7310237851403,262.0923998159077,262.81237171485765
353.24249696354883,378.6169514199425,375.2322935535532,372.4888201875781,356.47390265220025,299.93149062945514,261.82972266931915,232.49127616850012,251.43882166909728,237.7640893098471,215.03616599326628,230.79523955417125,268.5766444691479,220.0794540578283,236.95126380210948,243.35280216537947,219.5489459169208,226.3176263527915,235.45187518395176,218.13674561901,229.9139750328724,230.4090453061477,223.77832866032185,240.8817083762673,226.07496274317256,218.3228087296353,218.172892069578,212.32145547131336,187.20795852410987,208.64993063992864,204.67359736669096,189.39828833028545,212.7514722745248,227.52992565012752,213.21067420192892,222.79800233761213,271.7494823396263,319.3564990633228,298.49552146076803,317.7880974972595,359.56925061805896,441.0811407139229,633.6221399511684,588.585060499241,709.784805087588,875.182485760643,986.7884769050514,1106.172237081729,1488.4137242570832,1642.8162752938665,1962.4684837154132,1994.103498417848,2235.4171761160906,2254.3723411298056,2248.9786317705907,2326.477511810361,2368.612548757053,2229.0147631929945,2120.164846887368,2038.2243501671228,1920.9058802677816,1955.259372244764,1972.7830447933995,2057.5491596610414,1978.163713102311,1933.1981411361533,1792.5112035995403,1735.1929491151766,1787.8275744231294,1915.5340220070543,1986.4999959935203,1799.3841781787814,2195.3602123158475,2354.2550302744357,2289.82039848396,2606.6662387259958,2352.747683967468,2265.299605631276,2092.1881697924478,2061.0740114445143,2054.735214026741,2225.290255752482,2154.5260973006166,2023.0250125836255,1961.5756651228423,2035.6871857841568,2090.209798168461,2098.011849407908,1959.3705454437716,2010.1484002750203,1825.9003646052345,1788.4760971894525,1915.898416924986,2010.625721755276,1968.511915763297,1805.6224620515109,1885.4702909770551,1822.402775028764,1918.0043306357315,2104.616928065934,2072.3856987596896,1952.6291890154876,2067.5057177127173,1921.627342153652,2047.245125423724,2253.2440997061644,2333.041985249257,2238.5415813272944,2231.101240706473,2164.555643373296,2570.651286962182,2484.224865418429,2515.342553965624,2186.729831756294,2170.8369794788464,1914.6096401416764,1750.770768931702,1746.6963209687756,1556.0409072463697,1348.1483373413364,1113.048181845444,1163.4536351262118,983.0319234945586,1026.5426509732822,992.4324138909492,767.4417261545278,672.5047982099235,730.4591542921612,830.5617810289577,728.0803271058562,605.3205044221335,632.0257900501971,698.719701773147,653.9420531181379,559.4682488335161,494.8590115085124,466.74060962988926,466.8004352390687,472.2317098224999,505.9737013328643,532.6310383591461
276.0589896858144,253.80027360176825,267.503127993315,318.4928714763127,295.40805826705406,288.4341854057733,283.67701982184207,245.21827016756603,266.9401415364945,269.577885764746,251.57073970823836,278.6435684868786,306.56051286063627,283.5094727735645,341.51863738104083,316.329930883075,272.1710902449088,311.45753516915795,279.7880250693283,291.0749163300964,278.4385182227716,261.6000236950933,272.82950958548884,295.5569630590937,277.3547301526909,254.76969920260868,238.8425780970664,209.2548911444433,191.35033218531944,271.80717961325047,267.0769017548549,177.7901841505874,165.58602282223058,148.52868788313498,142.07005665761747,144.70424132192437,142.66657713474845,154.22002079906522,158.25545315721,180.61168101241725,199.62884046430463,231.02542010410428,269.6566790104855,288.4415244942752,296.76795234314375,351.89592872786363,385.8119210429349,455.7943166429339,613.0504241687215,680.888958258154,773.9856086908851,908.4493801095856,997.0013480911238,1109.0694152417232,1301.1540552788333,1428.502210541847,1435.3328002458602,1397.1885552341644,1477.379445731647,1426.4822876516282,1440.485111982249,1513.766109493152,1509.116915030056,1796.035666288105,1714.2457495312217,1603.3203987386505,1577.907866742844,1511.1616474893517,1521.0177410396495,1718.472824067642,1732.6476673702618,1626.165000994121,1741.4088471534874,1724.1854526714585,1627.8517914916886,1722.8450767851502,1671.8315446450058,1653.3291710289402,1564.179273930646,1509.9042847084395,1587.442266068377,1530.9950719815924,1634.2085617627458,1646.9609043909984,1666.166585938798,1742.8392893133564,1643.939029211963,1720.9563946522646,1598.7742367111398,1660.9369283179158,1555.2780372215673,1715.250915091752,1589.315541846718,1514.2587342586874,1525.1627214960374,1487.8483797115723,1564.763366962128,1505.736037697258,1803.2736959516471,1657.816242330678,1749.215462349158,1566.4045431217264,1572.420751346716,1480.8293900647943,1451.0819441517451,1473.7451210307663,1526.837146432542,1475.278980279482,1419.7215895162556,1325.28522380775,1341.8299178977989,1307.820764754183,1308.929952830823,1144.6467061994476,1132.260630396625,1135.6483027035242,1087.9062803121758,949.4709047644576,838.3217208040056,872.1936553633349,939.8272638400596,942.9205907562898,812.6603923243011,737.0435941369622,690.7523354888302,604.6194980735206,557.3671799598117,599.4564160046091,578.296676789444,505.8253852843556,449.8903311176905,451.47547891597367,548.9616055564485,482.7110688105319,432.3522849919447,383.7596073135128,363.9787010614938,373.6192292122761,385.33442316412936,378.1529753863216,347.5585309740569
112.07756680082898,104.55738265454568,100.54842603433006,102.09242295398036,108.84168866196732,107.1023058971369,103.98530482960832,97.25509438229696,108.38881411915288,105.0555908252719,99.89740362935954,103.6026681748673,106.20435516884152,103.80532222180392,113.37534174658173,111.48173249508504,99.01334372653308,102.6336607082352,100.5995080938854,108.06063922437774,102.68315755304768,95.9424067160154,94.72150696955713,101.78995018806042,96.58658011585504,97.39552373348428,94.50731895776924,91.1335750655138,86.66874337565356,90.42744210688058,84.43262286146208,74.86602067343544,80.07593418506585,73.5320817306391,76.08525367087717,81.71511377331599,80.74599098327457,84.67839696172892,95.40629207331942,102.98487831871924,114.2809717791684,123.59915904389136,144.95612889879322,161.62983422806002,182.739486627412,206.18201667592197,237.77737017096487,279.414545073548,350.5025207149185,385.59719722046265,434.90646534836833,538.2083500454403,609.0062890233189,773.493792745073,944.4006758292642,1093.2649284353297,1066.7211046741388,1072.202917193212,1075.6880621999835,1070.549401720864,1141.892381417335,1195.6727592031957,1108.3713733140255,1202.7953806070884,1197.9279831745123,1183.8462247107657,1191.373392133729,1184.4494189879836,1112.06996547348,1144.4610475573834,1340.1945574516003,1209.4472434615484,1251.6276527086266,1203.0318899339286,1147.3455778249229,1206.7638741684937,1288.6892908323682,1347.6709361308033,1252.49763074128,1178.497624758581,1149.3765145036016,1092.126045216089,1159.9008605603374,1238.159311130366,1309.1895511229573,1303.0511793590308,1323.450353577137,1376.5454324073974,1338.1476014659652,1280.4957607756446,1206.7557482989905,1198.9541189083068,1158.1782734360395,1082.2283959680428,1098.5132360483613,1129.5748517528498,1129.077962589017,1133.5074255937582,1177.2896078836177,1112.6310251333475,1128.920853222062,1115.4741440877888,1108.70416185117,1048.0629540127889,1040.4127590472222,1032.913409192831,1055.233298626294,998.2799862347796,981.4001411285363,903.2546706835144,887.5399657471557,916.159263387808,854.1024782247124,734.6154742907704,781.3802669200778,745.3612472781443,627.0076947792786,593.1098172515105,533.8864275735531,492.4627844219939,530.024696890995,504.6637491985348,447.8418240450957,433.844304600611,407.0598993553915,338.7978631275843,300.599523587278,293.6194473187925,281.02306396140955,289.4216025623579,269.0081740750362,261.859409037135,258.959273670638,259.6143427676517,241.781344771802,222.3336752956629,224.52373592098652,211.6560474076272,208.2469706157171,212.9496655558484,187.86376117282637
139.46757042148306,114.31258400682056,100.04990464383604,95.5680156076168,111.79994416493632,95.2107205653652,99.97078875250584,97.91139822615676,96.63918545869038,91.60893330957686,85.15343470632853,73.84187630185903,83.18866451734891,77.28316331262222,76.59963414636766,82.6124173539581,72.66955606023733,71.49778031671195,73.46990513385643,71.13309855752435,65.39266940767783,69.92498180224251,62.84141329201153,64.81717156729424,70.10894079880724,68.33313916972087,66.12405172224337,70.8794603536313,64.96353008767923,65.74086614492255,71.53596675439604,66.08722821772609,69.33458775169886,68.93533422496442,68.95981097584905,70.1678372408481,76.89850506610146,74.6172826275243,85.70818944235741,104.38937385007168,100.01401361681869,97.73381253283551,126.52629763475592,143.119642334542,158.8307794735362,185.61929390280167,229.3225057628136,247.4467934760172,311.24258300392074,352.07870962867065,363.2336510935778,429.7271424050636,437.21416798982415,531.5002448969636,564.691963544251,654.5684708561853,626.9627314936122,588.7745525170214,565.5229264662323,575.365835973916,669.7395047202449,807.9608250287437,656.7797333448689,676.4722514598748,725.2056516217858,664.4764467386703,626.3651291481339,670.781671855242,625.7710698593147,619.9856000580052,789.3698055353171,700.0653984294939,708.1037841705556,635.4037609789008,593.4969501501888,639.5316483058014,653.9776772558592,694.2202482675224,732.9502482098768,695.5240903393646,668.3879190795129,675.4097997034077,701.7035502593825,733.9629092693943,762.1320528096228,734.627830103262,820.8931855169276,754.2034088280171,699.5114670369792,671.2806209303795,601.8067505948331,614.931118184341,644.7399779063236,579.1715963672143,577.1073967007154,547.2528133428124,578.2191972868344,592.2278851978748,566.101694511631,558.1826525720988,554.0258270144604,538.2334503993308,535.5825201969853,501.78707429564525,477.1566947539589,477.62051265742656,484.4404859169747,453.1486390980422,421.13112545035744,399.5618054851891,408.8725070154453,429.0797141156459,425.5736136511184,340.31989138695445,347.70047983022454,322.78922539061455,273.7950198456453,267.23690196612324,255.03640572242517,242.50329972522903,242.029704843616,217.6378184574691,211.21094356729728,191.9071195519446,193.98482799283204,168.58016469601617,164.3457319204894,152.70542222398635,145.6435912246829,164.72344317595457,148.02403110781486,154.39391415367243,154.75483976983097,153.12392342972092,142.68136166761613,141.3493254821939,142.82166737444152,141.8632856299678,140.5972581156917,168.34859621271957,135.17329808834944
215.06387447962092,175.31076552711215,158.47809997757318,147.59022188876187,163.635772237023,152.82705249203437,156.1483457238348,173.8118799646589,165.08935231723189,145.17242766779287,133.14371286406617,122.49669921294549,130.4382964204997,124.1815902764294,125.07002606147294,128.73145114734487,119.68673093277542,118.84565993967558,117.51308661178297,115.13162495368672,111.14473023630968,115.74096736626906,104.8393475332558,108.89338306083964,114.15836358888174,111.51702477744249,112.8864495798176,112.67459085416569,105.5570238784153,108.10820322921208,136.43643355630408,154.23111405805875,161.72527072631013,130.09693778670837,121.95851505873418,117.8215279654968,124.09436896760916,115.41952804411976,128.91232664000574,157.54347060432977,155.58076192064885,152.45151985794251,186.75160076897416,203.61970721232643,225.85078938879545,240.67485676084183,300.1683102645454,338.682159957082,381.14586717476544,453.0307063809697,477.78547466116527,583.5456165075024,582.572091816096,691.296551793832,734.2010294528593,801.2063418998936,826.6537564317265,805.9160050300289,794.417035895419,804.8062785846453,897.7796410976824,1012.9129047115836,929.8007393280864,980.8935694027234,1035.9099726954812,945.865090613781,937.0856837956304,997.184916237215,951.6568381173358,939.9652575912924,948.9223884079852,930.1688438722588,931.6101187843316,889.8454252149049,874.3986644143371,950.9999527419956,959.5249672575844,971.9344419013788,1084.754199408086,1027.4606598425942,1011.3895971863392,1050.6073493485833,1094.1747998268631,1101.510563804835,1081.5457037499375,1011.78322289262,1144.418491533817,1004.4199698165652,971.4092738940424,904.759842110327,842.1579002172367,903.40174311444,930.0539311897974,868.2311385810186,867.7318274551756,834.3783784410945,856.9138265334989,875.0561911365223,842.5523316126771,835.0505233576511,826.6453880758266,825.067412823509,791.5074372067055,756.6147382297191,712.3993388775903,725.9054731129445,708.835719812206,687.1202496516709,663.9168585042097,642.1516927772118,587.1686766309372,570.5389402552124,588.5794099581026,520.3823659871874,508.9410374616939,478.4619204755283,429.5074542853166,427.2622723652103,409.9633164547745,400.7642479710161,384.3091413543478,347.6367823152775,342.1973566169169,300.4538273795615,321.55444633740245,270.5528688695931,270.4783712539229,268.40176739771266,265.4370273979847,279.1539601205488,248.8932131959456,269.21115500790523,266.1559736993936,271.2048212564368,264.22019510254506,265.3550681368541,252.9702779881844,252.24326201727425,263.76534879727024,313.6551773236108,268.1434609073738
340.22433732240336,299.91381058277284,290.4647042152322,253.391610463276,262.2273720307364,288.59079853728304,269.11353115205526,307.6744344390684,287.9606489077485,257.6266305490524,244.43573014993487,230.22340370656303,222.16944256502487,245.5469289762128,228.3672689242678,222.6977490978745,236.8415595845657,222.64508133122064,218.36875758456927,225.4122579814784,216.5743257945585,218.55617681685584,214.40474526962632,208.88596256151692,209.1995446456669,213.19344001689444,217.67028926888543,203.0632322644895,198.47335323956543,202.37437226109463,244.2544389512989,274.1117713066674,291.1654147277929,237.5947284588378,238.698185769894,235.0392629313288,257.81829179405605,227.18933839609957,248.33302409500112,273.11172953497584,291.41477750834423,301.02728825071324,339.2365398865075,381.655672085859,420.1522279113371,445.6442515807949,527.7003053345265,638.3195272141808,678.0324718243643,791.9804684747706,857.8243201341414,1027.082628987374,1077.8892374853374,1283.2499883073167,1372.8241989432854,1462.0591253785424,1498.3744902560593,1549.2124181686631,1554.051929266919,1566.1956126654609,1583.31746655602,1625.321930472451,1643.138537618646,1747.0259911802918,1698.9228493887745,1624.970655872973,1732.1557029763114,1777.0432701412706,1784.162481883045,1861.198622422009,1755.0765893541134,1772.5095523346415,1729.6821548210116,1742.160590487396,1712.540803439723,1935.530830277406,1954.491794374963,1902.4207961051363,2062.296481697213,1913.7345246719065,1857.6780483695372,1868.274884623946,1920.2319644924107,1805.7819863925831,1804.130516900904,1753.2288831592148,1826.9197071869464,1673.6651476525485,1704.285603802769,1612.0919717238785,1551.435669259109,1793.2469816927623,1723.8931667494314,1668.9539315384577,1684.1304370598634,1756.01030581765,1744.2887981659353,1700.3227472576564,1612.974306548069,1534.7107817840365,1540.4486582114996,1581.5514566179784,1448.2037101682763,1438.6254855906618,1365.0728710111682,1388.041136716945,1377.4336741841375,1376.2116160631576,1330.30025757581,1308.9088548551697,1205.1053344328857,1183.366271145896,1127.945135593151,1111.3162840092575,1051.0546978071775,973.3122817911168,909.6204308274826,882.9332534317192,810.4909948301785,805.8721972253732,776.5456090764445,681.789351742525,665.002968434637,625.5116054456504,644.9472867396885,569.232393171893,583.2389111603393,575.3150946086553,569.4868419905897,627.8949088361492,572.4357600159943,564.6979243185125,568.0398310823165,599.2839392132778,564.0013638338381,561.4918077647582,574.8946022127257,536.1948105673573,590.6929341513643,667.1229900655611,611.9390066754434
416.66529259887176,341.5967901715747,300.346803240063,259.2535542948346,264.0390688904514,277.8971247533856,249.2645484524796,274.0269092695148,245.77597654731076,232.1889784454132,227.814551640522,221.12143395916493,203.14779837181936,219.91321255615577,199.0638253804166,192.8115358241921,200.7096331629853,231.62263572649948,268.11542876890536,229.91734328643355,209.75772379909145,220.58615149660557,216.7690759217322,197.68627025193004,220.120811543914,232.5355216501643,228.03956463977016,217.4614621219568,209.2914604543232,221.0012983296317,223.55152786580197,238.52778722814088,238.06460040707387,232.9322146433168,263.96032681179565,266.1722736146056,347.9102443602852,332.43081481616804,438.4676003409127,477.0895190259526,483.2797948611969,511.2674735180548,530.5218425494908,542.4206745750673,579.5762477572996,655.484067659129,802.8233942338089,1009.7057248592216,1126.873377757966,1209.7968777440544,1347.366184310474,1624.1072767184496,1687.7321103496324,1811.859310720446,1937.447631089122,2022.88571334298,1927.9144944509276,1928.4007613360568,2078.360946120008,2106.081341476741,2215.229098711074,2207.617146751506,2210.85771271199,2321.229459475868,2349.080827721251,2305.2471573159,2455.029597355084,2514.525897434477,2570.2666597423668,2438.4251093799094,2311.288290969154,2303.679007541788,2225.9139473927803,2337.997928722597,2206.162435825196,2454.475148510216,2331.564437967423,2316.4949558520166,2555.4581723728884,2573.0910479294525,2618.7981157091303,2484.9027073774078,2609.056267304381,2469.298894665522,2392.2279689115867,2316.6383721552925,2362.5627552233645,2249.7263909997737,2306.830796868271,2199.406154277721,2240.743265103692,2384.0185576430586,2216.643376441285,2175.698873101116,2165.0028894001334,2281.0909641826515,2291.003877522664,2171.2349108831995,2047.756695948948,2022.188242138243,2115.869527459836,2132.374045877277,2073.1967985909278,2149.0645647331257,1976.6075324658943,1935.4152672567395,1989.6562793395487,2031.4733299011948,2008.642660868188,2050.980323687805,1873.5428346257,1553.4127844119123,1532.9963075173046,1596.020711721882,1534.148609929422,1391.9127843834476,1333.459285975255,1268.6671383138564,1182.4390896160548,1162.6023625371447,1050.1110980120825,961.241468858339,884.250921786734,791.2576256124189,814.8940002428645,723.7885708246221,679.4974224573933,696.5887119498755,737.3351368483451,684.702308957546,667.3232186557015,620.6682246452365,597.2325318096023,601.6385954924028,582.2796186754716,578.9093423380417,608.3734612514836,516.6801596064943,478.6384025472369,508.90546000286537,528.4013740747599
417.89657480737657,383.289281273977,338.0656870518723,307.20193694888854,292.99166618844635,277.93479440281646,265.516002804722,263.18779628529626,245.11906634052696,222.01556806760772,238.64514208156083,251.68875357995472,226.4523136520729,222.7891092335684,218.4083614190487,204.91056506851925,197.2299426413532,233.09163348397024,240.71398319475628,208.4766182501,195.9163336434783,212.3284036815461,205.71789907819135,198.78372598993977,240.5812362852388,242.09239255576455,225.73520786590987,208.6024351008948,188.15766240998497,202.42856971707303,205.22858403612375,205.6026708038638,220.0738588799537,216.72034423671957,236.39858261228144,251.001152628408,306.0898913415929,316.4958660603758,576.0711299404167,683.9425745007953,519.4316435535555,505.3659418844192,523.2515384237213,583.2845548354932,652.2672385825853,625.5070178765701,752.4028513365977,848.3417680348623,886.392747139776,934.9806576444104,984.6934668418968,1051.6889529808868,1142.9293233840954,1213.3830554395386,1252.0643707005734,1315.8320003902163,1312.7064807214574,1303.2470347072222,1441.928827939325,1557.6906965333803,1592.0921944938714,1555.4216275966005,1638.85454668567,1860.140672603404,1981.058407003775,2036.012642332139,1918.375245144224,1890.532001902251,1799.4647135640405,1811.9074164980632,1785.03996265063,1748.672652952809,1712.6319475862122,1679.7918077958818,1617.6456862344976,1777.712261401292,1640.885795056695,1608.328305669164,1767.2747787528892,1871.9749641162543,2286.729630572879,2317.12491589571,2210.855453213809,2217.9881263076004,1995.551118274192,1807.307940146426,1806.266470125491,1860.5255946994837,1795.4703372065978,1662.7957358433275,1736.6447167766564,1694.7943472529214,1609.4755337189486,1543.0518654198502,1507.5028149503491,1491.7433934086955,1613.6564937031471,1553.9527237101538,1428.947806590514,1433.222214866469,1474.596403131985,1438.3914582855357,1454.500026856594,1584.629205942918,1512.8069864924255,1367.6831837164443,1525.490755657709,1516.983143500515,1391.2518073074089,1339.601391342059,1225.7111106842724,1045.6106063860136,1084.3248621443624,1051.8776282923118,1035.8866147588726,975.4768695149884,912.8731228843104,916.2509858120652,895.3676767872083,856.6931999479654,832.4996535560322,776.0081850007011,710.7536616652536,742.8191599357888,774.3064753264026,665.7551710873995,648.6724075957021,630.7311812226721,777.1213329244063,719.0073583836279,664.1030356964449,570.8425856731334,597.3339541592044,580.8745632697277,601.299012886989,617.5336607759012,679.2367492669655,591.7360925927418,498.3568923668464,518.7444106005767,514.2849030415686
677.038458943552,715.8436593753356,760.066907666965,598.280695888823,577.0478961814584,615.8051119275452,560.1708714539486,511.3551551698534,449.0717822083393,427.68628828915234,549.5526666457278,479.7195629125339,386.0952404747511,415.5904806223907,416.2555703307822,378.95870893414144,386.5546791032032,396.9183696966135,363.3873158330522,370.14212999687874,343.44445944726306,343.813513161188,354.6984193243153,336.1891123914657,352.938646592097,344.0050849766544,315.1741402980612,302.97421930155184,329.0274154951199,326.99207360046404,312.7479129469022,323.351748533316,300.8704736025407,294.39140658246896,345.7579806366942,347.07234080824344,360.7369803952656,434.29479540876366,514.6429420274783,472.3220353350644,447.2950655806523,466.0374587276348,568.1871510911882,605.6482121991592,642.2393040275856,698.7621454704154,793.7945280863071,1001.2328860367992,902.960003685172,1028.996842779284,978.1491789891631,1152.2097145896637,1301.4201861332062,1368.7488971992404,1415.750289606386,1519.1768818143742,1408.669315592922,1456.8296284107005,1408.649447804938,1456.339269238248,1571.592707792502,1486.1250914604211,1490.594143015983,1648.9561851369797,1655.6303359148278,1653.504913826364,1732.1529735566332,1651.1840429594222,1721.8275035590195,1855.674264348194,1614.2633677849228,1573.5349427549502,1712.8146585908962,1746.2692670677714,1608.9467299938417,1535.179865022102,1580.843546490392,1476.818400347304,1508.395448779062,1682.5541745879543,1661.756270841854,1683.8585326815623,1639.7372082022289,1594.26895098742,1485.548138401672,1418.4496174290432,1436.5098254654504,1664.4293340126296,1568.7840902566304,1440.1014800421574,1484.416343463378,1544.4554448039185,1527.601840851776,1711.8872174321066,1553.0156905346053,1456.929323395056,1531.4598397213974,1498.992145531974,1366.1043678425697,1431.5491818672956,1416.56955341596,1502.7448745740355,1548.864715399013,1628.8767080419193,1533.619809046859,1479.8202648688132,1567.4364983224884,1675.1230755134134,1633.0415479776532,1714.7207427922226,1492.0529135542654,1304.075017586845,1294.3036574505898,1285.4793564733704,1303.0227369320155,1291.2351582490526,1248.7962382516523,1168.4471112487936,1110.558665934382,1095.0685593534856,995.399275280216,996.9914732607672,896.505800780254,948.6559971241728,1022.4809062708828,914.9534969558292,970.2834180864533,909.6503821123576,851.7647002518352,821.5193885575966,860.4898085107651,832.3003168525706,822.1559778657661,891.9844892310037,841.7294755637699,776.6505595058794,951.9309812164768,917.0391529776564,798.516868507402,794.0366487846253,746.4611696194734
631.8857518484637,610.9214668497123,571.752083379024,471.2378022898717,478.1517556468466,521.1950492862613,480.7673172756121,485.2789397884151,474.9484023620108,443.93666577787184,454.12061718699965,413.84245317436194,356.4992466469224,419.4955819448679,423.56348178895087,391.01854386009205,370.6163053244054,348.7387311767529,315.7730397354329,351.7839270682801,327.91444889661614,305.3052476255039,341.60505618932274,327.5888890734183,332.08066737805257,331.3168090241917,300.05325362723363,280.8915303614441,304.0754361961492,290.5058668237261,283.9593632669896,291.9107018074583,275.8918172666027,286.4784541816188,310.6460403668348,315.06461679668246,319.2010098530915,354.6631791018391,363.22939369943606,359.07106148821754,372.24035556914185,380.4954393233914,441.6229351911738,501.137854845148,584.4128903861999,656.6442610720376,806.176224780563,908.220105527088,795.8237230108805,866.8549800584423,870.6161675990476,921.6593660641716,1058.3989325561522,1147.9279849308964,1121.8815766096325,1206.2256471080802,1105.1100181863046,1212.5224125627706,1154.3104395701823,1146.3686977010618,1223.6745555363923,1198.5500613211582,1219.6188588967348,1309.1647925513887,1451.5608246626252,1397.024292682184,1426.004919837363,1288.9647124013804,1392.302009440505,1369.274858945507,1310.5077986758847,1368.3430676239138,1337.6274222200136,1437.919012139259,1410.9344107326249,1401.0094401126769,1400.6076619737155,1331.0845284912707,1370.5994852826414,1402.2636604666811,1449.140154182131,1368.1125251308351,1432.2203411704186,1413.8803249983628,1323.3643033721771,1207.2247628639732,1212.6362831952213,1331.812403137449,1364.7052835128982,1286.36106315872,1295.8530649317609,1371.3348442708168,1308.4446653196796,1482.9373719969583,1340.2811621582412,1375.2249022228743,1335.1793500877684,1350.2831808608255,1223.76108185406,1269.8750120761767,1221.0652176099818,1262.3839608935527,1298.5236374769372,1303.665136584403,1243.4801633531745,1278.769234450596,1285.4233909600855,1311.053652287663,1340.2678721524069,1267.8407944198957,1231.4301885934608,1142.2890469154956,1130.7185509232768,1172.2238590990548,1222.7024825710298,1118.8381741696676,1074.281510869291,1013.4200639161564,1029.1817139431616,1023.513456830528,917.0914940281092,886.6697542618003,888.6987390750877,813.3372395942497,855.2362260020509,781.7005170583997,821.8587524308339,805.2784013875951,775.4343561359888,738.9268628512788,758.5364072341714,762.1377367811236,725.440776915349,745.2930417033763,716.0987658598316,712.7794801265558,770.2860071987428,755.1383275593388,653.7835148985188,676.9397940964282,738.9417255296908
703.3370570774804,883.3798885940284,628.491793636779,524.7007457509534,517.4266208595442,543.485829568975,542.3435393390467,581.8450228125492,535.0414298401702,496.41523593351457,468.2638991280583,453.26550849262975,405.9904296239861,432.5992199266549,444.69992434684576,426.6405879191393,414.167578952544,369.8562085996493,355.05293178784405,376.96247108054297,353.25494857469613,332.9613233556444,376.69144896416094,350.03441748282444,339.8387132231559,358.3264705241017,331.2223346137708,330.5699505592321,339.0948387895776,321.00944917470025,345.3239209591241,338.75540751284655,315.6796161791623,340.6671082236064,342.43564326155285,360.4236574104415,370.7806376912387,388.55177633842527,381.3571567334066,396.6925414987926,418.2175032091497,414.9807058988927,451.3711354912448,516.3333249577602,587.1303105869215,675.9633127563693,801.2897290541271,870.7923973384678,837.5722238958477,910.3202744880242,913.035674843272,931.3562151480374,1161.5369595319733,1216.016354095806,1245.039246941503,1341.5360740791505,1250.4189542165868,1314.244017049264,1283.604458818594,1219.231139350687,1247.6049760513013,1263.5650337572708,1257.823976526706,1388.0066426181445,1428.4689978516385,1377.9933418007367,1520.9949006071893,1476.5894232054927,1557.890118643425,1475.1845072133822,1374.9465157584248,1403.3233181401124,1433.6264219487898,1534.854747001022,1649.8546530783983,1673.279494065865,1606.234501854901,1502.544314711168,1577.4928851554816,1518.2844797614196,1620.687043834431,1581.224610566463,1721.7366711478642,1759.1366004829492,1604.80997689221,1491.139529027167,1561.2157309174886,1511.385240254434,1544.0497758987517,1449.354389881862,1432.6119229494627,1513.5169404681114,1435.1856358287246,1517.4361542513936,1402.3994074653997,1410.5681765267311,1367.1746969416647,1413.104593564976,1333.5229048492038,1377.738575637148,1289.4937298589246,1334.0328531399944,1411.1703879389852,1382.3802536500527,1332.35021466628,1445.58966438033,1377.4144708881404,1369.5778334671963,1393.2332682530975,1278.1120086986675,1292.5670518963957,1205.0776949912774,1227.8930768214282,1316.9491584330897,1414.5331367279782,1237.6521457280833,1177.21487949199,1122.5694910971931,1155.6832420049034,1144.6767215397158,1041.874971786572,982.5717251707896,999.8663429957008,863.7509929738403,877.3465867385188,870.3832361966125,870.8679222348844,862.4522858780122,842.6615745784977,806.59496928037,848.8698833568383,869.9053669797524,815.3462043524215,855.3660462750399,845.9162280457308,836.9096246882841,818.7258673707062,895.4658706569127,733.3460205218197,713.9816263857424,701.7172867660089
676.7794652048968,894.4396566915898,602.8644045036713,510.1420866598928,483.5926582544689,514.1075278805687,517.5148576871956,552.0581777374827,492.6803887399763,491.1623716403634,479.1822440965663,502.890648899171,437.983158058024,410.0515071224305,432.2794350467722,441.74559092656233,449.4552633387223,399.9828123309772,432.6693960985826,373.6661909416724,330.5279518979429,327.9233159670836,346.240855484329,334.2251451575788,325.02785640438265,346.6277691505179,339.8515220834939,346.64189230611834,357.24672673388187,339.4481476786014,338.77277608416,341.8016555339378,331.9426317685281,330.3086858866941,336.7063314239124,362.9761974957794,379.1060234025328,384.41001991692457,365.9052495705982,364.52152062099367,407.7701617988896,425.0444938678717,429.3034906395348,461.8307125627445,484.0716591572239,550.0369607526336,601.8401437563332,669.6281425137022,723.4461941284991,775.1035381302128,774.6540954174229,754.4175010604949,925.3770772417496,931.3608244119048,1024.420871560042,1156.0985871228052,1114.0132722037706,1097.67373432172,1085.785313092157,1042.687722194034,1093.3584425734152,1065.504332568073,997.2721295974962,1100.2184729148655,1088.4766029432467,1121.0802569383802,1292.8519793880805,1255.37278726114,1455.3959111212837,1457.1304461476593,1161.786932417449,1109.2084828725351,1146.920449907307,1212.5150941960703,1389.325775825184,1393.918046851258,1351.244188410492,1182.8609508761044,1230.773553734991,1152.61179091045,1203.0968979592094,1226.384016892021,1280.898191437352,1313.7596333259123,1269.7839292538235,1194.5882846091756,1368.204593485324,1324.419123968597,1340.099025168542,1220.5460026103078,1243.1924130344137,1229.619199467093,1166.95574971398,1160.1908909619697,1104.7379520209372,1071.2323428453303,1056.627418802744,1099.748692336442,1071.0586036988252,1129.3913733900868,1084.3206704823267,1059.1651525196717,1105.7636137878717,1063.800941651905,1076.334210176704,1174.5134213291494,1096.792205453539,1102.3944853012465,1140.7878554227364,1041.6818738073132,1041.8535863457466,1009.8998748330444,1058.202873922978,1121.6778838306006,1208.5146506566912,1036.595559056774,1017.7413384992932,1044.7928654386926,1003.4391685232436,935.927964046136,929.3620935121676,829.9674213826182,856.5196844288749,789.7204167613352,824.0556159935427,845.8827648321778,833.9022907911,808.8923680012097,808.014330940973,820.796077325891,886.552774843353,899.350632026653,814.9924758134165,856.7590187805265,822.6640996736,749.7490205516574,703.464954893668,808.8639954575752,685.0829737618974,665.068491250472,624.4179218107098
325.66683436975984,305.8271110779108,287.31680695531304,269.02856653563066,265.6359507741537,296.241944690684,253.92893742143707,233.1111476670512,227.44290269385937,240.3323699343021,235.96638111432992,248.0055382839085,241.65765930753295,222.89565077383963,243.9462559870865,267.3999445204089,297.0610492373747,296.051193159036,365.743601465419,226.22665420203128,205.66739838755615,192.06450823495803,185.2560472910789,183.8127414796041,174.60687342786667,175.80908094680623,182.4176794667165,177.87917305390204,191.83483903252608,201.91243201620412,190.88393146200332,197.2237527142761,196.0269190602339,202.76704167874092,207.18025993484372,208.8081809793694,226.3806673631222,226.75490751793544,241.44279043524017,243.58001512757545,277.82177662942456,308.0844874926776,307.45783490174983,328.77175801251934,303.4235076504649,333.11190408583553,363.6278795876848,384.12859555554974,418.307346896915,429.1220661641048,465.8544162763659,439.968022528854,467.5588423587904,514.6880838826046,531.7250835688601,556.0332814256543,529.7655822001642,515.8410253001858,493.024306612577,540.1875843800152,575.1046078512954,575.6031463670696,541.1092896424891,534.3040382822498,595.7694453977441,658.4624198285712,742.8378430641351,642.1958019548468,950.5610405950944,1077.7099026541337,781.3786499662081,696.775232335451,676.2468800070311,715.2692714125765,742.0222860745057,688.2451128756107,702.1607034221377,637.347050556398,624.6485882971028,605.7466243956992,559.6697585797854,576.958136746503,606.8801764972376,606.4840318716743,625.2895571023023,585.2743364239943,675.2843087700845,739.6582582634801,756.354072585078,622.0906554169018,604.5176163778686,595.3256255809035,553.6707633697611,620.2823345895002,605.2625185818463,621.2271015472415,621.4352026333503,589.2547082088379,554.012247480047,593.8914925478713,551.5333777843214,477.9720693231616,562.5333459150768,562.5043609829862,574.6393036028294,510.89436619463737,513.9019848910447,499.6729614590436,479.0351446048342,482.1095522987413,529.5248750377846,520.668667544625,567.5291134023638,487.5065923074234,538.5918308259371,476.9279070103253,490.1800558161502,541.5829871564258,469.1117069078837,442.9551583839543,457.6281025776008,410.0554315987613,419.5235971601221,433.14532393355154,469.43487363884486,477.7010594472061,482.8344254400382,471.8417255611528,460.1842099388568,440.19031240167647,504.9774847928681,463.11430942430064,455.26086913366873,467.1585751532013,465.8661519794749,453.3325843041303,421.7452429687447,417.8175318368894,400.7261293637355,448.5523187853736,445.3995830078746
