2013-11-11 00:30:00,2013-11-11 00:40:00,2013-11-11 00:50:00,2013-11-11 01:00:00,2013-11-11 01:10:00,2013-11-11 01:20:00,2013-11-11 01:30:00,2013-11-11 01:40:00,2013-11-11 01:50:00,2013-11-11 02:00:00,2013-11-11 02:10:00,2013-11-11 02:20:00,2013-11-11 02:30:00,2013-11-11 02:40:00,2013-11-11 02:50:00,2013-11-11 03:00:00,2013-11-11 03:10:00,2013-11-11 03:20:00,2013-11-11 03:30:00,2013-11-11 03:40:00,2013-11-11 03:50:00,2013-11-11 04:00:00,2013-11-11 04:10:00,2013-11-11 04:20:00,2013-11-11 04:30:00,2013-11-11 04:40:00,2013-11-11 04:50:00,2013-11-11 05:00:00,2013-11-11 05:10:00,2013-11-11 05:20:00,2013-11-11 05:30:00,2013-11-11 05:40:00,2013-11-11 05:50:00,2013-11-11 06:00:00,2013-11-11 06:10:00,2013-11-11 06:20:00,2013-11-11 06:30:00,2013-11-11 06:40:00,2013-11-11 06:50:00,2013-11-11 07:00:00,2013-11-11 07:10:00,2013-11-11 07:20:00,2013-11-11 07:30:00,2013-11-11 07:40:00,2013-11-11 07:50:00,2013-11-11 08:00:00,2013-11-11 08:10:00,2013-11-11 08:20:00,2013-11-11 08:30:00,2013-11-11 08:40:00,2013-11-11 08:50:00,2013-11-11 09:00:00,2013-11-11 09:10:00,2013-11-11 09:20:00,2013-11-11 09:30:00,2013-11-11 09:40:00,2013-11-11 09:50:00,2013-11-11 10:00:00,2013-11-11 10:10:00,2013-11-11 10:20:00,2013-11-11 10:30:00,2013-11-11 10:40:00,2013-11-11 10:50:00,2013-11-11 11:00:00,2013-11-11 11:10:00,2013-11-11 11:20:00,2013-11-11 11:30:00,2013-11-11 11:40:00,2013-11-11 11:50:00,2013-11-11 12:00:00,2013-11-11 12:10:00,2013-11-11 12:20:00,2013-11-11 12:30:00,2013-11-11 12:40:00,2013-11-11 12:50:00,2013-11-11 13:00:00,2013-11-11 13:10:00,2013-11-11 13:20:00,2013-11-11 13:30:00,2013-11-11 13:40:00,2013-11-11 13:50:00,2013-11-11 14:00:00,2013-11-11 14:10:00,2013-11-11 14:20:00,2013-11-11 14:30:00,2013-11-11 14:40:00,2013-11-11 14:50:00,2013-11-11 15:00:00,2013-11-11 15:10:00,2013-11-11 15:20:00,2013-11-11 15:30:00,2013-11-11 15:40:00,2013-11-11 15:50:00,2013-11-11 16:00:00,2013-11-11 16:10:00,2013-11-11 16:20:00,2013-11-11 16:30:00,2013-11-11 16:40:00,2013-11-11 16:50:00,2013-11-11 17:00:00,2013-11-11 17:10:00,2013-11-11 17:20:00,2013-11-11 17:30:00,2013-11-11 17:40:00,2013-11-11 17:50:00,2013-11-11 18:00:00,2013-11-11 18:10:00,2013-11-11 18:20:00,2013-11-11 18:30:00,2013-11-11 18:40:00,2013-11-11 18:50:00,2013-11-11 19:00:00,2013-11-11 19:10:00,2013-11-11 19:20:00,2013-11-11 19:30:00,2013-11-11 19:40:00,2013-11-11 19:50:00,2013-11-11 20:00:00,2013-11-11 20:10:00,2013-11-11 20:20:00,2013-11-11 20:30:00,2013-11-11 20:40:00,2013-11-11 20:50:00,2013-11-11 21:00:00,2013-11-11 21:10:00,2013-11-11 21:20:00,2013-11-11 21:30:00,2013-11-11 21:40:00,2013-11-11 21:50:00,2013-11-11 22:00:00,2013-11-11 22:10:00,2013-11-11 22:20:00,2013-11-11 22:30:00,2013-11-11 22:40:00,2013-11-11 22:50:00,2013-11-11 23:00:00,2013-11-11 23:10:00,2013-11-11 23:20:00,2013-11-11 23:30:00,2013-11-11 23:40:00,2013-11-11 23:50:00
123.0972967535119,108.64899447525065,109.88015575709318,103.87044878000262,96.93058090590274,99.11293385325098,101.6701652138947,89.87133822565858,90.65962808839735,81.62895320540967,89.6422968527151,92.62932926366226,80.01602295380873,82.59131429717446,88.30379642124929,77.57579990148605,69.94335642433917,79.39273808580342,89.00612047382477,84.22427619022368,76.09064861338193,70.42951192203789,68.70749665443732,76.12726088085951,69.52383320248062,69.44724904015598,70.42776518960092,70.50655876065929,74.47869584772694,78.93503602417734,71.59265986543113,72.8282824142372,79.11806141223495,71.52617956191007,67.87034391923302,74.49903563711962,71.29757809903323,82.4504442876263,79.54127541785202,88.23152540129566,93.50106175333556,97.35082038008046,103.76859462511374,104.76587337839987,125.82840341502886,144.77724346058557,151.1551216704957,156.2836138137212,176.6588710373468,185.3447685622836,212.12197435753583,262.30860096767464,324.99352340856603,365.3348363780674,392.0776118433327,371.2960376860132,396.9936419147902,399.2551051154251,399.4972234212158,448.14490029042696,442.4578835536284,442.1686863260764,505.0219939156364,579.7817971727072,521.554240622457,537.3361722458249,530.9260184688973,533.1152179179759,522.9461927767251,541.6925338544256,525.9402698448624,581.0950575073625,554.0580985023544,574.4863587053668,599.4519015754174,571.5973402748516,551.321829559466,569.8548039753107,617.4353754441447,581.0315654599101,566.6136711589866,498.975214686792,539.9752199674707,533.8815422733605,564.7950793477951,509.2181475352564,559.5248836586871,577.7862231395495,567.7723679388226,518.8879452109107,490.4226966718522,455.79099705644825,443.3784367534024,511.5074094181579,500.3877779128913,464.6013738219722,468.40112568635,428.0398606691967,450.8188282171205,445.60567509532143,487.1422113063445,525.3557110075752,486.6891983840615,415.21044713727787,367.4611556707168,356.8506322075147,345.04934399409694,358.1634109412426,345.8410342616264,311.1502448896977,327.84547650639905,304.01889897289624,284.4262568491364,281.3842761679759,263.7512425741464,279.34828699683413,237.5776549146321,239.56617277551936,252.310109477215,224.2796813215808,227.7033242383231,223.42213366888265,216.3232966634706,179.50905862594283,202.97981558588884,228.02422477413336,177.90733418835467,184.6960539418465,185.7888879132932,179.66327542279066,170.2254769618835,169.55291972552783,173.10964384208938,171.16141744514272,143.83931460743594,180.8678824776197,183.8519824231208,156.08735775262252,152.6184797620608,155.9484401752033,145.70906123529852
53.524284053079285,50.05922931534733,45.52607060636994,43.878897596170816,41.6155988696984,40.46472528969578,46.97412706116023,42.14806741102713,43.344656051477045,41.509193450270935,42.18218544354318,41.77439560063324,38.4413465747222,42.67809864262169,43.869303791729486,41.136877527294594,36.7324385069375,37.29696932620655,40.079114204377255,36.65581529653934,35.57824063270313,34.21901143416837,35.06495558526038,35.699302905477694,33.561899584924625,32.7069193649617,33.34986013670413,34.52598267687075,36.86217984712101,36.323394460231,37.011250704807296,37.55576811877918,37.702407274871234,45.9824530984352,42.22783930390387,47.02280362558379,48.23354552626697,42.35816836990774,38.89998542266655,42.66098127532658,46.108810777503386,48.49670301141677,53.550687314202165,58.04203244175908,73.94400821016276,81.77120127274542,86.71793184080641,83.4412848077209,97.56368951511416,104.48168034495036,99.2050626131548,136.39493277871568,194.79667150251169,220.79504218649004,266.74989710450006,253.8630976493884,261.97233613808083,264.65399684112026,280.4967253705865,328.5980251889298,337.9833880530284,311.10894088476044,349.1383866789896,473.1020453805001,438.4648829829114,460.33526495948496,439.1013685299649,460.5887991320186,417.901193554985,451.5534861279213,442.3573862166407,507.7577856050791,496.4397978061672,510.8709513312364,528.6461990637134,496.2019748113241,487.3864399272704,504.4291547795199,570.0998082113839,542.1428355906811,549.6458647683787,480.9109616839484,497.5166614550663,480.96076786495627,512.0180547777247,467.9538023051364,498.7668259532249,535.1296368201467,522.5184116499094,477.3180860495605,452.90134300513,399.7045069609383,389.11282704728353,447.8608790585658,448.0262100495551,426.8577575191584,418.448066373395,378.7102630701245,379.0432790974226,350.51814091258217,397.502749154033,420.0639071254524,363.01173635035497,319.6668243867887,309.1417522750933,298.24025882086863,265.2138028800681,265.7949598294822,253.1748915520481,211.19120343037267,188.07843369337905,161.94427249102972,149.6158964585323,149.0647701656381,139.94394927379477,140.7048188757034,128.49401489460655,122.83560238029573,138.09676449189388,122.88093513529635,118.95174987668658,111.13321216764204,112.90937117879194,100.31991038881394,107.87145019070232,99.02288050084712,89.57203690939085,96.70372577986215,96.02388263123888,85.68954439889072,87.4025379011037,82.10775514776874,93.5578754369651,88.3087041282614,76.88716006266941,110.03067029302682,112.25161181001933,83.2156147494044,74.5501041791065,78.0722586456249,69.10826418018088
100.27521120874736,98.60760810172404,92.6033464870872,89.82251772075182,87.2476348563595,85.34152937768064,90.10175902392,89.559419042004,95.5854496595956,95.83652366389876,91.93962685089878,90.9120760872355,80.17572158805271,87.55750105179601,90.88251474864748,88.95107686132447,73.08833513575578,74.4124289481553,76.8181407322386,71.23422251286063,73.92473287888889,68.73937201934235,68.30672454740967,67.62135497302307,62.206218913825815,59.59942405310248,61.31391136955396,61.79935214748613,68.43627744738778,68.67277127642093,67.5456999935014,70.998632253859,70.75935521038627,93.3917894534543,90.74890569826206,99.02984103936156,100.37660101126669,75.07295585562518,70.05692766858107,74.75611944431144,77.76047468186461,81.31648098901249,90.06450947904173,100.568273657251,119.68290005386038,142.2381000476966,150.51109753253778,154.0743902130918,179.16483497470304,220.32945557579737,249.5254384795444,272.80424189399804,324.77773651434194,351.39866134737605,388.43749563548886,369.7189106308804,368.596319692745,386.4900480986362,385.6800606885555,399.367515695916,419.1846533472542,409.43724017547225,442.7224354227534,571.7794388665623,503.34751094639137,506.5843182006719,476.53753585122365,506.3645503645188,499.4606256724709,535.33946040268,484.0345539491095,584.7991593254803,545.4215914080074,538.6291823326674,530.6244117929614,536.9923996598455,533.3953019283766,536.5883858266471,589.8476185417481,615.3452706242135,621.1505119363096,542.3150944881497,526.2519071250201,508.679718587208,504.8638435377388,499.9332645847381,551.5994920336499,613.1614744843534,560.1327858238851,528.5431998762241,458.505810611265,438.3123884607624,415.0762859707521,463.7197287247764,442.2806827369242,462.4560401751932,441.9649857282054,403.776801514792,400.6544814827283,380.23280638310246,419.3416691893353,430.39457446787264,357.41640033808034,324.8974825444913,270.073902172812,276.42384456385275,268.10996316168905,252.72581679920813,249.63734617965463,210.62783476144807,294.0118793427213,277.41063334130257,263.8957938377754,247.14341861020904,221.4088362554584,222.419486997842,200.39556060687767,209.09379285624212,207.9147180112961,180.79341957241843,174.71245737893867,167.41591850637155,168.52499354254442,160.1522457477625,189.72853493344525,165.61287949258443,159.28213287122324,162.21667111722056,159.4692754574044,140.98567083697466,144.64440641426074,132.10241399836468,145.63085445665507,143.28666459418682,148.6523483885549,187.115702202886,165.6081562742863,137.86864029436558,127.28338742114708,120.16672410219437,121.33476047432347
212.3265372881639,210.37788326282612,201.83133849680144,197.58129421797275,192.62953747458727,190.3871537519875,192.38647509897496,198.7894381417701,213.96683233213767,216.69886259754944,205.6122029621013,203.95941624384065,178.22695006019129,190.7982937264722,200.06323485190688,198.43868607881967,234.3393370892397,240.9392643529505,241.0643260542039,227.5879645583294,239.191925012203,222.51877169480264,221.2716067069357,217.5016495546373,200.7753425925553,194.53032021553855,198.82433376733007,196.5812347753789,153.79193011842767,158.47540085712305,151.60684973845872,160.63031687315404,161.31401242675247,203.65655267302623,206.93663222628192,222.08248734204923,222.1472821309169,236.22773449511192,229.61874358542445,239.37871270641503,243.1566270878015,257.6442599503744,279.90633004124163,314.003548892648,358.2271306269487,435.6583164155381,465.1659479555187,483.6362517484452,543.9072350338524,647.095790756729,539.7969879594439,522.2880294379477,559.6925293789541,597.6115256543703,621.6580175493261,599.9662279164481,590.242110911002,628.8447987119945,591.3449968135093,556.8663497214479,612.8117897678695,645.9873155618851,675.6876942268416,776.1763211167387,670.0284568863253,654.813434995083,622.3615477733554,657.7287328612698,714.4679875459811,746.683492317428,630.7200713344777,786.0783642141305,698.3758530176356,661.1113839517778,615.2264834569413,671.3024371622404,673.5262141872278,662.0117539645361,708.6866687107141,804.2168469476632,797.6764508268872,709.3567868504725,649.0010607308919,637.5891552457123,574.0776953133956,629.2842750381076,716.0889605685268,811.1763650500149,697.6125666718422,682.6930585123637,807.3984446669419,844.8944130559149,792.8238547986039,858.3319740401624,777.3757775358986,878.101177832651,828.6144679866113,779.5536992160983,772.9407829541055,751.1552417595128,800.8592946443376,839.4316814098376,683.0273161372622,644.2369189479712,669.9692526575369,781.9685330028504,807.0459337777108,734.6098494129709,752.1043592397899,644.7634050165046,761.1461712021381,759.0069347480422,724.779115194424,705.6509149462187,620.5171700513972,620.8773106571264,556.1518122515471,597.7393879908626,551.9811821166414,485.77105326852194,471.0302515592989,466.0422874882464,430.5735077464079,429.3080862940717,526.1633642334236,446.4072607835968,312.13820610377326,306.6829865739271,300.5307654020871,269.751855215104,278.63393384628324,252.37107687322117,272.1378475902618,272.3027136635065,299.5014907975038,346.3347300131996,290.4582681697117,263.76246155342807,254.82274829662637,228.5020494340625,248.40706862871744
250.10884198092097,238.30155550622283,216.07850162384773,223.21204088121584,208.87341141654773,206.2957748924005,215.64037471721028,213.18410061365685,220.00100886965737,215.90915262937483,225.19967903699148,229.34131262866728,190.88737030978533,203.65098788304493,205.1578352344849,193.8057038981823,159.3949453120495,162.5517099866096,157.86686832579218,157.2300810248663,158.2098184888379,148.67651705343758,150.65422255510546,146.52683822442876,138.14274429129247,142.5222852028172,144.22327870328468,140.57224561779915,168.872086328736,172.10060154755791,168.61542057114153,171.66619980676762,174.15692807147693,168.01895943401337,170.8308701868091,181.29315912683128,178.8630451240553,159.15527332134653,159.37360901191286,162.86369907700978,163.71809237888897,173.75961260504903,186.60654845211496,208.64083487178567,258.3039585293107,288.8186987954176,387.6145744966761,413.38111452417087,380.0424577567516,410.2838406456824,501.2276658447087,471.8404295302415,486.0734662789757,507.24633492331856,520.8091346947328,512.3128534530988,502.8548045354735,522.1670815070798,510.9618462925535,483.4575973372446,511.7597125980989,539.6640502403972,550.615870607914,589.6029531911961,540.3718186955289,557.4922780400095,537.9297270571952,537.5416081277317,590.5901992783938,603.5420458426147,498.0534586575957,603.1216798618232,541.6606618100712,523.188015999022,497.8430464727143,533.169359877561,530.2923641485177,528.003136118609,651.8269955885537,635.7159020698216,606.8945002606383,569.1433434707247,505.03370124716986,520.4642092424403,485.02284502327535,526.044874281158,569.2053039196599,625.5397127147365,558.4254449591415,551.3643671910481,440.8548391556309,442.85322242647993,425.5779157834813,437.6824744070132,450.9175039498254,471.8766722874924,442.3525009211948,405.999300203262,395.4717581526192,384.2681203188943,409.65886895025545,418.9510161995212,365.3992105523399,360.8007569810334,357.3534271931778,399.1001363752141,404.2644340148461,370.23424322509607,386.3542818692641,339.5752076293513,411.1633634476624,416.0700196669278,395.4193682366189,384.2474311912644,363.0231951652565,347.3885995382785,344.7111109190938,340.1391794147873,312.67551756855244,297.3350879011889,288.5483282019608,297.2665632399884,282.4606276880731,285.26392178296913,349.9584423948642,287.7982541221665,317.98684194144124,300.3745799105254,304.1172485285509,284.5165128554011,306.02550170751874,286.63484738052694,297.91836809180666,288.01095995040936,299.82395323119715,328.0246010153449,305.8515078205981,284.5657383777461,295.4077972955321,268.9367063468667,285.62060446793936
246.9225633762532,225.0713659600094,196.5853642899586,219.0920141633037,198.90240803397728,191.213143946252,198.6810332417581,189.24353924921672,188.06906030689677,186.72707554970145,209.9413520014654,219.0730807819853,174.7421800888529,179.17686363920075,176.34625393100788,158.55298855212757,176.71711017773487,181.7725773068238,169.83888371059632,175.5480044908317,169.55251435804564,162.9826437681782,169.99485385288668,165.22214602117378,156.2075490725743,163.78706251950908,163.27899613053202,159.0402658850365,154.41031173293112,153.83713800524242,153.3258406874297,151.88467719177282,155.73945119799555,176.72361848699464,180.3085232926908,186.39855095173849,180.99656673267896,172.40711682855652,175.47799725396783,178.0290895665287,177.80162423523484,189.3239467386876,203.1255486442827,231.3398709786657,291.160809198936,300.5514450461667,457.9948360466298,488.2196774911303,422.7406032336087,422.7973417395052,377.0865317136056,371.82608034450527,372.02715178164107,384.9606711541677,370.5681190724058,380.032679620024,361.32925812342967,358.9629674390346,371.018472626246,359.5802250751278,384.9252205137864,384.61046576949553,377.69137665347694,363.5123080374258,364.91076377017777,401.4633619511299,390.8095968598806,364.5272709532186,411.7957719576198,399.4667070704371,335.2487323007813,377.0031240887845,345.2713174430461,346.1574842172218,337.0105190998702,346.22461245172144,334.2448778182448,339.59012872815634,469.4477999297503,371.6355888578379,351.10986352174206,356.0655612196008,321.1464290655288,353.97509855228054,340.53930909777745,355.3053012480562,355.4658940923035,358.97241725817867,347.56900292196434,350.2153501050267,375.297154450593,356.425448615472,357.75595198172056,353.53110400805315,405.2560574176293,384.4874974520719,367.3227042329642,341.188090031502,329.083364184593,316.33969872675124,338.5528065788083,333.4331889348898,318.7677702504125,340.78890614223764,382.9243843188016,390.6557133092098,387.0262580350577,368.61550984260833,392.1950492101087,362.5186859660373,331.7087139913787,348.2190338176096,333.8629972594766,334.7219694472358,339.3516540527755,323.95922161596025,359.1999741851505,321.9262403425758,304.6249074477968,317.380746060144,306.2687875678632,326.3997961751869,311.4813146276113,310.6286915082086,364.2217458861121,307.0830874881327,271.83736545089926,260.07049319118335,271.42544545082364,254.9453521752468,278.61963560251496,270.1694523110795,269.77166913684465,256.6636564725392,247.7821003672303,255.39699373780672,268.4435719307831,254.2173357239214,272.58917099715813,267.83669898980486,271.857529269021
227.80735060868608,196.78702595493075,177.96544917853063,218.418455832633,198.5602323585315,183.08142310644303,164.11465471407513,160.29617617155083,165.51840114558928,189.99713864384609,202.59415384684203,213.12581627598516,164.4493856319124,144.27535700451094,149.81619090842776,130.03555179906087,100.33177078084076,112.49751673939012,98.07297402858276,98.1508684906677,95.70739447895204,93.28153310758,97.44808850409213,96.8021933003989,89.69554503017918,93.51142104401666,91.87059314653646,91.37249364368334,132.007198334481,130.0744597997184,127.24658955861312,129.6265890176006,130.73624512409774,146.4293042424433,149.85003743545178,148.5129341154245,143.06312895729178,94.20948865776654,93.80018848166542,98.15565181215328,94.86174286565064,98.39827201407226,112.23358567606384,140.88916548658213,144.2419290369469,148.93842660283255,184.2140291865161,167.37687467107617,221.62922757685865,246.2317648827176,271.86188719047425,353.89342231660646,363.0880957971058,431.21184499051486,346.4175510510283,354.4807663408179,290.18646329588296,286.7771202503246,286.35920142797096,287.89881582616624,361.8542573210217,330.3348289785878,312.1418581425749,276.67567778672355,285.77724101065326,288.014808073526,273.97956497855245,270.56229208490936,334.09979287874785,300.66305942853626,270.68754692623327,282.1231719967787,263.71036617757005,271.47014478000864,263.9761237872947,285.20774859480787,258.7700084429374,260.5732349352287,275.2245980916141,255.0704593664612,259.5683023345059,270.31759223720746,280.1344711328172,307.0103803567786,273.08535741329695,267.90361013897297,269.7023986299206,271.13600620839884,269.81577664262227,300.58785973864985,208.37772141079685,190.90260743406785,184.2422229377068,187.73060765219185,191.9459131641321,195.16669079933988,187.7836266520254,197.0109239798804,187.2036484959088,183.74448703034537,195.1775187339794,184.88515138667503,188.2094977497739,188.45384675257395,355.8699810315032,355.7045184199466,376.08019691498976,379.7542794627652,397.59125556081847,379.0015003635318,194.66308456469903,222.9393610006154,223.25795219367907,200.35418548923155,201.7881420745452,193.0876859962584,198.93301129284265,189.91837726814535,190.096749693846,218.9335488542496,205.1469574598371,219.35747667029148,214.02406409981612,213.65697496026505,222.6970116092336,210.63401513287607,273.4486832892507,292.09041388383105,322.32067819888334,276.02260036146873,268.1107373923142,271.12139536737527,269.2322360547878,261.0041098525704,250.62582981048143,260.76559876056484,254.2484903331236,251.50032356099507,235.6461926483381,268.7971034830477,271.5073530467632
297.4446634759929,261.1566962514973,260.17270185757206,282.0400992205776,265.85682670098186,248.8035081089288,222.52828332912864,213.1060054229054,204.2178385430377,220.7141145931681,211.92087557432916,216.40844862595335,199.92032690543883,184.15266274692723,184.27332721180963,175.39667644899816,122.64133683916744,114.48538549315477,108.6171014404951,105.50281758845864,105.3366659111954,107.97433425018004,108.9512142050034,107.42182686281316,103.01615092476024,102.05670340613418,104.78432181986642,102.45168636858622,156.5072341828161,156.23491672438425,157.77955569379876,158.01021426718412,161.0796583219516,161.06971861994833,167.14654987884865,164.53893185774658,164.35097465240997,109.68642286476756,106.23306508303278,113.11285248283237,115.30054796899458,118.36641607342348,151.36054050174172,149.7867359736521,152.235390130445,172.33176817601162,218.7779771904121,199.71310055396188,211.3127256836069,213.4918664635536,312.3093246739887,359.5762054644719,338.08321569905337,379.7219326540936,349.8510279086693,329.148494806191,330.7945588793787,321.2049662734502,317.3531248960923,318.170448543235,322.7229940898798,312.54287133301244,307.70551166717775,312.4429096939893,315.5818441933374,314.6147597552461,327.65429249934203,320.1820034319872,352.2421065455284,322.4677594562862,313.45698461353953,303.533670447402,322.45691424032515,373.28135456249686,350.1908734659723,384.439099282559,331.2334472747231,321.26998420071084,293.4655419348059,291.4451521605872,356.91581602624564,326.88486149452245,313.0905044794644,315.2745643713857,309.99673190677134,301.5564963508682,293.24713287904166,284.01649451633773,283.3041867864392,281.4119177533817,192.50662698473283,187.36753344307547,184.27745248746604,197.83032099169503,196.76647969256032,195.4658809216158,192.29407914448828,206.9279116785768,188.31640494853676,190.75841595288176,202.51707090067603,190.965319780109,201.59512017314745,221.8449344738068,252.9830394408152,230.3215487751671,227.9387526742441,265.945751029583,268.92486715608885,277.7350812486512,214.83558807870145,227.72361093925463,216.38204189322377,199.04122224980756,219.51889735728167,243.149292731452,233.9901596330152,243.08181368035585,233.93626177405076,227.6039118618399,225.04637708441592,238.72873667833343,224.91966197421368,237.3770862637673,233.7572700951262,217.5305624662874,337.40457705692216,356.6488373856501,351.3931865967936,333.37774107427214,349.6233520866712,350.5567127590742,372.6933518455516,356.5304703459143,336.07660987106203,335.897475727198,322.49114032572527,340.3597449240338,352.7962866534474,358.88900480720423,355.4727967839469
249.2533492894544,219.03419057668052,228.55692016859712,241.77609663750908,220.5664803706199,199.43465349788517,190.38060951818588,186.02005875588395,181.11675086933624,187.48721900980877,176.49874217973743,180.79962556442524,175.87315201423664,170.5006887127267,177.29085685581,163.65840361375948,140.6441321886014,133.71843786041467,133.48847082222167,127.32494467489748,126.39118141771786,124.78296813103276,126.32620329316788,122.20288219499608,115.57572520619864,118.1531067429871,119.19424668870394,119.10871357392708,139.42258561109236,139.09221381864953,139.57988379443913,135.1119173287935,136.90633659512434,145.72394930554168,148.77628833917134,148.2325778449527,153.93373649002254,130.34963085514906,129.7495903594709,140.95551460750193,144.053677735214,148.2367612915033,173.2232389412035,172.79910959503005,180.3531261507117,206.35225489828989,253.40813826181895,248.09755681550573,267.62733474872647,279.54474523040165,345.83675794988864,358.30055816071393,345.93213215008166,365.27975181787775,347.23962892720255,329.6696925949479,329.761567305338,337.6665278802402,357.3017563225376,376.35979599076927,369.76189242308334,351.54604787599806,370.6138927192988,352.7399737762677,326.36908857145767,337.2481715684588,346.13914133935816,335.2358252703144,354.0126179872851,329.06056629878714,337.5160429694142,338.0435933935892,376.9259221763936,413.68956467005415,392.2431053315069,408.1926225548571,378.56792379396586,360.5498091329059,343.4805876408354,356.043329776957,383.3798853484466,373.00148716522057,370.9840489628552,369.625177108018,365.94710845423526,352.3071299649001,334.5807925621155,325.430225266724,316.8349193238548,319.21142800666627,303.47781818028704,285.8301394222108,279.6432312126139,300.82884369482485,290.2997928518017,287.65267692237296,299.9734834186861,320.65770478563525,298.88394437720785,303.02798927604067,321.0845276960517,293.5695875050238,307.9165130072748,345.0932939044636,425.9540450395349,417.5552357043937,383.2753796089028,383.6973486450148,383.7617811931249,407.0115715292241,295.2139890333823,311.5259154808934,298.1342664982392,282.9116885471911,305.6464989224151,321.7128192614428,303.7893029921931,325.07328089293765,304.4721518118988,298.1706724970271,294.2717025266466,293.38217097445954,280.8840107714202,292.1784381679904,280.61941188695914,299.525359141783,330.23568542434583,316.5675057434537,312.2336071935571,303.1003655436172,321.53884374750305,315.21667265818604,317.7596149663305,312.0568955309316,297.4558436620071,289.24851118970537,282.23419621297865,290.3811841840734,304.44919644025725,317.402211433162,306.41972446124134
204.86250264078717,189.74506842788,186.51834887262245,189.23621721487345,188.8417484637658,175.89105806139523,160.61255438696654,147.20578966504817,151.20696549746373,152.9704455131345,147.01809308818466,151.92299804091442,143.42669144086554,141.8218623776325,144.21542097654773,132.31180818944125,133.66049371296964,130.7529804721142,127.0834702003854,133.1736507729212,133.3933272672078,125.64372099456094,132.2832520198191,128.1934060424362,125.86124315405836,129.41990343227312,129.5385903256035,127.22322767347518,127.4516889627947,124.63007613478378,123.0371839505887,119.4361684764743,123.87949003034976,179.56513801955515,178.71208008354378,177.42234674308548,185.90062484568645,137.20939108714313,139.80659178540927,152.35153306035147,160.77885581604886,155.32839864267325,167.65866350549783,190.63031326037367,198.433800384928,215.79862354705776,263.9274974391167,273.6666415678494,309.2402301747924,346.32592475933825,369.6346831422189,394.2118105305081,419.8970045424548,409.6106625172751,410.3040700366573,401.6904109372422,408.40277597465297,458.701821981917,457.3966553443377,453.5359791427866,492.493957879404,514.384717352472,553.6776583495688,499.51518567717056,466.0110254418055,494.7408517721844,479.7669708506215,493.0837975753086,481.4960577101268,446.4076874996546,453.7462065861186,453.3678334410356,498.5740139412764,498.8489872723236,490.1865503090876,479.88920798874295,473.6543715356154,473.943493379446,477.956988746812,513.2403226196042,464.3768414098942,489.5777262412658,528.6521256065903,494.2514450697236,511.7473846480496,477.1172824531892,483.0147067286472,461.7421139847336,454.7242371158629,440.344872069503,450.2638544039706,439.6632365915373,434.2317981473319,466.2096197363807,425.4157897036086,434.7965936235464,483.87672134452055,496.9990777472841,472.4154099105508,462.41249064907066,503.6146213048072,456.1484439681544,433.01907919285264,526.5076409269992,644.4513564190488,643.551023956212,566.6903427257264,561.6583260405865,573.923478774017,600.63789291924,414.03312290001486,408.33829557609727,388.0959743129245,380.23179443722586,388.21220478856577,361.6837803775366,334.15912538934026,338.91389530541466,339.72288743329017,317.6529990589219,313.6874999805147,293.02984297318665,307.1966697378593,327.34852205060366,321.8679449230678,346.5711337277857,318.8229972164008,298.8580036472227,308.76485658398855,312.1281004881832,337.6481330712369,331.94867110265017,316.47239621855687,309.7359158613125,285.2522602870921,263.0143120746199,247.91673825894463,255.6407536346164,259.06899566802605,279.40977817377217,250.82958643747256
239.2255183889583,214.36134083153684,192.79283172600125,197.0456242483897,188.3500576595846,175.92236084736476,170.43876677144357,153.4184136914844,158.13808169101796,160.1064267398917,154.94926794709417,158.40915387517168,155.2564234315653,152.40840329389704,156.3740330421759,147.4994624919478,162.2447361792631,158.56165370999733,155.6015650633484,157.38716292211436,153.4837035720546,152.1386264963267,147.5068915917018,145.71287191346897,143.9775456596987,144.5977854888848,137.8071025146026,141.58109291898876,121.50070246787224,122.0825626043551,123.22338354300668,114.90791668619984,122.27717354111348,168.63368314762633,163.4779026090135,168.84905301549244,175.70066091703046,144.1094604646257,147.69619698600616,162.3637185067238,168.5997181628009,162.27582506791111,172.62045350502984,200.24537781558124,224.23063040554604,240.05044577568324,298.34391834535296,304.354218497854,350.5205226877255,383.1926945743432,354.9462486954102,359.472128049645,404.2300844786535,400.1687877550693,397.7215456675992,418.31389104625566,427.4216887173715,486.7195876893679,519.2252451412196,477.4311241876413,482.1962316756669,505.3771772756895,524.0920289027194,487.0605071622145,469.7714268547266,456.5878520821749,492.65776505879467,629.5478967672724,591.5808387639031,507.7589195313221,496.72809833065537,475.9080813888757,532.5158022761609,520.6439341874479,519.5427699020105,518.57536484707,514.2140392395465,515.5416605457438,522.9802334227286,564.6054397240833,534.4504054443354,537.3645380210957,619.6990703361602,603.2706360281597,627.2084058238034,569.8867247455121,525.4957904384627,507.1106244239528,503.5905976635891,471.9031757440314,522.4417900032732,507.1514928283177,483.60559315150186,510.98336350221103,494.4954691266759,497.7400924550899,526.6599923142986,552.4232913377214,505.5964162645634,493.02177850788433,550.7029449004926,536.5128189381264,503.4235176327097,680.9807178699447,675.9978260217398,668.5118424564655,593.0851373094046,604.7972342694458,642.9742937659403,608.4697953384004,452.497517311955,464.075748173464,460.068640280424,435.9588827882034,447.4378417322004,403.58868251167297,369.11139606558254,366.3043213557721,370.2407269143048,335.49497855802304,347.2992849010941,311.5908230105657,337.04659520866073,381.0922861940698,369.8209113430555,371.56645702596063,322.5484082089188,313.84322482842606,308.6196283578135,303.91873750693145,313.06477688094765,349.10622519665026,316.84355443758176,307.3311760694589,297.8917999526099,294.24331325308924,270.06140650028584,307.7248438670698,287.8055699677215,314.07588120163126,298.2435874429411
399.3368337280907,392.06284508966417,294.70797878834134,274.27942421223975,244.880605496925,263.26662236220625,280.09292096490174,229.7747299807527,211.7367293200506,207.14599275402776,196.03552232140365,197.39063120375803,218.50841913710548,200.3461628247306,204.43154734717277,199.45131957875947,120.795102192548,121.50696667378128,120.08414251218832,118.05285733331654,107.37895151806556,109.37249040196114,102.2590990296436,100.4539343707885,97.97567577504309,98.87322777720811,94.30333525794002,99.7157844392841,153.3883944153039,154.90519813654686,158.30795345605628,148.46459249767207,163.00696778297296,150.98614549561864,141.65311073707934,151.0718526029782,158.0568026348907,99.54623486889685,107.0048484236202,114.83001276071688,113.95148419470873,117.6383023491017,130.78325300630277,200.25446630688023,206.7046777525756,205.94965505674915,243.8333954828487,246.4829029362482,306.12724060731347,268.91307169406326,424.6250933979277,416.5514513636903,445.0991142873315,412.9276933852595,406.3156288368808,429.3302741035995,446.381939733468,541.0964030033208,561.0713587746707,505.3861633503753,515.6150504838332,518.5867150747531,495.55723946919977,463.364780403982,459.167162284791,448.121168098165,493.9961610041267,588.3198507911651,615.870603613715,515.295747958423,499.3834896747349,499.9452022937552,529.9352075903876,515.5596367572488,527.5937794472028,569.5059849687747,608.049439472938,603.942778730694,720.4235818263699,717.4801700346951,694.4920103840495,581.0167971576908,623.8222185120113,733.2078960037147,666.5705750976119,612.3851721178512,547.9096925035047,489.01090720902965,464.1986344087104,459.55878667512064,287.43720033622253,269.3598345029028,279.8399556610117,299.8890735220453,287.2052288766965,275.2404772307273,269.2644576503852,289.7184218201781,282.3089256478325,270.1314540137729,270.40416411634595,280.6358650122765,274.80186847788883,338.11451016251743,332.978566169266,348.1605359006295,330.24472814117115,360.19517321655167,411.431789403834,331.94881359886205,290.1484757683168,301.86055136070945,330.63321812734944,300.97665867721975,315.0950903558926,280.09455806431146,251.93318294721848,262.1267960241907,268.38797934825027,257.03525020653206,319.5822287831823,259.3446812648549,261.427111374818,274.40983178044394,283.95892925995867,243.17071193523236,384.0502433617389,394.0119578196791,394.3424604624244,410.03984450250096,410.4513451983652,445.2205028346687,455.8982728506536,451.224201781481,442.3463519287002,473.86595930658456,421.8905423037396,509.026900054702,416.1122229727363,427.34170388578457,404.9055117791703
358.4883112196552,353.114735991857,280.32695978176844,268.98479458686177,247.33446754501327,259.31411181843254,274.592544308225,238.1315889787708,226.6653897429504,242.95917778198552,222.80198181580016,219.33526438908797,227.11201026180743,206.72533943331413,241.4256938068576,224.18804410621132,160.08159523610377,171.4130527483536,167.00811771531244,159.89111526732043,146.0138313590914,134.57146654026445,122.3686568690712,120.385365358822,115.85010770895946,114.81516488341468,115.09211537679164,118.9499907279788,153.85686270679142,155.1629966669279,156.67722360140274,152.12939568977126,164.34722964321728,121.25862966555982,121.28329118241814,129.47133985346838,132.7214345445027,122.70662081999473,131.10198588387112,135.6342288758158,137.5388114656545,148.17882252965342,159.30798693493136,221.53603613566068,220.89191543686692,219.05711570818704,250.2636362474475,264.4517496871204,311.791159085795,295.9647790834989,386.8425846371317,394.42654497462655,397.4110276558344,400.3568230112599,394.3110637498498,397.9443515144764,437.4866002406744,474.72305746427713,473.5230034869474,450.6573955486015,469.5422411379916,468.0782351199621,462.0319998828123,433.413892027421,426.9565993058221,416.64310126142254,447.0141697244802,456.76656210944986,548.1590709805351,482.2998992460175,447.2498187786685,470.1726390927431,469.2484568165656,458.28833174974346,457.11723831476695,520.5399423514048,530.2032946541099,538.8064942467142,620.3936198670748,595.948911098046,588.9141581418959,533.6722985422118,519.7966889010607,594.385525177881,532.0630004368763,507.3053144224226,503.9098129255917,457.4693671853775,428.5145795163924,520.98592574815,401.2552846562608,346.60377847439315,363.3770672230924,388.91789050401815,351.4262739972152,344.1420184503439,324.2808791427916,343.1262697274789,331.80430210523133,338.2276548761484,323.8767629784509,335.653778726679,344.53895723925706,347.1707876765485,335.4283785234028,359.80326158934133,379.4373952185648,402.5271937680666,428.60713948840026,381.763137004084,355.099839272506,373.1636670698055,382.5318676556629,384.0767198357099,380.8712961311156,366.5319065392794,333.9366861550996,345.5850210361692,358.6187471071997,354.1914677566967,434.6297029762305,355.02164560972807,330.1741532365242,340.2807408174914,359.39859146411385,339.9649424272836,407.7582472576527,464.4161528941553,450.93984607549,438.4165226006143,430.1553546396556,421.3778383978792,455.3477393025762,435.8619633558176,439.855322827432,458.5546069122939,409.6878427096529,510.87238362818414,442.2754818911765,407.1437943829469,382.0608851890673
198.3445752365344,186.75953517066893,167.74959002551034,167.5442382694762,161.33993575272348,153.69349482712215,163.79882978941964,151.08890766445353,153.34754734814803,169.71285305760597,151.88211943965396,150.76473910500016,143.54851066966955,135.11740810558055,162.25105226168463,152.275415801707,97.38219951573646,107.24858051730394,102.73955701805264,104.37873497408316,99.07482673643,89.68521900802327,81.52508308984923,80.43455061113372,80.10418459380662,78.33526575289383,78.63792668600034,81.22727408674457,114.4514161722262,112.1686624573115,121.2192421988948,117.2687327770377,121.64067384282676,162.16402807382994,169.23352080435993,183.09971447031157,187.2312803764439,87.02531995337665,89.38071271169511,92.02006139082322,90.29010863514183,104.40487501769596,110.77064542664012,123.87257332427522,129.3330420000598,123.38769701176236,131.66481513873157,145.59390977742277,166.97006907112868,196.58026007135356,288.04906960410165,307.4197747234879,314.8870941928444,334.90121637818214,328.92853250298134,337.88354380363,396.07469839064015,389.892193812989,379.39488078873694,370.1148369165828,392.55128889670976,395.34809874153376,408.5072145712179,407.7948829531724,412.3995188691961,385.8958646896336,416.3599094957951,422.0659003284985,468.6561483956162,433.1293901787532,404.0742892442561,421.74806717382097,432.9945428348998,419.8402150347334,393.1352362259918,447.370623568271,422.5282744015838,468.54976950121016,482.3549476074688,439.67256475077113,448.2072347289262,443.33045928954095,436.64245913331314,461.79090175916446,452.1215020671722,417.3998113541206,427.9293669528928,439.56535413210287,403.61565346014254,478.81226594057904,345.6754214239402,316.88581883910445,305.46725449315136,316.9055038642376,293.98972236895526,298.6465298455197,284.9293598598249,298.85524236171017,285.64569123096413,299.85224249025595,276.41923989909884,285.6222558928229,288.28009042273567,269.2930249707939,305.70183745131874,326.02616497908974,338.8162816778332,337.9256721211869,336.7600930773356,349.5351996201006,284.9503608459388,292.6876470131564,253.02262609741064,286.90713309381334,256.7935968796907,293.3241624362314,258.5767941833405,263.8731970960266,272.9644730081585,254.6102026030166,271.53395282915733,230.84383680675467,206.0810287007568,212.18082165702583,236.3154676940896,220.9195147192978,283.3750551360292,320.09260482780303,293.6581183545409,274.8123683598201,260.5892270690015,247.955997405007,257.068940509912,249.36511743394124,268.6322379772332,278.65987604008507,247.60054760619323,320.7066649473121,265.45919570153933,230.9591712102236,227.0585207695028
174.59014611823798,179.56502182673054,168.64764222535314,162.28845670773987,174.45144417924112,153.08786484313205,168.94106839033068,159.1340842650225,169.4155832818468,172.5782806262738,159.33178735267597,160.7236296332476,151.5395873045178,144.6261268562351,147.15193455575377,143.2598737910386,111.26919467066564,127.73189765628526,122.16151645820884,141.21655903301334,139.38954680619935,139.99431293975545,128.90551302070656,128.17134448588996,128.24317450062128,128.9532482922879,124.30994829394704,135.85179130136993,169.98894044744057,149.23008597005335,175.11046432238425,180.4649457126217,180.65438672673287,212.7342045651554,217.03679105018648,234.9042871611328,229.19995223127688,155.56507901343542,154.05144428327944,158.5293771185062,140.67835144038668,174.8687136885881,189.9980829009876,204.39854492044603,205.37811442943035,157.08337494124115,143.8052855893785,161.94826060908937,179.5376242325303,202.8940702967706,246.48908644162623,255.064168603966,276.03659674326906,282.83246466735056,296.37779814139526,299.67409796224064,343.6877114408645,358.7040126218073,337.30346483796825,338.0273871377663,332.09900379619086,333.6072412705056,349.6279827606059,369.9858379893221,405.9908999462465,376.69260286632993,397.667803382673,423.25528895000417,403.32996750067326,393.4780200812122,389.1182384900295,382.7087736544661,397.69529663315257,382.4486307014699,357.8578356893383,429.791616156716,407.5943603044868,440.80341689026767,465.7807133308868,436.90471521933273,480.6509453978204,458.553516064141,456.4385471716281,512.853533802573,497.0108423667065,421.96079885968027,412.9630332983144,433.9982856982298,411.47038554455753,413.4039464672819,332.43365956432456,337.71985082426744,320.29519934137454,329.3831482883284,339.29141595747376,354.521701494495,345.98452861056427,345.06201426696737,323.1108805844562,324.9814938436648,294.0005334652711,312.71134808568866,318.29138733049035,320.44478327702615,304.1275655276695,322.42360665335315,313.8137031155037,311.7439556528888,282.6112901267763,273.442520820401,253.73545641031177,243.5349117188969,216.05784733668,217.047189546538,179.27575368763004,205.06550923255404,189.759204268663,243.835748109369,204.7703165249492,191.6785845498179,163.07125376567436,132.9986765742869,119.1241738872912,109.8408430374403,134.46293993852052,123.201076104553,138.9299481900065,143.14267597939605,135.19298192453184,141.14185117853356,136.0476113787601,130.45284339136998,121.11579407438973,130.12373249276163,138.6914900229803,139.7022239973759,129.0263271884304,150.99188518027785,115.30154380327464,111.42005754285096,139.56835788078646
75.59261836734653,81.55672450469653,73.90442537560077,72.53354550434796,81.68072063005928,68.77181689425421,76.0815921209284,72.28870628363902,76.24643522182677,75.25477499361851,73.8306091502043,74.4314013658964,68.37792506759193,69.76462095231514,73.7056361848505,67.12121575022788,51.49862454225677,55.86566068315125,53.86579128356731,61.41883961785382,61.32290955814763,60.10702564334366,58.59885383109513,56.53675799899703,54.62107345255715,56.664012598804646,55.531017149695735,57.68090354213373,77.49059087945368,69.65385666378452,75.7846323214514,79.04114610253359,78.2359338834958,85.50357005116469,85.84633067614774,88.90234961797441,90.91183416370038,62.86842514129065,62.85606538084903,64.54119939549153,61.89445528294604,70.86824221562361,79.75946515541884,89.17290552650552,89.18661103202376,81.57331080687244,80.37466743487789,87.17651158488128,92.45662311407858,101.9109011592389,131.3551336296804,134.7821719609071,149.21485034780468,155.6390113642642,168.4505993353101,167.95866800608326,179.23328477918955,185.4192863735329,178.40008646326532,176.1794463559794,171.46485559819232,175.66434579521288,174.86427671385567,186.3778148438853,203.6777852646278,179.24461985917932,187.33795741820225,201.3255793357841,194.9080241482219,202.88301663789068,198.92093106346744,187.1468281910796,197.05508607505632,187.68202845973556,175.81754360211488,201.59653107006264,192.98306358087936,196.3561585185357,206.2541694389741,204.24875274958225,218.0090663761812,216.21762091212528,221.5260159989633,225.39982427540585,221.50979811507565,201.3684738637629,192.5621532323002,190.73564768425013,200.7887242105756,187.26232644748373,143.9911202029794,148.54147389258873,142.44868202871723,140.05369562073344,145.7423939349962,151.63186674782705,149.17149225160452,145.9066317019522,142.67420638114854,138.21064790318115,132.36993851663237,138.37111189727477,140.70900578803457,141.05791508494244,150.75032935495713,163.2810465237993,154.36722913034768,158.4108390107213,154.38743895515628,142.1996394906082,110.5633636570284,107.66220711455335,97.36018692729216,91.35973248037288,80.3230415149632,85.40243294906347,82.1327884623411,96.10988350543936,78.8115862883925,83.4046178084426,73.34502448060948,67.7101479725969,62.2761928930826,58.55691163773834,65.61209478896413,66.00722373683973,72.22374113875884,73.31819389995026,70.04857973784151,69.70156939372262,69.84132388849598,66.48897807726944,60.558337916443776,61.83234823892322,71.70823766934295,68.42972032616984,63.15529762909619,66.49291134002033,59.09900751752313,59.76183260936191,70.61664934285456
27.029096742363944,31.41332463639074,27.094429719283983,24.470282804183128,27.87038500527058,23.225696156578252,25.99776013092566,25.54417772129405,24.623455556368032,21.12870445667444,23.07781775097381,25.021508982702617,21.529422581927484,23.46294998750357,27.9394615305909,23.46319903081245,22.04809124324897,20.930937580988235,19.0890957894596,21.42999972236751,22.14574656871568,21.30910983462383,25.669800889375495,24.32081716419056,21.723714837245097,23.881556887707657,25.396920821623745,23.706631916599125,27.686971388787708,28.68169454129488,26.243679057770148,25.97658210864865,27.35685463468509,29.81993775910718,30.80687618072537,28.917220593572157,30.21529208444821,25.33008309065749,25.065943844485247,25.692451775533737,30.585334012138407,31.063080075217123,34.80651861940703,44.34657742562,44.70834688538575,46.354358631586834,50.68493957494528,52.41854354585177,55.17247713227818,63.31121896528849,69.78273573888666,63.97000563715578,73.79248009083081,74.7732641331118,78.97673321595755,81.83062395049434,79.79764566035252,87.78003541479798,85.22398983971598,82.72226440726595,82.36273992331121,83.04931552976521,81.04167252900545,85.74763102125102,92.90608494616046,78.894968186321,80.0280063332857,84.34475006792015,79.59453102321535,79.4445174273182,82.25276811751723,80.47600135774468,92.9095170127822,89.0622295199457,83.71808959567055,86.5025114050111,88.17750222290486,82.17937734732926,81.27176171263652,80.39109763843867,82.60018293729686,80.07552598114853,91.66135240723456,80.70655288680652,80.63799720571889,84.91042812196378,79.54413702400005,72.48172729656217,79.57636563798005,72.37421650525735,71.26710355550043,76.65579875831219,77.00831454342887,68.38096603916414,70.24794112690162,76.87230153748578,72.11192432080038,71.29216182566823,69.49165140819619,64.79014918141235,69.77327222031678,72.39035559441318,70.20234254769092,72.21074667706806,58.22640400749974,67.88815767237824,65.40248250017937,66.39462843128437,67.57533914556707,62.72997227325327,61.95627821400312,62.26320726457113,64.99525040092915,63.56772577204927,58.0648234475373,58.17757878952344,58.06890791724533,55.98827122721429,51.71916373669362,50.76802254956524,49.97416282287628,49.60632994958443,45.3502874315539,46.58077277299697,49.29562020814966,51.67061652687336,45.76906332081359,47.13820009780523,39.852758021423874,38.49050654309437,43.18874480960828,41.70458446671287,35.86559674511804,38.77028595729038,40.786904163995416,38.236096701072434,35.32981162366124,33.41984549790058,30.569501399638938,33.74193402676518,35.72983625173007
82.64702574648166,91.83757026644794,81.4490210152952,76.62819123254835,73.4987560399037,67.90179547593058,74.44008858212811,72.39916314774864,63.79636109588336,59.32337785143528,57.85167543326638,65.01887145423466,53.618468476082704,54.271224068964194,60.12635758664236,54.44030339627999,45.408329302001015,43.251775853371726,41.70391826442319,43.768154151893626,46.646764228646,44.67222964177563,50.64064872053862,46.93485083649877,42.22549791559343,45.2177486943502,47.582792388516,43.28277351228929,55.25441771990404,58.57272523110144,52.40323222429208,51.28290152796431,55.18569130159396,60.20903060888557,62.25170257705457,59.02513040747277,59.27363444402712,46.32249315137447,45.97229891980141,49.26019694106856,55.42334200748911,61.03425133152172,66.54838168963859,77.29271546016373,76.84520988714964,83.81191873419294,87.05698725873324,93.42895436115438,105.71654831288974,115.5475785117403,149.21619739480226,133.35624434798973,145.7761533164968,141.65736003435083,154.32485401805317,148.64076552798582,143.0538815308586,158.305897493331,149.01337693425856,149.46727417797598,164.78051284095562,161.25979948730236,164.3280350556551,154.4368286704179,157.23576002801184,144.7146457783535,148.07321533129988,155.1472390016105,156.8225138584245,147.19424736113965,149.28422475083974,159.54753343364249,168.88400791188013,157.7617074171805,151.48843837453683,152.63103516208014,158.34323132171843,153.91298228108184,148.14274396366707,153.77644229338284,162.1781143556417,148.3111221195868,172.66972291494804,173.04501497244718,166.4642762382585,172.5690353162574,180.90043519420487,181.3337253207424,168.5382951947297,147.84664378602747,122.22321320809353,135.38350911267264,133.66772952190857,120.57709959539775,133.55495116701522,133.0596550792961,125.81867554631488,124.07180063193944,117.01669170361716,104.60408832376602,117.98082647445165,118.23030150257124,115.20590379018722,122.1071663653471,101.5328957280912,117.51748035947008,109.66670281015428,107.49162611766188,115.18822647939578,110.49165342120132,115.43548873147076,114.81768490826704,126.92633371303944,139.77471696556955,127.19918633830645,120.71900276131244,124.4770101601722,119.6989066719653,118.30196134324363,115.88199496969476,118.00768638651098,115.24512183156314,106.95478779494776,111.70038536327164,112.09337073752948,118.10786670287872,133.0163893982314,134.23279736568554,117.86665832364385,113.62957359770851,131.35737299813746,119.4948300201712,109.53293462200143,112.84862210930712,112.0410865486583,114.14369118848578,104.30040871368791,97.25756409653629,88.91436080312667,97.7191249906548,103.19986294574046
302.3766050221972,268.94055935231654,239.19702883501768,270.38328067783533,251.51234773904116,252.19560993847588,248.20796008205224,219.71892644998997,195.20756532674213,192.29578947287732,169.21487586304843,168.96048480174335,148.32761216912473,160.98402060504887,170.37684053183833,153.54838455919833,214.40909198695783,203.65958193145332,198.6186844361529,201.16375396352893,199.20661140114163,195.52859421216223,199.82676447637007,176.6832408345526,175.82232938374204,176.8813743817024,170.63072267628235,174.79994002274526,137.99039853382044,133.16740545186707,125.80183053276576,125.9246273816498,123.2356780863996,191.56520387900989,189.23953807275635,177.13110171551313,189.26987399226445,168.24177056962156,173.3553905646048,184.97159860575,196.28117852447912,241.796214611378,262.62512736667225,281.93555001208944,284.5695224741468,327.70840494160353,330.93216604899374,374.1308125997968,427.9084261495642,468.4874476092959,384.8910401278581,378.7981924527053,421.9289245810572,376.8881448716397,421.852708713362,381.4583753365426,377.3279319739989,401.547821793089,391.8447220440202,399.481538092043,423.47321268800914,420.47485438453447,424.1664045895528,402.695527420578,441.44489751609865,461.71680671840886,445.32039402827104,415.6128332044153,421.6567136999256,418.0020262430543,406.64225258425273,414.5101343952936,424.651817758758,384.90877883429226,405.7594506475201,406.04546079475824,444.63540335285415,442.4706989486982,443.69984460073687,449.42037115586805,434.5545118363551,401.54185706943406,454.6224228333741,512.0822292935097,447.7246990877079,457.2061457612027,434.1376838384845,438.161029209527,437.5872130828908,412.41920418854056,564.7636869992436,588.3350358848918,552.451679436486,600.3913478967481,626.2674558412325,580.252183901727,564.8851297604344,589.6395740533604,560.8675447305261,502.2875623369681,543.8755636736828,528.5776150251921,511.9876027557282,574.8340693840528,436.38377370269694,486.7631978968528,442.6528111115322,441.1466593814728,467.6537238228104,480.0274520291283,613.5407311039052,639.8027948993993,686.5387658382224,648.6944327355039,623.3131247556715,634.678689397983,675.1821607520836,687.685809085459,620.0434856640727,575.6956010060472,672.8850803253579,679.2172897447961,619.0352827479538,624.1579586814603,632.1672822225811,650.1150613756932,455.4136437771813,477.1269771421468,454.09094170178673,432.1384586058407,492.0008532056832,423.93286124926567,414.8604054824857,401.4247060688352,416.16604970113696,426.8543259934432,409.9122517077418,387.5478744966144,365.7961987011271,425.0321157903047,399.117334556983
378.0386008731126,323.6204998451219,287.23256409058376,321.5190101619796,291.7232261337223,296.88673641363164,274.560404458505,244.53490166848167,223.2278692502072,219.897895545872,197.8923617448836,193.66932743570868,177.57697432853186,189.4000430501633,196.10614814698312,176.97485460340968,184.61256096962836,174.57200508190533,168.2033134974836,175.20045554119895,168.92045744871302,166.47937232907296,171.90941151490804,152.54299392302354,154.8419126914647,154.6256878925691,146.733112612281,152.53478778188915,162.66927683225572,153.0674053099146,148.17438535225202,151.52851884287531,143.3479420015603,172.27476293715688,170.6450338117595,163.34541808815302,173.82116734731113,151.2421747752169,157.38016477545955,169.44752182417437,176.3932474191248,213.29984350485745,231.72637627002536,244.96527493154989,249.9527026033412,293.1131481074812,294.8605576350167,345.91423712420635,387.7074400776696,418.9404061939359,465.1998511689664,469.8520401156069,517.7631840525208,457.86172032741,541.1088932217024,512.5505911707348,520.2426631832395,526.0090475791436,533.6022367597307,539.9556965210799,551.8394326873016,546.1830355129412,554.6734231905249,523.5747786249569,562.9835894443751,604.9657997818239,579.9430042272089,542.8579246809026,539.982119800975,532.9474397033479,527.1308082635834,535.9612880832532,546.0796561764151,527.6009779849836,545.2429932981332,532.3489568389239,580.232869678228,578.1811443535953,581.4391043434345,598.2918965706357,566.7445504735765,536.0522085446236,600.5582014810124,692.8986183084838,603.530540368762,622.6144368377271,580.7318605887492,569.917864626945,571.2708709870859,549.6933672378019,559.528916599034,575.4460793737217,537.4531868035463,570.9364042072699,585.7106094138046,543.8096064611865,537.9758385538172,586.6583734007695,562.7280890319225,505.5351124084473,547.7493404619534,517.4471992506325,483.8295650977697,535.417321942895,390.12497338279496,422.6871106353933,399.8546670746404,397.8720980030429,407.2875779499204,411.142076411802,567.2003115739992,584.0686966715525,617.3821564238522,577.0490941859475,571.7365566153294,568.7823569702465,583.5256080629015,637.1121806005699,561.7184619037589,511.1363612002386,576.16312685596,578.45691174366,524.6407515121386,521.427058458257,545.2892170565843,540.1729536412296,526.6334403658066,565.2795503435507,541.2249885435974,509.18465857821184,570.3618696044175,490.1563935327088,476.0393191924221,457.9596567893643,477.01138207476185,479.57096757372585,472.896400986044,449.37266135811615,422.5431833570811,490.60119493018703,444.0493174005746
70.19220860318345,66.17121061871303,55.64221451364869,57.83949844860592,51.34009593468422,53.54044152647233,46.805127280823065,46.03586011981216,41.69078595130176,39.599286688675335,41.165904283950205,39.70715281467388,41.55346214552023,43.93621867180016,40.40652192626412,37.8013120608197,52.73924433358889,48.44866011965832,45.33362690016802,57.11702353790801,47.34725734682149,48.3805963650806,57.38238365191033,49.07818977759384,54.16339206265054,52.53811739444488,47.402934802787534,50.871595045219976,46.139785622485306,38.99887752782429,42.17171511350523,47.445368821284966,39.932212317813885,65.04807453187394,66.80576484241817,61.16408906808738,68.77744048883751,64.76362322996555,61.43327497214103,71.09554350994244,72.35563307928928,73.54957230497395,84.14881378424029,94.80524711624297,91.597121622786,112.48904627414755,114.65647731373647,119.58583243801375,154.0808650582623,161.87312486116423,140.41248600052717,147.37010365540775,160.45027426808025,139.99837612489762,171.84616476970413,170.74010513003546,177.9927582882282,161.59975112895845,167.54049635501988,163.40848376164394,176.66510889288753,180.322509808095,192.38085045786892,183.32750082997376,180.02064912156598,178.9718722409119,180.1627984434971,188.71350086777488,172.09309254770824,170.80485763702663,175.01841190359863,167.82327874711896,166.4555694712505,182.85952037974195,170.6860782388572,167.8154595805945,166.50463281688596,177.34929294759206,177.33888946253458,181.2817479916405,184.9398561860542,162.18893348903484,183.08311344829264,187.57582542071927,175.90523186597113,184.3988982742419,161.54758128661405,161.37411536156458,155.59124964985017,151.68347014431586,211.4075794990036,216.862617693658,198.25554514759776,181.9483401522062,200.0298392758997,194.3900755831796,194.02613688069783,224.4473844523939,214.49223106084943,201.03922355396003,228.8673785704169,234.58166605698224,217.63059911584705,224.7431694798391,109.03799108292318,111.5315959867363,113.74995666842908,113.99660976228222,111.54883075644791,103.7299828859184,197.9117824550096,208.89798652209544,219.0209322409397,206.35455239151895,209.7607835818729,207.7142355413356,204.4204474043834,221.68520491457156,201.6108472021052,185.3734526952992,170.7767567570216,169.1006641957764,161.71494692267134,154.19809678652942,153.46010875757315,151.95265286803738,115.22291729326368,127.48767804955608,118.20649147350892,111.96389922790009,126.6334708276649,101.74823483707166,92.31602634259478,93.31383663820203,93.5927171110381,85.72399212952013,88.2901932534941,81.49663085905907,75.17548516520839,81.3690196382986,68.49165292842477
153.5699323883464,129.05124052379549,139.6367218024332,135.01640853124158,114.14088532852622,123.17366095546376,119.08268435616634,99.58187730659482,106.64166804229616,89.27076038446062,103.57249061833076,115.33121452679131,92.37666861221868,90.62563755876651,106.44864705012829,91.36759406576594,74.95414389590512,93.03927343906356,106.6089678571451,103.72030959687896,92.74208557093108,78.6320085201896,76.18995434122044,88.97113774202197,76.03845888655749,77.65803614599832,78.33526212608916,74.74519196207635,85.21471823593492,98.26142403447489,84.085436142894,84.57120432261019,98.66002216408438,88.42387697811813,79.70473091930687,90.98900404123134,82.27754619981013,80.65315514309118,82.18195069415904,95.71048967462808,106.78946253606932,105.47876318322118,108.03651967655829,109.88843010548312,116.2864676804824,147.53718827156874,151.86541890401404,160.6763716200848,181.51645666360287,197.32954253344343,261.83661398706926,295.87919231270433,353.5250193779814,409.465178649794,420.9535869383415,413.3674032941192,467.3940371322162,462.462131437694,446.7143254719792,467.012321586059,460.635248501644,481.0409350509668,590.2517104742118,576.8278373771844,510.6419130661014,539.3203865423268,573.1778361309277,543.1797984345637,558.961331051558,558.2016212798553,539.242373239799,598.1649194772074,556.4146031042246,562.6360763701466,577.1131332612978,554.9225568309761,532.3593670278981,549.0318323804057,582.9276051846039,545.777823727618,518.1711452181158,462.7074664590045,507.2350622748312,516.1973603387243,539.2499010412978,506.9728626569661,605.2099087805948,581.0232919319515,574.0207493026469,523.8619076220376,441.8933754471996,443.0549653731613,408.8253422251586,481.09092393701343,462.0120179399241,422.61239174669134,439.5757729280266,395.87394659596913,434.8856341257777,459.8518833667804,482.8848769542065,548.8722112225464,551.2870892677331,456.7405249729727,440.27965985026685,434.41614607363687,448.3075862417452,462.0559763413949,467.4455227639942,435.9216305721943,429.9648356192096,407.9120402955472,373.2091446976169,361.781997274818,324.8266943180379,345.0945200060353,288.7808027854296,282.04035709236257,276.35370533826523,257.0717284520881,270.9708252737097,268.0897398023076,255.5849299964731,197.66907841892132,231.16394491254664,295.4202859895555,229.75809342619087,225.6688286769289,211.0044369606345,209.74641770453425,195.87961972034643,195.2100657084057,196.5179076016894,191.8347695265052,172.22430225871585,201.68481080324284,212.4861440104479,196.51740861724497,200.37805253167892,195.15317899081376,182.3685189093514
156.98894418416282,135.30360450792364,143.75636556416313,163.42273869110323,141.47259852550684,131.74906239904016,133.5071048628386,120.98948847787769,115.1273812733498,107.51618745908443,111.75676407656566,119.78336079127396,104.94025561327383,102.34765698984128,113.06621183648458,107.9705743088604,90.98463289608752,99.84361108547698,100.2567803282672,85.13570366482529,85.70913439211948,79.29970459044945,79.0330888240839,93.98136728927264,79.50431622798686,72.40814549399592,74.50936865850113,72.96920874520642,82.96435115672044,85.7815302446341,81.77292097898919,79.57115965521504,85.43206955546829,66.95750761731995,60.811086942305096,65.72681154793335,66.60620462116708,82.16864404799354,74.6602639994721,80.89813691051071,85.1312602999776,87.01964554893664,95.86767783362504,104.50411157348968,116.68135745878972,139.21209872134645,140.7325381527675,148.86305445005345,171.49166002295934,202.4511044908372,252.28239055197776,277.79550501910217,335.52835979023195,369.44430364011146,386.5474579075216,391.63029597804734,417.5755357786201,453.4597674356369,509.3771933772912,485.120785299033,498.4989389036741,439.0833702526772,482.8972507502594,524.991639579128,470.35760241786807,497.5809553973246,492.9530310328461,483.4458158245152,472.7251302907968,471.4668312679743,449.726077772177,508.7478620082393,500.3072674282661,513.7357234947284,524.3141720682908,528.0980376071323,525.0468179101676,527.8656533743845,588.6376999545158,541.0017517378435,575.0783808472453,503.501722773536,537.6700788549148,533.0390624779394,552.0968197297407,518.9176385120686,598.4690967530502,570.3761677281494,564.0739026083571,496.1462502785318,440.1391145767184,433.7809898480928,395.02582258087057,469.45902672219137,448.298669281462,414.45743461032185,412.7762325478001,368.0492956483732,376.638408134504,373.6843960279185,391.0816006273039,439.0685384136143,413.0351198924765,361.793700862456,363.1642158168777,399.30758425191374,393.7149319231923,385.6126376398725,398.8764187439767,333.2051142511594,332.79881873854293,328.58320644249545,307.78722150391343,297.6962698685459,270.2247396285544,285.21765239665785,257.7983841734993,267.54891272711785,281.8185587969044,248.6752680792351,247.0606875573644,230.54983314486813,241.8677041440311,205.78205380265115,215.4838185205629,243.76411683275728,229.3470653821465,240.8782578266657,237.91157368005344,214.00856071803497,210.7008342668153,197.37690862648435,203.5100462273103,193.40363998705925,181.2915579770887,204.7126199160205,212.41708226324843,183.1057729276596,188.62474462162152,187.2743811143304,171.22560975483836
167.54862917189607,147.43968523389995,155.34370221077037,183.2079498320813,159.9623381399285,137.84069529491097,137.81259379164774,132.29561133086392,122.2460572664662,120.96286724809558,118.1623926660031,124.1567221328566,112.20742447242056,108.27133152585354,120.46500821552284,121.6083317080239,103.2085967003976,106.34693623889645,100.71251259275604,78.2963077566692,83.80020040068858,80.26827650356361,81.28040314948679,96.08429095642614,82.12716265153688,71.34775702250634,74.25365948294723,73.47777432362892,82.5724841918748,82.11319828726208,81.76743075716958,79.48437127416462,81.68195094641474,96.16396238736476,89.32250082834221,94.00107130654231,99.29918924958638,84.20493291859165,74.50193085667263,77.58454967462458,76.91923140850315,81.24297118271362,93.11891419715428,105.92500568168342,119.29438856264784,142.2701868316498,143.156626503832,153.16059071987306,177.9546834639814,221.60019128383868,284.9521133819897,292.82493876880847,338.39430776595054,357.8768943550499,360.8571724933177,355.42768713939506,364.45594009068486,423.0889859766594,494.3269261318199,440.6556813381459,464.1925545009119,383.47365031169153,386.34235880377616,430.9275531348654,380.6713240090677,399.9934919968889,377.43028416372624,384.0905588459723,383.4119002732319,375.022696344238,337.1830817646229,396.30446263908,394.6948498636602,400.1481720928928,402.5743050361671,428.4797763932614,435.32383488067904,428.587693729783,488.3696213288028,451.0533907980775,503.31336171526857,441.6186063245794,458.2661766182793,457.3385243693289,462.6242811561336,453.29909724455393,517.2920848604188,497.1895221337576,483.9045172044896,418.9203890601715,375.6237335609437,384.0625977242373,346.38442882904945,400.8100696608623,381.30874542681175,364.7952788336161,352.03596391323345,312.45568885541974,304.8247241539025,296.6179182229606,302.3489751657704,333.6547371584006,299.2798161045828,272.4823125800913,299.42225086552486,362.0550864580573,364.505861199784,341.7495147729703,364.5607296324485,311.55860097045434,308.29885329326527,318.0971667600225,294.5832734788541,287.82885586462817,263.5165503578572,262.669697600117,246.29350732620904,266.5325882286059,279.9267570061333,240.83370842392225,232.6489429352308,212.79258082398803,228.30135510384235,210.2727931747581,229.9375665500379,240.0485519355195,250.2948559940599,265.4417147319325,268.94481256642365,233.35682757058572,235.00447108515357,213.02639544419105,222.5473315935665,207.53002236017105,204.422375769461,220.1884751307593,219.70940408346556,189.65262501800305,196.23529426572608,191.61217689721397,179.30855089672858
223.8694366444222,218.117426505377,215.09931127611176,219.80885480294157,206.2024117215728,180.6647350855233,178.02619609785887,181.12214613339808,190.3457295237528,196.03473698376715,187.39430069713964,187.14619689561695,166.987968168687,175.10290879428194,204.8748907689324,210.80226362257645,190.9505660516574,194.31134898348932,188.4280570677614,156.20392106740786,158.1888501714123,147.8733262482927,148.00779647925123,150.85151777592537,138.95191954384345,133.7094775343239,135.87845725239322,134.53881581683055,138.98964682680742,142.0638566548793,137.79637280106007,144.52482267838988,144.6995909318195,156.74615501876437,158.33386259335825,169.07157485258398,170.76430863755772,164.6823540331366,156.74240741311735,163.55511519449186,165.02973655954514,173.25040565474794,189.2999142352284,212.87741049276275,240.47407964337535,291.1956303819002,314.8050699766363,331.47166510435613,374.36337606522846,446.9826086409063,500.2441645190957,483.2022986028475,523.6108208469889,557.2961068587988,583.1657430308004,574.2416691399426,564.4056016281131,605.1363601880568,584.692848625821,543.4206604953467,577.4675139352881,582.1003164969662,606.010232932981,705.9858308985026,625.6486743900804,623.0874103232085,593.8047364124375,620.1201046514454,667.9547890836811,688.1325178985718,590.2870472985137,714.8874653274971,657.2890251824946,626.1795492443722,586.2632950152806,628.3286756942855,636.5108508518189,626.3048181310811,676.9804723545773,737.0999406496867,741.6612922886447,667.1192182402183,622.9312535305237,613.1140464601172,570.8232662416266,604.2202567050412,671.865763487072,740.9363637052667,679.7735196558865,648.8139699848367,587.6701592745578,613.7019157590486,567.1786755875456,613.3685212175664,562.7951134050761,615.7566221370969,591.3110370576725,558.0916407185108,540.2872971657976,528.892129188835,556.7372139668867,602.3995527627121,493.6113790523949,458.9789563010638,456.23656441859305,529.0297285432752,543.9329761287486,506.804877906712,523.5545317370712,450.7227027440358,525.0745346555734,533.7157541178487,510.0904661329508,504.0022734655906,445.74445244683767,446.2001192423037,409.19145926464535,433.2731197900897,403.54680476125577,356.60150782110287,344.9896923911754,336.1737198037575,326.3310280067638,323.6276946035613,385.0382797330233,344.0981816437728,324.4260208922136,300.6099547812682,294.2779782152998,263.13658648791613,269.6487441595208,246.36393914218093,274.2577488733503,261.98558159882475,273.93248699106715,311.02919767548207,274.74241298415285,250.6431516381697,243.7580264625467,222.05179869874345,234.8749704007124
336.70367265080955,303.86675124343793,275.0175101465074,267.583526919653,239.75574307388283,219.24062892149823,234.40976188149804,243.59533506587908,242.6889604820338,245.82479939241836,240.2859068417082,236.46738156273165,213.2319243464223,221.3638677888993,238.1031511029709,224.55688132599505,297.83302912622787,308.47318292365173,287.0434290754885,259.92845645813924,257.71096270379013,247.1544735560734,254.5155578409798,256.3678111325316,241.59161320449843,251.4900134481172,248.011755692019,241.3726698362758,175.3516590737001,178.04943693850785,171.9497785170634,176.29683494856187,179.15492969225673,252.5923931707661,258.36028629846135,279.61818681452246,267.7215351583356,274.77054241248607,271.03847606774355,287.7440407302729,288.3788738142734,330.41080794539687,331.13946641110044,365.1875836312863,402.1748325604868,448.5869058168653,519.0851164328782,537.0390599012912,592.1171548099209,647.0937067231507,488.2216933773855,471.04751679256657,499.5974570505232,524.1006312101845,559.0945472357818,576.6122133612886,561.0746726844346,587.7259700304076,581.1079628031646,548.0543236292402,574.8007098921751,600.218848800508,624.746870387724,654.7333651888464,596.1232672419295,634.603775349165,618.808412178014,635.9479629985944,723.9304996779808,721.9160746108346,633.6634564165659,716.6015598528389,649.6608671438955,629.2921890677421,602.2630061803197,621.8472570598558,620.3888610348555,621.3401947555609,671.0227560200501,673.7793840602133,643.8528737621124,610.8740711426597,590.221899477914,603.7892400173708,573.5991677032164,617.2132210399361,627.8019534655833,652.0920914771255,611.3906538836449,591.7843929709361,788.9887861111023,812.6506305079441,782.631947391068,801.7890332494478,777.8995695780499,831.3204659799217,834.3573084407352,811.1310429872048,792.2182184981244,761.7973416299002,818.1604916600007,826.2189412822748,729.8331643986909,729.8472302300039,550.2710404074251,609.9218560529223,592.4226085205571,571.553075489747,584.1763504853035,523.3863886392604,776.9907059374065,809.0823181269919,738.6927252023592,717.0791380032456,689.2948157750264,663.6867216826098,669.1239584103121,677.2647255201043,622.1700944530205,598.4911615072834,572.4749679925611,594.9507162093923,562.6136772120691,540.5241495112978,597.3681905439895,523.6726187160143,382.94180509872245,386.9747893921677,370.3474663813981,340.5891536553383,346.4983992492199,336.06371735893737,386.2900433532878,357.2137863205079,341.37072795491605,353.05925199345006,333.324283413004,329.9799030114333,333.9207352688453,343.5889612365117,359.5558518573151
461.6679158072553,400.0020203536299,352.2042925382441,353.47676603421274,310.6610829000679,289.36460223857665,313.09756512482994,323.4011585878098,307.8840690872659,312.58311270498166,312.18256381937937,306.72350264220887,273.49843398084874,277.19369439643447,283.38434549480826,257.21887739408976,257.36696272986205,271.66994450446924,247.1902043157122,236.4905632319112,229.42223003714588,223.29509883746755,232.67315763749312,231.9767617337258,218.07317505617135,228.2289542924221,220.43062513911684,213.2707755645634,217.79102398211725,217.68885179506088,211.9718948772849,213.6398176586849,219.11664740658725,211.1747476762356,215.4235553947724,233.0656367030589,217.7160084066315,231.962433311694,235.07288758164745,255.7076095391212,252.8098978298349,302.9109904224006,294.7767382684874,324.1382450093928,347.7749135716681,366.3347805453167,445.6745203491418,454.57054002148953,506.1245917215148,525.0699892442555,529.0926438860715,536.6090178782019,558.5870461300456,580.8195736778632,614.9123197345948,667.9490988175522,646.7388700994347,677.8669948452887,701.3866582683911,672.1801817601773,696.7254581459421,718.7272064248268,743.482761882726,729.2975079139466,689.122971698388,774.2926364294827,761.8174861664797,759.5576040428267,912.9695584959412,875.9303749859649,784.4345703231736,839.4318700474755,758.4685962715226,753.9457694788389,731.0391996601605,737.930248876924,718.676129619472,729.9688636150021,782.4415371318054,715.6421150338603,679.9746647160758,674.8694951001675,678.3552820206955,721.1379291338741,689.5242443840341,733.4335192520699,703.9122871853363,680.7592858998405,664.8459201181762,652.3427855675263,647.2578521100979,653.3284461244189,652.1611024168011,641.6237171157959,644.6820247880643,665.7653834632962,692.5893450587323,702.2295500801656,685.2968860720594,644.8222815950742,689.2390923655882,651.0872268722777,631.0732727739029,659.4460151793564,731.3324973241973,759.4571637377859,719.3338383243733,714.7810148185782,724.9014126431617,674.7081629458205,638.9349939930393,680.4368794590556,601.8980550024726,597.9700275332015,602.6923859334202,577.0093376413744,614.4140961830622,600.3777628596876,558.7287960834461,569.2651909631421,537.9310851453045,573.2544118761507,543.2042447750778,506.9447603650587,525.4988819397013,470.5374676827722,496.4771389437742,506.4978299875338,481.42752016610086,444.1205926109221,446.231752296873,449.9275330997806,505.8182999032112,469.8230980620062,429.27676192781337,419.47697683592014,420.9274968194361,437.11234086375777,442.8692788759148,486.3887018744679,495.1382377151433
562.2836323127742,482.1465682382945,437.3101638098667,462.6196994825693,437.56977716870057,399.7798454149843,393.3615673361638,393.195913024708,369.19061909191527,389.7145842191104,390.48977844921006,391.830271100414,352.08233725502794,347.94939652526523,349.43949724721006,328.3597799675049,248.93337351790444,254.02616467481727,240.7540817829945,231.8998144152959,220.0657573386681,215.66747132553843,223.81108486138115,217.5977684437757,203.75951969461696,213.33405013406983,205.51923996141304,198.7217824906149,282.7534689030672,277.7833327042302,274.23709644555936,279.5816951297284,277.6679010681702,234.27481889425584,240.4118545043241,249.1368453155306,238.3895685871688,215.37063201497045,211.98817369188407,231.22248595538545,227.28155690692452,260.25262899155825,271.3474920847784,297.97301954871216,306.5929628861947,336.9067681923421,410.3191222037378,407.3981862076429,457.6509960845243,472.9029294524336,639.0751179551804,709.2445194801915,713.8323129147205,746.9657026912771,753.318160843405,798.7379432172145,766.0252241289672,789.3285063382579,832.9407172189293,811.8414975978195,830.3773634151096,822.820844463076,851.8790558507797,827.0828040170236,806.3850833130065,891.256396825148,896.3256278448398,852.282956163444,1027.618027152019,960.5187812899884,907.7018975834692,945.6217473849496,877.7643161285604,873.2715584956841,859.4673167323004,885.9065295119976,831.4604689170226,832.424093985743,864.1259987971572,790.5410616195321,802.4618540241287,793.0857046983703,803.9583183993537,886.8651171732001,842.7817384623756,884.9949429098458,862.7851450198,803.0305217007916,770.6134319033658,762.839349064895,570.21258541444,569.7299538118183,564.8452382431076,572.0118338097063,563.9254288924081,575.694662062389,599.8042811252019,601.8552429374769,570.2851237661997,529.632059634671,551.2622496100311,545.6226030854299,543.6933869579208,594.092268322567,822.4038624151564,842.0801269257599,796.90063994123,785.3894884403111,792.9152830429168,776.7229796023506,535.6726957403857,571.2980448505809,527.2776439108119,517.796667301241,542.9794857515986,533.7967180017926,561.5464683094222,537.1694031537949,507.6469382473044,523.3135746280088,508.6833244967251,531.2083997551103,494.3626284135741,477.0832889048741,493.8024295734398,461.56033707193296,649.6890300949367,661.1167939478303,645.2775732825128,608.5196657686129,625.543114639892,624.4875488159447,645.2084878774934,612.5135272711415,564.509374953706,567.9064862143358,554.9656547945344,583.5389248813808,553.3702640946174,629.7428557888867,634.9373754780103
441.8369064217968,383.1908566625124,372.915809470562,407.6969614242,395.97987448696585,356.52171460482333,328.0307753464887,320.7713510450757,292.263064098616,308.08009492502777,296.6728619039875,300.35163333356314,289.88601296960866,284.00061543538305,278.4002493458806,275.17600474984334,255.4030275023053,243.182241876106,243.6396402555874,234.1727484347227,220.8786350001215,221.85328307581943,225.02510842288737,216.2175921473905,203.6472647296229,209.5440726232553,204.07783869603315,195.4689033892682,234.47170415179127,230.4595766617733,232.5446234120435,235.80944514054636,229.0603085660456,247.80730023738295,257.46213199771137,253.10154661943247,252.0375797790806,219.0919364534122,204.93619679450617,225.1495296829247,226.98958724889505,242.46462153394103,281.5168495021525,291.5077468672753,293.7055640214309,345.3785887889572,431.53924332128486,425.96292286445765,462.916263521427,465.84154687739226,529.7793148419763,600.4807228880622,582.7534584064683,601.1714002928315,601.834426167819,592.3814570796633,587.9164702393668,598.145581822372,634.135526262728,635.4096008723642,612.2247773338723,577.831617959557,609.3754900148796,597.1963610346268,586.3982186523317,620.0849900677646,645.0876583266535,595.2937457042925,673.7507577259829,621.0607131650265,645.8995742785711,663.0589097813494,673.7303080372508,676.7159204989441,659.9148727958227,715.2049413066574,675.6335244753889,617.4202565562607,596.2760976224696,559.6468800397632,628.1629454825736,606.6189469672422,617.1940993545128,680.4095545202538,638.0021081264196,641.7703986145284,653.3262961417673,583.4324231850085,538.5045021354001,522.7361133396555,487.66126628874696,481.3426427969592,460.55229868220334,492.4797051297902,476.2477274193356,477.1792671299553,497.0160860292295,498.0507688259586,460.2501244835986,434.74008638525936,446.9306675693946,458.6779440653693,458.5894149619024,527.2196714519889,543.3000455192054,561.8355327819844,521.5883972877816,497.9669030637489,507.7131135037784,511.5662819866991,439.323565021611,477.6669631388049,477.6098853987476,448.580819701544,515.0202381725825,551.7109597765586,548.419642651101,535.1961766563121,508.299265675963,500.1229185948236,508.9404380770964,516.630110273298,478.8151080635784,507.8512881586319,493.4936774319571,469.2759928194524,538.6817001164136,538.1936158007575,513.8560465259159,514.5998675619145,555.4947722740999,538.3682557259335,540.7169787248754,519.6373850339997,489.3951604046785,495.8433141477757,460.9067810499639,481.4283469416633,468.3895073093545,536.433422414223,528.9189644494479
301.55497058791605,276.0817887354263,277.12009780476274,329.7110667871004,284.045708739163,270.8725427202596,260.7521726849316,253.6193250750356,236.05379804901563,237.5179374021585,222.56282919637115,224.86470926744408,222.3003931088273,211.5617730759876,205.88661945743812,200.4272911501268,127.0800753073589,119.46772556288168,115.440680321589,115.57653753824304,113.54760467380274,118.46128388111585,120.32483178164908,117.2860267994288,112.78958066950526,114.77228111003544,112.66474933015056,107.43762344351866,187.00235812604973,185.54615309450563,191.03346278401168,189.944901799362,193.9014934577872,208.8071386765032,217.5537856741316,207.91882918062583,211.9494500950302,130.1559294479776,122.67414247686612,134.7161741306875,140.56121065523118,143.13628168944575,164.35995348379774,164.28356907345642,176.17833504309925,205.43949723618863,257.7224965210157,266.5681522057969,305.73678375215866,312.22028633420854,512.7019900200173,545.1223922259443,542.5197916047086,561.9101000344708,585.6625019289082,572.8303842255546,607.2575173266199,631.6627452112887,622.2486243224306,645.9460956316852,633.5473057769613,633.463267621609,656.6193732852211,607.7069155110879,601.38177139849,608.1424392996388,600.5478284257164,587.38881461848,646.3036419684274,600.1951153659589,620.4161716997152,619.6530299767218,678.6624622822202,688.702801766671,662.3836980263173,694.5423180057264,713.1960752014952,615.3089900048749,584.4187156826239,571.3989176603669,606.3469464586552,594.5816725692696,632.0984952294538,640.483334486048,603.0112147977056,555.1950577500811,610.5525529298124,547.4437843656696,501.3147621370708,491.4552591601726,298.47986641580985,288.66100281325726,272.4777215940942,290.7513137452933,281.991738016341,280.5639476543654,292.7315310479759,302.49393876203527,289.9456916186924,282.6688385307874,301.949312212644,300.14482124008896,296.41808442245974,330.46034539794744,424.4350005201681,403.1904388154364,386.03146286950704,380.73568997428265,400.1163451473168,398.3379623458842,272.9212925402168,304.5528227873455,318.88131940256767,282.87731771883523,331.51533414037686,364.2708456126914,347.12580720623066,339.26844631568946,323.5077396489081,305.5926117947887,308.2463068769076,301.9945582565099,278.0199865274243,328.401261681551,292.80869926436907,273.29125801271,423.491976794881,401.4109101904833,372.865212871098,376.48741511724586,411.6673214483504,388.3218031077924,414.9641542566533,416.1606142967773,407.9467430284736,379.48839152631166,350.6792611117934,344.5615483127839,386.0636911136729,423.4101483944424,378.95999788721286
221.36195962160735,208.4635425079811,207.24365305141703,213.8541247649582,206.1925480158013,191.1596397155656,177.7117430014584,161.3858991360122,167.02681459880085,174.3297014150019,168.32643761542357,175.50072100114832,174.6702336080785,167.41112575497567,167.70807926288617,155.17539231268762,124.0610299510739,122.49258538061748,116.3582356652882,116.48261546416404,120.03974104090912,114.52103473310436,119.86643289267302,117.40636963288426,112.64336052526008,118.876976742199,114.84605775181842,113.95749137114252,146.59347729823745,145.31253075247588,145.11969572629872,143.5016336817258,153.19724572547196,157.89003167328624,156.74040671931823,160.85785447539843,164.34274100302167,133.42937633016007,133.8403054945552,144.54333836818176,149.63481222636332,149.71521561208485,157.38569986217766,162.19334006514316,178.698092113015,203.82960129527356,249.5901097755767,263.58509247256376,300.7287732211188,364.994644308493,469.3370627128938,531.8301858033299,564.1225668294894,598.1937802647859,614.9669602726801,615.2381962454361,634.9381738772793,639.9807340350028,675.9955262671098,687.0468151786944,723.0604184961776,815.7283928685894,939.5451473396872,852.6439669553556,790.1570099829978,815.2062766242822,793.6873014668422,804.1879705493288,801.8884093677065,760.9724222368043,782.0109722926433,778.9375817869189,896.9307001837143,923.0230101898258,920.4888676507592,884.2391714957785,889.8405200154582,859.9546229651866,840.7776129833153,874.8049694666836,792.5533647904188,842.6252240155883,908.4840392075586,875.1999312033709,916.2134020053662,853.337490345996,873.6744846821061,823.5295682633778,827.3497755298883,802.1682466118905,635.3249288418496,619.7933427551316,595.5961540440763,624.4528142502182,590.0144870165518,602.2581414600219,682.189250522245,740.0943560659935,679.6389975261403,640.7795225309754,682.4263688800544,613.1617260169882,578.273512624322,656.2082381737564,610.8006842574554,600.518926237985,570.4564788802215,573.4310887151695,574.7830556160861,563.454222470162,507.3714138211566,550.4489623674735,499.9091282064681,470.42585390721,490.06548201202855,467.5451469702862,424.7915182629294,431.0716781713098,425.0297945548368,382.3878957547509,349.66841637979,323.13969442170713,312.0201065440521,317.031115040322,302.86159843200375,329.8274852411661,388.7003428810424,364.2890463058645,357.01344174000764,348.9754793144152,378.9940520094357,372.5188565049596,352.0346190010619,360.0571485577959,351.9712734137481,322.5103795219755,289.5676642932816,286.1463753793409,318.8551356205585,302.5258352668736,265.61111652129745
318.02412669174805,301.82468535463846,252.21799642216607,251.4633510766251,260.55077883528924,245.02538726372623,233.20363071444044,205.5300859851756,204.83533898855563,196.50785757185815,189.9446460037817,210.7632412628768,211.28264404235432,193.31160459314364,184.77857408723293,167.26836736016386,215.19436857729255,220.3194454835908,199.59581392702867,203.67263945296324,206.9804345906543,195.698329397504,210.1592495047568,203.87171290084615,195.878799760918,205.24862633689332,195.23957986303716,200.34585309124117,154.07109603165546,151.4572656768769,153.27133937123847,149.5554045604127,162.07187522347047,314.002199127902,321.04950534718137,333.1230825053992,337.9372219910142,223.20636708520536,222.9870791452589,235.1061918695328,248.7203236065514,244.99235491647443,260.4458876277366,275.71928246011487,302.7653636649494,328.7104595339078,406.84814628146086,439.5694662886237,505.9242241432877,588.216188566445,502.4592039450392,543.6562108933397,614.8453951805639,651.6268390785332,660.6206703265069,636.1110632760308,657.4566924995869,647.9954946132142,656.3379178039567,676.3049642401025,698.5746265041906,774.5234213034057,828.4978539705829,802.2034291668804,734.1104676531612,714.7139371444262,746.4035331076536,788.4834211814394,742.4806424556582,731.0772801871547,731.8040158456805,737.7159603058985,818.646578771894,810.9120632853718,769.0871605242547,734.7969201584896,722.5968464693402,708.0504237060597,728.714552718635,744.0242003913227,691.173196775994,699.5843577236009,719.3572385297329,716.206763992715,743.7378132221464,684.6424244402978,804.3280781984705,750.0997377131225,713.59147709955,661.1261909149921,864.6397347840623,819.1716945750801,770.896760237592,855.3957869969393,839.5959894243937,824.9628677280946,905.1011123309884,979.5271136112688,887.7659238382998,844.3340964355808,908.542362170207,844.1393340974344,802.9947851857244,941.796826206786,750.8971549438642,726.2549793085183,664.3014325879928,702.7350672016476,717.7737655482092,649.3857043646901,712.4129459282194,847.6887283071077,800.1774469890788,787.1527573281927,759.7043763421364,690.9435652302149,641.9110158059389,646.3409929267874,645.1513392831691,579.541062912658,581.4617612336889,554.2141162575039,563.2123120396038,577.4544728456324,547.1624066022812,560.8818534610343,399.8822917134965,380.7723115269457,379.6213793709628,382.059491242552,430.8228535325819,418.96782666004646,381.9820722885188,393.6793214077773,370.486998840212,352.7098713572884,315.8925084465358,339.29420479933185,354.1667477634244,341.28131327675766,310.345149338405
405.469336309538,398.3456887588709,309.3011352441889,289.57079112078634,291.12461624010257,286.7250308888616,288.66208266542384,247.55292629451003,234.29167450321967,221.4857419497432,211.76135063668525,232.1022836048089,243.72629625338573,218.28219086822733,208.4980344615552,192.41815218152612,183.52620450404183,190.24009270380463,173.9709083612899,176.44745398416077,171.26764662854652,165.3263382845019,175.3020404757561,169.7724446714484,164.83658651121598,171.18336849424009,162.5136396885005,169.9088211106855,169.70464996617835,168.15253621292254,172.795668436699,165.13290466202898,180.89111530370096,187.1112550901641,190.3227937168248,199.4253960114459,204.19525833521897,180.7934849276544,183.2668996019258,189.81589093727752,199.74660736226625,202.0727457565017,219.9471098638409,266.5064730779441,284.64844724351093,293.5060265823656,356.7006454734894,384.2740478166076,452.36659698307056,484.6334867896823,534.0142255868874,567.3006294697684,643.7281974318267,673.3659871645247,672.6512030661927,645.9651799940431,669.6140783415883,675.5013984221241,676.3315575871002,694.8072350047258,703.4843494043574,759.2132872395515,775.5224281448421,776.9003649134748,718.4277656775766,684.8938332841886,738.0832985588386,785.136223214971,759.7631360161598,742.6686648407497,709.7814938428521,729.62485160261,801.2056412416194,796.9990201460516,745.0288341379768,749.5348571208384,741.264284153204,727.8980410143436,791.4790937156184,774.012029902448,747.8087714656729,710.2101137571772,707.2381460536368,754.115287302714,750.5798394256631,693.9298060725464,813.0769849417459,752.8393510393852,692.4764046794863,647.5150400816913,638.2584827498648,593.5370863359752,558.5458068351548,618.3517416919727,612.5471460736676,603.69665097461,639.0807956815013,694.5577388639608,629.263595009537,605.8171487623484,621.1061147695101,597.0521170696796,577.6237618937827,649.7708589408287,601.1428344279734,585.5917208097046,550.6479552205002,593.7255878465265,627.892879079277,566.3783557031229,564.8858596267061,674.7513713958987,666.9259444438426,626.2755797274629,619.4794599812709,540.7903230418538,500.3195894989655,503.4172961782615,506.6876407658015,464.450700565664,509.8699538581216,469.06469714376914,466.7240874437872,473.46017894104057,464.1111579997669,431.0714103491346,443.1033182402936,441.1736804828242,441.4421585385986,460.8212283660253,510.63887581830505,484.1801488824009,471.4432303749304,478.1149627404514,461.697680851231,464.76143023527726,403.9339743386552,455.5405491060452,424.693010032536,411.1792312211871,383.8111245629548
190.5090573680206,204.77227315707432,188.6878112627436,154.14483124573135,130.38230340565187,127.4880278945598,136.59896230677614,119.76222001881666,112.1429310873786,112.81440127251348,105.23375235641868,105.4691033897398,113.98243948779655,107.8474710271146,108.80625568009992,106.623541082067,82.22052523533158,84.63357286191373,81.48698616494269,85.71405777744289,81.64435849145158,78.98204501006754,78.10402085643804,75.02936646062768,75.66228110558198,78.60588306568262,74.94506616090555,76.85766874259264,90.99823294523604,94.6028897088154,100.9655223084473,90.63881725984535,96.36426122482229,83.38591149046435,83.44005326795926,90.56427286432756,96.03765746743834,77.25651394345688,80.26481061003402,82.42375666004897,84.6560989029559,96.40279585925272,104.56930843284468,136.54074220943411,150.02821024321568,148.09683678456128,172.1295015893219,184.4467570051464,228.00621298848603,249.5825998259257,307.7278083185151,316.82301125965915,328.7229360979126,339.7519374324763,331.6141912388086,325.3262084807542,352.11923910137546,361.0373771082317,359.2902957247666,360.18154307939454,373.06822882498426,374.39959175838777,385.86727685418026,378.82750344724735,368.44260806021646,343.64846213349864,363.163642667344,374.16169123476016,392.5387500200348,377.2525472384276,367.3332648083843,386.8006150908684,414.1267548163447,400.0257295320826,376.01416227337626,427.9753313812169,426.77651541984926,444.4373260963936,481.57924462605126,432.5989113991197,413.1496123393693,423.52694552189047,430.27501728533,462.9832439472951,436.1333056262508,401.9215362023169,391.241977572717,393.99466783226825,349.45284337916524,354.9270708792374,295.5695238319398,299.2443642538172,286.8955374771382,298.5710831305928,282.2348967515591,282.55985253465406,278.6101993503696,291.18621086757133,283.1377703355622,290.40319314703504,271.8167197846234,276.6665006055563,272.8917437119749,265.20466638831743,273.12382915405,294.99631029654546,298.00316026627104,297.46554430309754,308.52254227808913,291.10151739472855,286.4434756440773,291.2221630108757,284.3528533169244,294.3730552579272,306.682916088293,305.9325216406509,272.50664208734526,273.10214644182184,287.6896297343482,263.8949847192726,288.2571082203997,252.1002815812504,228.38996168429276,219.58081393445465,241.48091364521443,202.4608756531352,237.85598531699088,249.06004902892377,242.6808082126548,273.4888182819042,295.2533897059447,252.37896207574343,282.8955318620292,277.583115422449,301.79000478378015,319.7737717696167,254.1094568476167,286.9710144443497,217.40826501469104,201.82750152375857,191.95534800634303
137.89511186500704,124.70914742685667,114.27430356861196,104.19056604980804,93.00248028350109,87.08171592567328,98.90033387650872,88.05350660019256,87.00654693294285,88.92693754675844,78.51069559133406,82.12708985475297,80.94989662488977,79.23646092140689,85.077664510045,89.61330301868539,57.3417097638912,57.07127853010173,53.159877264345326,57.76534502541091,57.38012873562365,55.60180600263019,56.010567273952674,53.71605717893453,56.6030068275426,58.45759932092816,55.76367491297022,57.86849378351658,77.95009892113252,80.41467580901788,91.76196533474548,79.74038793904953,83.14342997259051,74.71825951788357,76.1879383935777,84.63230444511834,96.764922089336,63.92849245751276,65.77881332219707,68.45119018631156,66.76292331464587,79.42023859798357,86.15554172109327,98.1912361345442,112.12026284798525,114.51616116233428,125.41190394258687,138.48486670545648,176.54664397745256,222.80565063162197,330.54046410437235,367.2115271055309,385.6027413422441,405.8043464643627,392.1499926893576,408.102527745321,484.3808913543708,481.0400507652632,469.1738438960236,452.1705963657656,505.304021548605,512.0700205410706,541.8571521681778,554.2975133699249,549.3800488997515,504.8807560207519,542.8320224026913,544.7344996042498,551.1618146560766,524.5756648438957,513.6662218833563,532.4254453076869,557.7630280545056,543.9031483166511,501.1791994725028,547.0021651606103,521.5045198858913,609.2944105937141,618.0374165190347,526.608400605792,515.2691247063952,508.8570834232922,518.8154310425933,542.0202381840248,555.049592609404,512.8437874994811,507.856279121301,549.8337035314354,485.7627685897864,510.7846385402049,398.0461579150452,398.6443794562312,360.4920239042815,357.57052354768206,332.88799247641936,337.18722705765526,333.49111382340766,350.8192126066005,349.05182078374094,376.1995093347539,340.2788118556325,341.45462469701243,330.0021693165024,299.5837389192332,328.4141716522848,343.227739245475,335.9761406626292,322.7989668648728,327.1647930218044,368.71452818591854,345.0522444579656,355.4001896998068,306.0681600917919,346.5942907795035,313.1962058493625,370.7123254266666,316.7850719232417,296.0050414848511,322.594323868878,273.9352677629184,273.72727017708297,240.17136751808013,211.4146636932936,209.93711150254924,248.4623532919209,195.01668126804515,261.7167220861885,253.42655064951143,215.35842669450517,211.4653358206114,198.78634122683687,186.86493793834376,184.8091199964225,193.9228246308428,223.8203196745391,257.85319825253254,213.21975025069952,276.2928674531165,178.35782737764396,154.0004098502855,147.64334600206993
81.08208448851221,73.88156714733134,66.41823089928936,64.61348697682891,63.10724403824309,55.942078311737525,63.846422227983794,57.53946045687597,58.148357376087766,59.70047134056915,53.685624895702176,56.10788614122514,51.832362954137935,53.718109998904026,57.27900916714965,57.09476056844324,44.66014421342131,44.68423794803576,41.5949927294547,47.31894405004262,47.316528205644175,45.21344113601393,44.50723698437864,41.83700250285517,43.83624650567571,44.66783243966656,42.50687323327461,42.76294937522794,51.93701212618931,53.09567993179213,63.220842510401646,56.79276065023005,57.88850156626148,55.02432910224312,54.83823800867515,59.37342347006344,73.15670240252038,51.47665350573023,50.84312979175451,54.27319263094484,52.81136706346581,61.53644513482693,68.10068799597087,76.0260863804254,86.59927563642013,88.91345575846587,93.95444017650436,104.72655779183336,131.83610758458755,173.4145220373139,220.08858157359123,234.2785828355592,248.04274488159373,256.65146641459,255.5050631580455,265.9538283488138,311.8451600165387,304.69990725394223,295.439850854219,283.80492968313666,310.96505124447253,314.8656543431897,330.3891697418456,343.2170839553281,349.2264908438417,315.95348057245315,335.0214682770136,337.05009359964185,334.0831190038127,326.50930381204125,322.1506170694741,329.9127209022123,344.0657995393236,338.3799309337582,304.6443705582176,327.1777956724998,316.76562125664884,365.6406553454955,368.895460536172,323.70599322220835,312.4836102117546,309.7948533078318,322.04651474433365,327.09888851308614,336.06055751104856,313.39940787364253,309.1768421400084,330.9490571440936,302.8034000321668,305.6553239035168,269.4999706075899,273.4906065570697,248.3307731887565,249.8728485074026,238.013037116432,243.761403360278,241.56193282283425,246.5321915000472,245.5107926569677,258.18742732932947,235.42805624646115,240.7701699658754,235.2671142492564,213.74833008394864,158.50268902343788,165.14765208099948,159.95157436922025,158.6446603383792,162.64060329753187,179.32013491865192,243.3041444711146,247.82307010148668,215.9250253979924,234.81307398304696,207.4539967762901,246.9710965410997,216.528486164066,208.11115824608137,215.35087269689015,188.4927802725628,184.9011593409084,165.04314992571994,146.6920932051962,147.45500314773804,174.0973457815372,139.98535438505814,161.18491193639838,150.81937112541334,129.6136571980499,123.974721330201,115.14243772738594,112.1666799204496,103.08243955461532,111.73360660113048,122.15418565000404,138.74408772361457,118.75920669134852,147.54844606049988,104.45534835752888,92.8630263175658,91.35975254312476
32.14729977921206,35.56316598963946,30.049764675871963,29.2296559926513,36.75028916272889,30.47099167219809,35.085835513023866,33.51346596106129,35.633539819309924,35.04802158671742,35.92568464268515,37.7643447573529,30.326650225188853,33.320754395912864,36.61295016691664,32.68651444049592,50.09723074227208,50.90678503071317,49.49280532354232,55.11350213821925,56.82270449221973,54.07074346505161,53.30478983466786,48.34202825198359,47.580937698934704,45.61022242113025,43.9711910124621,41.8312795023555,30.841936767391957,30.266009520399795,35.85502266284773,35.28273809054372,35.08975835224827,49.30339341355523,41.7826942967514,38.45955630776536,56.645480621934105,43.87030601490487,39.7463601821597,42.42827667581928,43.92819394883872,45.15514169933157,51.577497164092414,61.45274085673056,66.27402045981187,70.67737612634446,78.68100011965689,85.37892984785037,95.61787904177814,116.32297105153592,89.52225732613896,93.05835347675767,107.07785580491728,107.40726689747544,115.52118483088292,115.39693597646514,121.0184783815148,124.2699077114882,123.67699184525344,120.88719773008704,131.51552575566814,128.07389399262397,128.53351356204465,132.73063348274513,142.20039881992736,126.54634837063186,131.03923322258285,131.76088336766134,120.8764634560754,118.83312940958707,115.44148627665768,116.31609734577331,123.38189049216986,119.1419570879262,107.91009590508904,111.036150269202,114.87899303510493,121.33220396490604,122.55126208240662,117.52304780289606,115.93227032737587,118.69071993363634,129.9840778588526,121.58449724462706,120.986269153946,120.8449162261497,115.20431641612046,110.11647180760384,115.33812998831787,107.34308494873004,141.13994709326693,145.3207720796202,139.19287842355254,138.66000193574797,132.92515339021585,136.4832359312252,138.48890266471903,137.15435100145228,135.33345430807412,132.94754279743609,130.55715657861998,139.82670835091798,138.45434830131865,133.75201706504674,153.65488011887928,156.46555032544137,149.7455359532608,167.14818055108069,172.5276664278108,165.98348871072065,134.08859320791032,145.32445811454815,139.25230671884984,136.6066042079717,124.75854507239744,132.75929545763665,126.44799347372384,130.57036406790218,119.99505507863226,113.68350129193578,115.15812085784368,106.72045994939369,96.23011722291533,101.69829170889852,113.31907044408126,104.9835346007566,78.98952741792658,76.33055380213709,69.42495353040297,66.29448230632802,67.25092807656776,64.60472312336258,57.515792421330346,60.36161795982349,52.95147656731182,58.53372865595044,52.03435032245158,47.315200572369946,45.165287486207504,44.108674128598686,43.74463192679423
26.75491185302937,33.602004007557554,27.967724061405345,23.52321488791957,29.229030319748453,23.827480166505666,26.40156742798926,26.237834904167503,25.80699071986828,21.26446272965988,23.371780848785377,26.206241217149497,20.130518038166688,22.69607539876605,27.888637947332303,22.469541731545856,20.792280222397057,19.039683093369025,15.621406693790238,17.37832206769675,19.06540375740756,18.87946797974969,23.13415643272288,21.570894987140832,18.469283106015173,19.01192801770428,20.639369725646365,19.82576120273091,25.76019628482169,26.937693822871623,25.408492325994093,24.94668330151027,26.398356902232624,30.548224239044178,30.602037988107732,26.57443984112445,30.97356323170765,22.395674965733186,20.398830318805803,21.431235988288428,26.56544456923967,26.3211495261531,30.11160512335086,39.00788107296992,40.82007492526426,43.66260784421699,48.5020015770619,48.39110699340721,52.15793170028901,62.116114971428416,76.56334962325133,73.28242576663645,89.18433588906406,88.4886479342964,95.95200875976111,98.887631961731,95.76269557046972,107.64152136063775,106.67573578956376,103.43646901181508,105.9095424089702,103.02536245165304,100.20292415377403,105.47037991786394,117.10542387398264,97.88217448381477,97.3114338489928,99.57894439174864,87.7421853009456,83.28322338410315,83.62846183714545,88.40821599059939,104.3311483165286,100.3186247582814,95.16354754246814,96.49800420570664,104.53982490834274,101.0438900642646,96.5020826775048,92.79006589474832,99.52883853797098,95.35025864396448,111.74365995398256,97.37036052940276,96.94145394451124,101.88086850533011,93.90325011978844,84.18063097293388,92.19919369090044,83.23049807827124,74.52519591213634,79.86711650658376,81.11002168574022,75.03858732569869,72.3634350381458,79.46315238594184,75.73887134974028,75.93022660556004,72.66428678282514,68.68643223758141,74.80764826103699,80.28519849943135,77.22125854509875,80.61477729225001,56.73836135904708,66.68115372460167,62.41222517315149,63.06473153186195,65.35196712140063,61.35062892440723,73.05319417604714,77.87166137908234,79.20249323827235,78.01678261821264,68.75941941512609,70.87377959162158,70.4054357206119,70.10504854444268,66.14669476887401,59.90500915359703,55.9401712799051,56.03298052458857,49.56490688342584,51.43071442226926,56.56918203128249,56.76553397105166,58.715631931023424,58.76745456629926,51.567113950955125,48.78951797200897,55.196481374894326,52.08584529830113,44.68894016373724,48.86710964996957,45.36745935192732,44.75215633438104,41.81292100089417,37.63997163125474,34.11052043687589,37.65864164637616,40.06724780050999
33.08760224207423,36.71991802534988,30.97868342419354,28.384937100970795,30.773530915040563,27.67123307028268,28.575978743007443,28.42157698926835,25.861246840076856,23.23840810635444,24.349735026035532,26.91885961268677,22.292082653352075,24.327302443378677,28.17725563058461,23.711214271933414,28.34086568139396,25.94294877243933,21.989048313086,24.864818793042897,25.36014857204177,24.57981587523882,30.560290247917077,28.10240609057146,25.822853696487364,27.669793168169548,28.70081969541286,27.97066822633652,28.21296446039005,28.76193309576516,26.902792239002352,26.57395584718228,27.35868740554084,40.07417323319124,41.56794412151916,37.15180999449365,38.72823607381968,31.684434197225865,30.069313793538388,31.65676310615264,37.57246267682676,38.938345214835145,43.613118857127496,52.761928993822856,53.58536937312204,61.14208442222658,63.36039997597213,63.668851277167,69.89179630894539,80.87067463683744,76.98668667855698,70.40273678273321,79.9971687248826,77.59170599950464,85.37272417090273,87.74844376647411,83.4663546893997,91.26127641270992,89.0559113529072,86.87826474489017,89.14149961376927,90.35308669010604,87.2216530139847,90.60798184946768,99.36005406235417,89.1267537484798,87.27647978271972,88.45190166375824,82.7671886707741,78.239816818822,80.13079662338693,84.8335197288066,97.38351312586288,93.71628213967236,91.27998063751691,90.85314746909089,96.59962193431824,92.50342075920918,89.67987793882263,85.11836480612737,88.76017509761931,81.3838385518773,95.40978996685834,88.88266309291606,85.6932603318727,92.91191604645616,86.97436212146334,80.17300786482495,84.4780451184066,78.90634643624406,91.0261211340665,98.33760052119092,99.89966814429413,89.14066211894387,90.63061671531923,95.98891691426952,91.32527615048988,92.94100078896078,89.79884317686918,83.52788473518606,96.13038020047516,98.05276535428624,92.66244461587404,101.05884129734264,69.25708291250714,82.54011867144796,76.57443876910696,76.38736598192794,80.8073394034288,75.0991250126781,92.198536924598,93.4235328173562,98.69812088280484,98.08041991935892,89.45847337894415,90.13655290929653,90.42625698600732,88.43845398870063,84.86033776719533,78.84651610632787,78.91567646874512,76.28428532225792,69.29400010164413,71.57893002763001,76.32905862736436,77.2224821053831,60.89291646881144,62.48177130055363,55.00906979055316,52.887685971432255,62.7036890868597,56.121519639710016,49.81632148701157,52.17216129424064,51.26068058584208,50.10955634908984,46.26196393553112,41.47496505441499,38.56683247954182,43.156885896732064,44.35489256989316
367.7049527979389,329.7535555995987,287.4945016643845,323.18194468274265,308.53769093089795,304.5624545164792,297.3418618652219,267.6455539380833,240.03805475367696,236.89878107523185,208.9650266581866,205.43157563372645,180.15328101994757,193.08499292259023,204.6668137453852,183.63144123594057,199.0246302788946,189.24283875224717,181.8279519700908,186.90937270972293,182.53693038108565,178.7257622181463,185.16141411695492,162.70220105693144,162.96386866798855,164.6450704075736,157.24887878942968,162.07369783036197,168.21240803406954,161.4009385616489,154.08900702857346,153.69349994614558,149.00118591334288,140.0444406058551,137.03154501122583,128.24159644621437,136.44579689150163,154.27244902472597,158.13147702494885,170.31028906604894,181.0569345062339,217.767174134934,242.99042904652012,261.04086616421887,265.07636775605823,313.690691310971,313.3699051996572,343.84591332736784,394.89564681944825,447.4153797645876,467.9418549575125,465.93551869644864,515.2196835665227,463.2439982962768,515.9147774028302,477.2288522656439,466.469775908552,487.6048154030138,479.8322720829248,489.0744353921541,513.1015539258306,514.7255042764328,517.1783637585469,497.01200046373856,545.2234114207837,567.512565426513,548.9687127517253,515.4457648082764,517.7126082364861,513.2710256758119,500.30771482722616,511.9065286908525,523.5322481203472,479.4552692811121,502.4483635100042,498.1333370702956,543.4471931592899,541.72724957669,551.6054563504097,545.5468340759033,529.6482423529856,491.889087520082,553.695702459456,616.3740967241135,545.03134491036,560.8931530204875,522.7305509842517,521.3828255556288,531.5699367366814,506.7580339553306,527.7948875972177,551.1646105340257,523.3505027554083,556.9089901825678,580.1395102235599,547.8737703613818,529.314699357131,553.1179646696057,535.4847730926341,483.1369313641858,520.6762399327248,512.7299538910858,491.8922853454992,545.22793962777,331.4951115732481,376.6174017443694,346.6089855120002,346.3018306713431,367.5654877750673,369.48699590751664,576.6676823713252,604.5567545779783,644.159341817102,608.6920365514491,599.2897379276811,600.124833558929,635.1726301322041,649.1254221547143,589.5704480958044,548.1605800397537,632.2228019118198,632.7689010169756,584.1327759043314,584.296790889307,599.6050512753634,606.6671606210964,561.4393797522677,586.4084376385118,557.2151760291138,533.7507846103144,603.3561915237825,522.383871553459,507.6266688616817,492.06171079679126,505.613917961649,516.1938657013624,503.1219112445152,471.4207484386945,452.7114026079636,517.8376416706163,489.3787417482649
257.4074341361481,225.72909673823895,200.74980227791733,228.6642674176079,214.2108551597435,219.50773300098777,202.91819933411725,185.5216311629952,171.90284804139833,167.1268677526533,149.4898586498117,145.41332437248715,129.437726585228,139.11801561535796,144.79691833080287,129.00827519409157,149.58489424497543,142.26418389810206,134.6431676830819,140.95033345236507,136.13993781946505,131.38287565559,138.06940090832077,122.24873828000648,123.40087838234678,123.918694909621,117.11617519416068,121.3411406002226,120.83125634108808,114.85349150540227,110.3845142226726,112.28028212449637,107.26466968528123,143.7080977842973,143.64121441173734,137.46614320349897,142.1772460650686,119.1678073878498,124.09730016755724,130.53932806648976,137.4255016360488,166.52869286260758,182.52434955341312,194.12399179263232,198.38449161677028,237.24980684301264,238.9066499967292,263.96673766544933,301.0851758221604,343.4682163574784,342.7197423615334,349.08381036753246,376.3826025890336,333.7142883716218,372.974119617828,355.32802274754744,347.0992191901182,347.47392823058806,350.2830582696261,357.30161488370123,372.96346211283367,378.5705289530043,385.9036151902041,359.3914194702135,389.59120731990606,412.22445997286377,398.95018546586806,377.8202588931448,379.6894725203364,374.2968680631826,364.6860209741871,370.4997756256448,375.3140394512974,357.1235755143199,375.6675923222704,365.02084091614495,394.6111558168087,394.3584468392369,403.4166092872374,397.3778309715056,384.75032459324575,360.3758108792085,403.5874001046625,453.5282387733064,395.7419540361922,408.19640611861297,382.4822294273719,381.81865061227097,387.8083431817324,371.27459113710887,401.8698507613791,416.0062118672638,396.185921718314,419.3636747150593,439.4706939041011,415.1351241991384,400.7319639940482,424.4839152040005,409.8915819337653,371.2130090991725,399.43178992694095,398.7555432693762,367.6248893792174,403.3492604238625,303.1394977700839,325.8613736409,304.64060738411183,311.19051740247033,319.6103914627846,322.108646023138,439.660274558547,457.4100819410663,485.6318591804016,462.9183226076501,460.7216872815312,453.9198172648425,479.4230281939877,495.00836134385935,436.3329237976674,405.3024303856155,460.487405014601,466.57187462969785,432.0825451125067,428.96630927249487,450.2240300738773,442.77707335239415,400.3783264861933,420.7965214123122,402.2547439175935,378.85928665263225,425.4367002943442,367.21110674910335,356.1228470938215,343.60050414157416,355.5106011345525,355.0777562906487,355.8792322571083,335.52363455210565,318.5281729628604,362.80932799150895,332.4269533213517
40.20586058391219,38.35824346894455,34.38680257198557,34.842500231138274,34.86804717496687,37.78525111306125,30.14752027934996,31.96566186709984,34.605455965830096,29.975760654804017,32.62433201398419,34.21278341824343,29.37762311110157,33.91815479229478,35.104118133850605,29.051694679263694,26.6166554357235,25.475519332478008,20.685176056563545,25.2545848058724,25.40900862637147,21.81375404783648,26.13098662674208,24.57144252390798,24.65489834297143,26.405553836393626,24.5610406354166,23.85362359515651,35.599911923361226,33.60093487159874,32.11758058976644,35.726318899596976,33.827354166574246,44.88698144202007,49.895039243136935,51.327435373967326,48.166408277617634,29.213178932858423,31.931764418051145,29.88927932875107,34.26900981774375,39.08220687024623,38.71613765919764,42.436486280385154,42.45539381503798,49.32456530142604,52.87648635581097,56.57229614928247,59.71628167973364,71.38057939565508,103.85231232722606,112.36660900220544,116.61952190140522,103.233556793799,111.43626662908991,124.6612953933654,118.80807686819024,104.95301506685254,109.23220976636202,107.2655307073326,110.36142434215452,117.04730637221589,126.45001514430858,112.50563295580626,112.39195963551693,111.06526677664544,110.0205031192332,112.94012920192507,108.95928099372736,101.42390529576936,99.92164914451938,102.5886555594524,104.16999266298232,116.427049047352,121.59046747458504,113.897433559061,113.5394259614578,110.77519116344529,109.94631808033228,103.54907730154902,104.10901120147756,102.94107759618852,113.3099579262106,117.97869306909244,106.90494958072831,112.29953724957164,112.14122306249082,105.90653437048375,109.0382730643559,101.67959131314974,76.16610030024984,77.81395459304463,76.42029848922411,70.40023907384116,73.93927578841253,77.31809323451415,75.48036183231943,83.61153968532922,81.64381315584077,77.71556746184557,88.02185668373583,92.99197187291836,83.55966714085423,87.03812588618841,73.15064784686572,72.5821739933269,71.70693687913267,70.84532179584494,69.31418884810402,68.16831187557163,82.91457418497687,83.1702755383722,87.6624202145489,85.82173475052043,87.71801738015535,82.44768169561368,82.54546062092201,86.19602483441007,82.30096526949839,76.69944775809421,73.34355049753967,75.67421817453088,69.73196028530329,71.51058384049024,75.09388219590795,71.87535369295387,90.05091883449693,93.84944173984448,91.50779788875025,82.53712829348031,90.48645121551678,79.04310494005098,70.27323980771634,69.2299903820062,68.29838659847861,61.06456315813346,62.61314023958766,62.65507760973588,56.72211388347672,61.83951417574169,55.09069611786848
185.86283379939908,158.9335404379466,154.46722174987528,161.32223860823956,142.45188797563958,142.42642878345515,152.22302647172748,135.9718517268092,139.02382395707934,130.12207133761797,129.58735681107257,138.34118387205993,122.24670513771554,118.12764479168057,131.67767483600022,123.2596868764614,151.95451378737303,162.27032961238834,157.49682756893378,144.84432692605017,147.66626239998823,138.26052636287085,129.35150057698627,153.4386343903182,132.37557065103695,124.99392323223144,129.86002427104208,131.5363656978019,105.55395457202646,114.1213118858422,109.45152067305894,105.15699483358397,107.61865550109124,132.04974543140227,123.25421757430504,134.47763090978768,152.50051536610215,161.2350663148786,159.66125514889484,179.52165705236533,244.22863774412937,213.85134387121337,217.59197896903495,216.16203698891533,205.58856592481467,234.18018952224816,238.57757081095264,267.94189942993626,314.7003403771395,400.8115359456188,283.5293597058695,270.3667549061851,293.0274901701523,304.79010386070377,337.41264407931715,338.785570703371,415.96168137862674,371.3042913391864,335.50455058354873,335.5731224088161,346.2421603482166,333.09790455350714,473.30365674530645,418.8567179840822,396.2948911979254,395.3990685549061,491.5967524518106,386.1804655668227,382.0875765807198,368.3733769545496,362.39509209923415,378.9966404891034,366.7927812327778,364.3688109274619,368.8465997339466,370.6649247846245,378.6022517842168,369.18845940812247,378.3937651226492,443.5167826472954,428.8833246767031,349.99392692379314,348.0188004413524,363.3775394844912,348.0224299591789,346.6166011864594,450.5356597209976,394.7897248191906,398.34482235160607,372.8107623668206,474.41418177938687,519.5065675345554,433.98639730450367,494.4683504150106,450.4577094512906,401.8175511634235,416.0718860038151,399.2295451226176,413.5800035633545,431.3773433304687,432.0639096945183,493.03044754690205,481.2378551538798,440.29816603976576,407.2090551905827,409.91088288045535,403.95911017356894,396.1161669723032,405.5885359172133,391.4256198503245,415.0792859128164,424.11988238508826,387.78734175168086,386.2526497740588,366.142117743623,387.9023789530053,357.25435149967296,383.6809401053116,359.3047114910133,354.4694434530253,364.7209028258931,335.12175376771035,360.02143166816955,303.91205543413764,340.79370050048027,401.1864310063644,277.6818067447752,289.6520834816505,280.5700453426388,262.0757651773108,268.1733559113775,271.77447492477324,277.0657866982981,273.3997363316705,263.61221859443094,280.7755591760432,268.56693968195765,259.28705858072453,235.1832751242397,234.4395573153362,237.84664949466307
202.56574205178748,171.4128728531054,170.23131209572114,189.4463322097194,165.39435041148607,145.24919846259152,152.16898626361314,143.06231110933516,137.29492718460017,134.84813316100428,131.7439949579699,137.82466567915853,126.48052847654012,120.00511076318604,136.6667645039648,135.59211954184684,114.2487313287863,117.15352034807024,108.8119195631769,87.1169689676638,91.26004166098583,88.49121035235805,85.82109207441535,105.2137611550969,90.5298975896199,81.72457622671644,85.20586763267696,87.22290100137079,102.38624674451584,105.08751791189135,105.30599787587506,100.514463349264,100.7776222237014,111.90152406184848,104.16548767589951,110.7306584264944,129.42763721544327,107.83907045408192,102.17056938416492,110.5539412015476,142.58947811304807,129.7103926472253,136.819473518666,141.2508478854503,137.83999676745304,158.8581940740675,156.73340713116775,176.59285939769185,210.31222200378835,276.0530200770522,307.8105196168216,286.8997231642208,305.0790763108155,301.62045708056155,323.84300390643654,329.1714990265623,389.4329033766107,389.7430295486176,403.1397836210773,368.1575344809845,381.119447493831,309.5637336665727,384.1529967526456,366.9977195170136,346.9092282821458,352.4299238410879,417.3513480617073,352.4793858528343,333.0584614512374,308.1781435823552,292.21141792110654,315.0343865356249,321.06911998984214,316.6776392345386,317.8831098018627,331.7078715975797,345.5807505887997,329.8659610783945,354.5436695734613,389.040020447444,410.7733685755563,340.1477123242424,344.08536598228574,349.42245589007973,338.3619620382707,337.17006719385245,421.6341397823131,367.5050365099818,380.6941784407871,340.4744660489576,313.8686999515854,347.19521311457754,289.3705809911351,330.25044346650765,300.05783388260954,267.3975788308058,265.9494367342072,249.3898087301882,247.0877550045824,249.60862948389413,246.00272288134343,287.39171981310227,272.39673730349443,248.72731953359892,309.69421141456337,343.5352091374372,343.93977914688304,329.1112436527905,349.1417116551108,321.7343329172572,253.98559793048756,267.2639339814565,254.59822635462825,248.9553093199167,235.6832131219356,245.2525363992456,240.1865786218346,263.7901238688602,263.069829124656,248.88743079143435,244.60941684919365,215.80823481878105,237.58387317160484,212.91282188158067,231.1925817317496,264.8200643629906,286.98361501955867,301.2339905059824,300.9006930584544,272.20989898466945,274.1059036735687,265.72712057352845,271.3127696661492,259.55973823149486,250.18615468078295,267.4494470022452,264.9362851179982,246.11641859465672,233.5881778812629,230.6887867222482,229.14633227616497
226.0193877834891,238.3348709401897,278.30798834305693,338.5501148603501,305.08682967595854,178.91742350535077,147.9606289143825,128.2074763669158,111.89766922827675,111.84854503165944,105.66551716855956,107.3220636957083,100.40989326478774,95.54132747225776,172.8930969924555,230.615032704642,295.1356011325056,319.7722001516348,303.2057755309362,154.25000650505473,124.14949902710572,104.23146569128448,97.46419608817467,111.9639727327196,96.55099248140682,87.32194406260304,88.14465263230129,87.77446932209162,75.40881421840747,74.24512310143976,74.41735708012513,73.77346008455044,73.15603752169936,101.21488399509042,98.13174166779926,101.25774227963116,107.99060276635,113.30461759317656,98.44393793796915,98.69894642802086,100.40655190315157,97.6167617968802,109.3550331602826,121.64639313705896,127.99246052406431,150.7899996520319,157.16031481870314,172.89590603955375,197.92024526973717,242.8901348985472,233.76015563179365,224.52635844219773,257.0049298903057,271.1287143918889,285.44346488194674,304.8564184186859,317.8565700517745,356.10256625418504,389.8253866311744,345.39320509082484,368.8129730270247,293.9970867486546,288.7012351398291,299.89915233478166,279.0305960802126,291.959544816769,290.31735772410616,289.4215664723995,289.328509062542,276.9574836575208,252.46282152567952,277.49966995481805,290.5651941964357,292.83936808301,295.23674598459064,305.15313900964816,316.7953219416077,311.78183737462206,357.4427061972181,326.9129666847439,349.12130474894224,308.064443979973,320.1029955983917,323.9031619403642,355.3231289560424,350.2542654725121,379.3848968727325,348.2578601790687,367.1403254272543,313.23363230232513,389.6380428786259,420.3226138659055,363.5475870198428,412.8853426119446,391.6643279634404,370.423685838739,370.3806514014004,354.0926919266972,326.7382600628731,319.19532333392686,318.09240833757264,402.864090940936,344.5115380694128,301.5442363675559,332.45612614115646,378.37933439738646,378.6685323371592,365.4522011557782,399.276471550487,352.1582539307922,317.38439629221364,333.8346006859581,325.31781714806584,311.5698605201741,290.3564370061528,292.5918164167072,292.14396601615897,307.3681802124084,311.1445544459776,277.69534511585454,275.08526238062353,248.3164923097136,251.8218669354248,238.46661446173,247.3179796642256,268.6774113201095,211.36520501428703,220.1284072383285,223.7679952277997,198.4252783445714,200.03289506898045,188.51346058265636,241.7052234348375,208.38148322368176,179.3779638242427,177.1719941619082,178.13496750330788,159.20920044211064,162.80265829760037,158.87205601849007,151.7327254986736
286.96265850617743,336.2282666393372,407.3343993492284,497.0663054559842,465.6070978835019,224.508041290072,163.54622082102065,134.3740543918201,117.06424267627456,119.37732642480864,107.44743805910424,102.42370145495558,98.58935692606916,98.56430160014597,221.19296757278275,334.85218291152785,439.2513498003664,492.5010349167186,478.53462883893735,212.0611180937188,140.4055849228399,107.57530157896596,95.2829823465247,97.24228460696834,90.09938995443729,88.90412420592095,86.291999026388,85.56789552952428,78.74139331301757,76.75997402578666,77.15526684185224,80.90024629686673,76.91908098697465,107.88024284692318,111.53825109234384,114.44981458592912,117.76933657435524,122.36733172694424,108.81286027969712,108.60454779856072,109.18670511157686,102.8511275996002,110.84171906634218,120.95523449687268,123.35261963161048,140.3097331668524,155.70674224156042,168.80128244352278,188.86938047118244,218.39597674070504,222.06702672849732,208.8653714202673,235.9374947503374,252.4868690047533,279.0961970115442,312.1819357592557,320.21160945300545,343.2926955936565,320.82355635099395,308.32101918557584,327.4467588972544,284.870566572659,272.15115510649093,284.9635835286806,271.5485951965866,281.20954870286744,285.350571570029,296.89109759427726,306.1416604988518,303.0229449488194,271.741650726684,286.3110741939286,295.9981665666349,289.4795878868645,284.954551399042,277.8530678018411,290.7064859313592,291.88029932309576,333.87018829941195,326.86493348980696,306.58481858083104,275.0883072715536,267.42476093646945,276.31960781759136,325.5558501828324,332.3714475283726,323.7157795636371,321.35465167521056,351.033168494947,313.87619769517494,360.2974779457099,398.8899075612644,349.9706347920409,369.1673473982648,353.25497131835454,352.0000354994366,360.9361924622732,376.682496220879,323.7742119521559,329.6742875330519,342.46950207611656,451.71584955679344,357.2637491321888,306.7000498524281,389.29207790588,401.6793480162183,388.52128046452265,391.5044612995008,416.0169338466532,379.4460642905692,279.0290417361988,287.9745521805587,281.2524386068589,274.849685136321,266.7746717982935,267.4144831961803,291.0791107408026,293.1729649121806,269.2523794992294,249.62472461649205,252.20633894055672,239.0177372037668,216.90430015168263,216.47096717458072,221.21464141924025,227.33104194080215,191.73401225585863,195.79408104716688,195.84729711456504,179.00519620118675,184.02527701857213,179.6080804741645,276.5459360175042,229.4338721551222,178.0156553894986,174.92694652443723,163.22134501642972,149.94981390242413,146.27492141391733,141.32251668518282,145.28032596897768
469.83850213911467,403.2715419183784,371.24797881351344,371.9959622862152,324.2693009799763,269.9562522211532,279.56076918139394,274.54164136673074,262.5771021634605,263.55631909620536,252.3871766020096,246.65001296262815,236.15676228432608,247.23231423271787,297.64625396709926,291.82611185507136,225.65869569424888,229.14183605000983,208.1610976805717,162.51256963405376,150.73574834258497,143.69469833902173,146.37405427849242,149.25382441534194,144.7005731903139,148.3808291277444,143.0444806708476,141.3463281801019,177.41121251559514,174.46575909110348,173.06996833072466,176.3556193034804,174.7811717921561,168.04422187004585,170.04259427238125,180.93453606882247,175.43398580057826,158.61013991114532,151.5870929465556,168.56250342699775,166.1044721185745,187.25760976560767,186.18221535562768,203.0963036632737,221.34464793642263,236.8549180751297,270.7244878984426,284.53981659472714,325.4043639839802,358.5580385620862,468.0147022019473,434.2899672166701,466.0156781936991,493.4515678466176,547.776436634428,565.0313829543608,540.5960957348843,565.2485055032878,569.2019004986878,541.2090304782731,558.4086250037193,552.5107747404883,570.1254966746998,578.6517752881725,544.339127898032,591.0171502611262,589.3433558691376,603.1491196097103,675.8453291132132,663.3768528403183,617.5592893634376,636.9890964223009,603.6431429985116,587.7351620117477,573.537340752396,567.6000084555524,586.2856655461098,594.9667147059653,630.5880862923353,599.5075966072552,565.1615154441323,562.0130027279821,562.0472150654948,592.2411827157104,597.6193133368267,603.851654567524,570.1526592529005,562.2945281097763,561.3802675399792,531.4840879829559,423.6136553504684,433.42072475367416,414.9345126240672,420.3562622593076,425.5102960402156,439.8962132144629,451.20079036300166,457.2691857103953,433.0648920287309,430.5419958440531,456.7751406433569,475.1888765102781,428.954899435187,446.2780949020181,521.3396097425046,569.1817443509011,518.7867850243379,521.0245050685191,537.9199084776862,491.8133012651169,410.1598221151382,432.712333625298,391.1995608358607,394.16009583726463,382.003573652009,370.1407208273188,404.96231019734654,420.8023781850735,381.50168619768215,378.0192616833169,368.56792331127735,389.1054696360844,386.0014832190731,387.8511280223776,409.9762658648637,361.83235582564765,450.24431194500414,466.97338277750185,449.1679388745914,430.7706003418648,454.5011229911866,443.2296624886353,523.6673543764882,465.8581340740925,411.5826640389814,407.84581260659087,398.8834648394184,399.3417674218223,409.62753469899167,435.6673446532413,465.8096395706031
395.0948704400235,330.7772068093487,292.5697339526306,286.7360929160034,252.40436177149056,234.9704105846341,257.73204041129594,264.8057223471713,249.71412839471836,252.49752972636256,246.40502392721623,241.2225917041084,227.76133968568516,231.35215160879147,238.01518838776292,217.50579724320892,213.8756384587193,220.81757327068505,202.74017450751705,190.2062831170936,184.74568952486783,180.7731405989272,187.21226966614591,187.11780801354956,178.76312111153123,185.84996177490723,177.37025939124752,174.02259294859525,174.37270033013888,173.02468958427446,170.09711659740466,172.12336988045593,172.8294222409853,208.16860291269435,211.3203277352228,226.3360874329677,214.33689662250376,188.21716472745047,187.80869411523352,210.17752069048805,206.43310359676047,244.6817835683994,236.45974772111117,255.7263266662534,273.3140917786528,291.14853487570844,339.38979764448874,354.03970548543947,406.60287818063256,426.7993274000739,434.0304837633453,424.08670919546216,446.19856660277225,455.4797537019463,500.8147786668415,530.9665555220366,521.6604869123502,551.8277154309443,573.1110962820385,535.7901816973123,544.9395601296529,557.3542564937777,583.87607303482,577.4232101603101,546.5920830471429,609.8429048597071,605.5662042932366,608.269115375391,717.9129504938943,694.9406739920832,640.4578074204865,655.2616263765316,608.1186118818521,600.0904130503543,581.7552381264982,577.4169606079694,577.5351409459438,586.2260819221611,607.110607036155,569.6152773729518,549.501516413029,546.2099647870276,550.1963808751466,579.0725027627203,557.0585658022575,579.1031618377399,552.0025128963626,529.7710574954586,529.9742388970261,509.82936092658815,511.7748976659163,523.4668664773221,516.179433153297,511.1893596037356,515.027564959392,534.8803589414823,554.1506464635127,563.5719261487653,546.3473181804853,529.5111417270011,561.1614559735002,547.4937990269399,535.1506778921057,560.8789162438326,612.7298748931972,651.6639852002282,590.4793132098891,598.6730351810661,606.4960100417937,560.0970245295628,503.9653918073936,539.0167879314529,480.99947843986735,485.5228860085895,488.05776003952536,470.7902905448425,512.5083459086777,515.9812349094009,470.18620270118834,476.07683989410026,442.4786298778638,473.49168261800577,454.1715602148544,433.283597514708,445.2106482289301,401.1067597471881,424.1854715992055,430.5795104646806,404.1847910603705,383.75450620044296,386.8363426858238,382.734776551723,437.3531704950623,401.4980918786681,354.6130911637583,348.7562012358273,347.2039520149699,361.9119576490558,376.5375408559952,415.8053314586226,422.0954579250355
697.5540097934266,573.1193660257322,514.0079730850366,518.3625064950159,502.6931571675469,466.4821004408046,460.1191713706106,445.31208379641447,415.5402860556208,429.28070613622833,418.7530914484484,425.46226651208445,402.2158165958839,403.2978812286789,414.05480720506193,403.5321061224123,278.3760415823252,273.0725728153432,263.5436356404685,251.2789658989945,238.47450395221605,234.9915835299632,243.69810438138467,237.4718933900486,222.87818608735293,234.1019011986091,224.0711514448508,220.44311412553716,335.85710177559514,332.1837413463562,329.9943272266761,344.52850138731355,329.42053779156413,287.8412249183313,295.43251252551227,300.4980016783593,294.63165172321675,243.40895912038667,236.01790311469625,257.2142628512155,258.9135822550929,283.4849905061177,293.8240990231004,312.4256237807898,326.1396681292601,367.1169036557229,426.1353576913083,445.23337861405713,482.008203400895,506.79319594109467,761.2719106234515,800.4064571129487,809.4628322673008,794.7762012838746,833.5796861507301,857.6544888461744,875.3099293078451,925.3252858401992,1000.3093416027313,938.2474272885124,905.7780342021427,873.7717171779965,917.6322466899088,895.4100907655201,884.6790360488008,964.360730458923,976.9182251985796,915.6623243556684,1084.929784995899,1023.681012532599,1010.4213393793748,1024.187266017659,961.900630565162,947.6134444408796,949.5291137237627,969.4361579338888,934.7307862088544,950.1240790994718,982.3089893109128,918.9746492800476,973.1783501985822,940.5963262096678,930.4361651761812,1040.69331989283,974.9673919702648,996.499103762336,1010.0907948848866,913.5169365407564,889.1829491715778,846.6486119851695,581.3109371076685,595.1609376961579,585.7281203103837,599.7819407825737,591.0980212132667,614.7704652264873,616.7436618457846,609.5897048577915,582.7238031691163,565.8386065400815,577.1815683576966,578.2893310964107,599.467223857397,649.9586891211579,802.2509166090166,897.6681207061928,804.2961634142855,785.8980579229651,782.2356429562667,761.1845891642155,566.0977006843638,588.4168457456404,560.6994715531481,571.4524706291709,602.189186979153,600.0650954952689,628.6381411215564,616.4647663555892,566.5482397232306,581.063706660956,567.9298518602142,590.1462054058202,577.4331238062309,580.427282770325,634.854075503926,616.0302450337848,895.1093610700536,853.7024744875713,819.6764103199416,806.9136343097623,826.3305467978365,811.6772967803128,848.6110477864739,869.2624258829821,748.2040023125649,759.5513948176417,708.5949837532728,716.0925414173527,724.6296618144119,809.3720421927328,790.8428221579494
774.5678424512007,660.6636366729255,629.5790113124117,684.3145335320264,686.0592724525399,623.2766948351556,583.2350507866727,565.3310774638725,510.90356689831066,527.1509101647595,508.65971951585936,525.6731697701478,514.4514986068928,507.2098901718061,504.37877841069457,508.53771774344943,412.83976629429,398.5962574764292,396.39735751408136,380.59981613766826,354.852903848948,352.71465399573253,357.61151564124486,344.44019252498987,320.03137552527846,330.79285677915215,316.3611779912479,302.24897735044584,413.2100810456474,409.72923356533465,408.0379739044437,423.0630488954952,400.9028257590841,380.1367266158202,393.0365471960626,388.11737075821134,384.9374449178597,345.10553224651585,317.72362968269874,347.02729452864406,358.02239885703534,376.8968202033721,408.6618503796091,429.5774370228009,445.20410930992585,521.2690492830327,631.2810568526227,664.774391679502,715.9144562911974,729.296862953148,952.0055330113472,1043.89009606656,1040.8492628828335,1009.5194769267852,1058.407315180709,1046.3910295341698,1062.0527887904834,1078.0500967833782,1173.3956030482032,1160.3816181177692,1090.095053992079,1038.4443762900598,1125.1875539164012,1080.8311069360034,1074.302181651649,1130.2449680512404,1168.2585444557694,1077.8981124462657,1215.450648764486,1143.7582211497272,1207.8802987070194,1233.6448774253158,1211.1036842311596,1133.811675251158,1155.8885200060497,1214.3637876139207,1198.7123870132125,1107.709916285917,1114.291797774708,1045.0367929764848,1141.779433279535,1104.529554416235,1134.7720944675696,1307.9844795488607,1184.2973568909392,1187.1732026882587,1265.60327561631,1079.652255778258,989.1502908880386,935.531428280317,765.9595355869982,772.016630156815,737.961203933111,778.6413653647281,750.2809726212012,761.7503053312199,781.0969297337111,768.7567172836305,735.3928445295185,684.876044010604,688.6391801924683,726.0039651045695,712.5221537938755,824.567287975773,651.6907797067375,721.4152400498642,657.9632153051497,618.1144091076038,620.0200845842487,632.7955238787335,704.9051193149526,765.4889259356817,786.489627949266,752.312111005663,850.3327190319859,876.7751263002319,890.8508970767351,853.5957925373123,798.4563386655022,796.9382042663399,808.1512622750331,816.5951480203556,769.6782535676987,822.0850925043092,874.028408224039,834.2823029939905,1030.1718283972002,1012.31336962826,964.7561470730808,978.431671183463,1048.672403190056,1015.0382342625022,1023.0573547912196,1055.8276140382222,955.5759543882954,948.392009570434,849.7329214267035,857.9622254744356,809.6970917108248,960.8314135544016,931.9892839882416
316.30164137663985,291.9803869780444,287.03111429279363,380.8167428968102,311.30028817566296,310.16606467461133,313.13600611985123,307.73032727320555,273.9521630905772,263.7873770804344,246.63735372228405,250.36167479167625,250.1962045900751,235.81305419712143,229.40658415133865,229.574894774092,222.15679015777755,212.37653110472672,198.8892392888493,205.33750646398744,196.83531386232087,211.73255063019084,213.71197838429703,207.07758664556556,199.48339900377115,201.44609078089877,193.394431672798,183.1946587148105,210.82816873498163,209.06937999612052,214.8766813318192,218.7785807399108,222.33322616450715,204.1588920538425,217.31418538588812,205.26034371517588,209.06996082427025,239.34079542135328,216.7269643962467,236.5835913197727,251.4267004217856,254.6686284432928,273.1189539377576,273.6175712078969,311.6316041315094,360.3450356255258,436.4081413329775,487.5354680834735,583.7355335096788,579.07587023991,617.4058558939693,634.5374650517263,655.6073928614306,634.6004290163578,708.1162894037528,711.9310927463174,777.5257023010624,824.4715490129639,826.7988254036142,861.9256154795304,817.3618611150695,830.7666044195115,842.463104063728,757.6093620440956,778.5269874743373,767.9980008300738,744.6540908680307,742.9647279274178,839.0144874186536,793.1002348888754,812.8155720169309,799.8957099700917,865.9606748038359,825.9942473973317,814.7496907093957,826.8049049768423,912.7732455249104,746.1781381240363,723.1244239139095,679.6166815394334,707.8376570844046,691.4353300531143,766.0563873438133,810.8864750147366,724.8543021208851,662.5631492858341,793.5488191699471,666.2346622037898,582.1403478706359,558.7863606694907,500.17543365700806,487.9628980364691,443.7162564760944,468.4140286397128,459.4892067530945,460.0134302009759,464.38213772523136,478.5040144381697,478.6134632185357,452.8086247577005,466.2895181307679,510.99385214426246,496.1339539338936,535.6294214212795,445.2295442779872,417.2412378374793,426.9128151967632,422.6015394745876,454.11886787241247,428.8765254729565,463.2985120934527,540.9092420513069,609.299920040148,516.992494207718,617.712109580909,691.5863511685809,687.4587397029143,644.471002931396,611.2695565195147,584.5720241488178,593.3961133462651,578.5421353246235,525.2796418934308,664.6018993538108,567.147259290182,492.3826073897931,480.2970064758541,443.5923701330767,400.2439374902311,406.958670693083,444.4395348578937,411.0756215964665,464.5687878638742,473.4016271473775,486.3536124772736,430.65685001296464,391.6171742027108,362.0007550959148,410.1109035912508,482.6076094496761,405.637158532138
182.94932396652095,166.4968860555917,170.55918702067137,193.00307512846337,174.09525365675418,166.75597422201494,157.55455884132635,141.0787952936246,139.5556380137465,148.4142890748641,140.09309929064773,146.29148255085028,156.4935673699951,139.83992211821953,139.09823761317003,133.23273348637383,119.16648929481936,118.9803416163049,111.12721219615572,108.96329353343992,111.2415781485392,113.14932696291112,113.6748676446014,113.88162673467004,110.17785867179182,112.5173478124504,111.80256993656354,113.4565079664949,123.62923705016954,125.9430112378451,125.86924579603696,126.82111206485374,140.18285592985416,136.80745351869817,140.57234748373116,142.9044558876115,143.49204322568096,141.83320702367376,133.98280790991703,142.75158997923845,144.1668458249238,148.34944485447485,165.4267301919154,160.6256182886659,182.80265545773148,216.39638886807475,255.5132763128975,282.1398977408052,329.59262133029887,363.683564574437,413.6159670060977,467.9006486602287,520.0744290169389,542.7937045081231,559.3912687826995,565.9773311157999,580.2832773129826,588.7894713277997,645.6415445621343,673.2887584008222,670.5605878939699,788.428881605189,902.160273046858,821.2864364526765,771.7348998672132,805.5094539818688,771.664718254313,776.1308086392357,790.3928355054583,765.1266974361612,781.248207311933,791.1530326591775,953.2535647934392,986.9404120230936,982.5777009982452,918.300204992114,952.2569341791484,889.4905305715583,849.585672394638,830.7530546370423,779.7056704364538,812.2567118557074,879.8633167505698,879.7697310960655,913.5193713713288,859.065093691729,912.7825428741633,830.837473637273,844.9397695875308,806.913521801236,736.5534351144424,713.1478915580145,648.7556736596114,664.4915712977543,641.5335527458515,656.0670017186471,752.0998877692963,843.0515763973552,761.6061711236802,691.4479383237477,672.3933354804334,661.2138452360776,627.0897106722939,658.9009293340956,564.4943392629909,549.0584085885084,581.7348944338984,599.2891635305019,605.9097052006898,531.2518847881922,526.6938564097655,627.3940145954001,547.4903314587772,519.714160968395,559.7287555561353,553.1150895449522,513.2057695487008,515.8554150869808,508.1448240394811,455.69666184045104,396.7026467375512,375.0679333915701,338.79766534033007,366.27133479247664,334.2187856164375,320.3078066607888,320.6537780583081,301.8578769806608,280.7524281761913,269.33040916077573,286.1177961171646,281.5215345266837,288.0794493627648,290.4431258074453,316.542501936413,288.15007353647013,251.23214446183783,235.70741040828167,275.11445151300654,255.2919612616484,226.06955251279575
293.12197317542194,274.48658231255394,240.4922093280765,238.6127259238037,249.34495572252752,230.5478363342187,216.28386934811272,189.25151741036916,191.5429547866825,187.98334890574148,177.9595029863617,197.796962163896,208.5994236668806,183.9131445206415,175.36680753968497,157.487474932119,156.68417734484456,163.5918500882172,145.8175753178323,144.31940434935396,150.67195381311186,144.06305665680955,152.17531826101998,150.26599186302215,144.37248356217293,150.10284550783533,145.41434698129174,149.72681938374328,142.7180912871359,141.91421586259605,142.67847472846583,139.15887517938197,155.6195458752644,184.4429186590365,189.54463931221164,199.13119338391783,197.93643454106595,171.8529838117445,163.41601116649224,166.57692826213838,174.41001245623093,176.04414819215074,194.21331922155363,192.65753288456185,218.6402345001517,242.90441057076708,295.7669444060971,333.119977162043,377.901988594816,441.7507909437496,487.6534654433444,577.4230877276824,666.8385092932798,707.6592097443827,707.5656616711805,680.9481319655874,694.1888696197628,669.6779792992739,705.9136093061836,751.03048589383,758.4874489207907,882.2582883382627,970.7063526018366,929.6468841928024,846.4863760645987,846.9784136716489,857.4666760494515,885.9620360464588,846.1073798665009,849.4813084392711,839.0642705549069,860.8410987008122,1006.826218531072,1025.18279781543,978.0282596691636,905.144366852656,900.8408707504896,874.0916936287476,876.7587766108403,862.0479179691149,820.0497690547336,826.3668977735795,843.1972567784918,858.1162881232494,907.787428743973,845.7421121400387,985.1721956330036,902.3978061187116,886.2547764720873,825.4979970470936,853.4009402717393,791.9412939488708,719.7947654790383,782.7839978628759,763.7937537614666,775.6046507512768,882.2731588199916,981.764560926656,869.8392153668237,796.7166239228147,804.9308649658918,741.267320218374,706.9950836413709,775.4800044996839,835.8553227135359,797.8434528293063,802.7863259219671,863.2498197673148,865.6215407947136,769.8284679879224,627.1004149062253,779.0685288416986,701.8722764137799,703.352691065195,689.8951361096099,607.9702347407451,564.8582616895931,568.5258515755667,573.7471133838928,503.2279135538457,461.6790596357011,451.7871512315104,434.4810493680236,443.9092297401341,416.47929175388674,410.73158044903215,393.7158913996517,372.9533392576462,366.0090966653107,362.4608021660875,402.3457024746785,394.5986942856992,365.8885951113173,371.8724642706243,374.6046272981358,355.8524850598816,313.9486291694076,324.8027650352315,350.9224323055057,319.36816456042175,297.4680721575213
365.85042091407934,349.5325227430361,297.11523545381874,268.9296776908059,291.44521584237884,264.37057302287764,254.68068369400837,228.1601519862189,241.6312086734493,222.05884351102583,207.48198575879124,226.848077047116,237.43884609114477,214.41022303972105,202.9487683610809,172.6766799018024,151.55624160839596,161.11423185557726,140.48650824691313,142.3946201882832,147.2747286083612,138.3086949785497,145.7778231127484,144.01976249558055,137.35593611251866,144.31407627242334,138.44677677267188,142.5880258335982,156.56113493748504,154.7015052587407,154.94549805583884,143.5301159655523,157.84068704075352,177.30279477456136,184.42927346523345,192.88119705609503,189.0418966270589,161.23036784538942,152.1245569738359,147.2416888006277,156.63057902759667,159.72667903209222,176.44497677807632,179.8418608782923,199.6535248888189,203.59283738293345,254.08827477940312,309.79554950021605,340.8942009874306,387.4293420717125,499.15909131263226,563.8084852748307,661.6597433199167,701.9923082819339,713.9106198806743,683.4654107540804,707.2886288110299,682.7892861896806,677.4422679344826,742.3597859522517,770.6602720355309,848.3992698157964,925.2237882140404,935.0852852957204,866.4038099700017,824.5059193967954,858.8926682905661,901.103835371033,866.3285172270322,872.8116712938206,841.0005088085135,877.6340785738421,1000.8386600889424,1001.8536424332704,944.2112841260424,919.602092594403,883.696412596122,862.055183350062,933.7106020427952,899.5607804669696,928.4402324790832,889.4633498989571,837.5735171264167,883.4147390934436,888.351462182017,836.3079249255486,1016.0132423245004,931.9063954204684,857.379779778026,811.6086015510087,793.7905357309303,702.2372810524663,633.1367964828817,708.7666515170054,694.3536654758005,709.8026202430324,776.390588803193,820.4068071048716,745.1113324890421,687.3920658637626,689.7922869135792,655.5576086221779,633.959583759877,710.0262112837188,829.0979290030231,778.7855723977361,755.0655210868036,800.9798957335892,805.2622626533188,750.1055041221814,593.4342796906623,705.7304871732264,639.9949403150754,687.601668313389,649.5482297673066,603.8764721248131,555.479880544041,534.208254581253,555.493582164553,455.03915373110175,439.6986957388126,426.0757102383368,411.1265187967257,425.4026094353762,396.9434672777446,384.40261266534384,429.6572525492935,403.04886817281886,414.9678368759736,426.7222103908961,466.4448424826937,449.03378996946026,407.6786866152256,404.3218693351431,387.98624432779087,379.9229491788241,334.4562204733299,363.0949131812756,348.2907630421518,337.7855454282151,322.1766558871206
206.25460407005664,236.35834447224445,250.0843849771955,190.83472505381025,165.1911864922971,137.76919729140187,140.23131882571772,137.63174337840738,137.21489371589865,137.045300869419,132.6352532711362,129.12466587976238,138.63008210440296,135.2044603342197,134.58152035290087,126.3703464174832,89.56148128682604,93.26231771339602,88.68226229354849,92.1971534577941,89.77487797715293,86.65788763815482,87.82485666656503,84.99582138622307,83.72945135373679,87.82275801673319,83.87511390956378,86.91558957296868,115.62531918228407,120.20185391613282,124.39407418803216,110.5296900433895,114.08711016276813,113.49201428405712,112.66365525327876,118.01006540209558,117.20606164766512,82.8082513364276,85.40612127924764,82.91592430158713,92.1509873506912,104.6632457790326,113.1644213283048,123.86773877443154,139.1966042112363,139.96089113498095,172.1874353860467,207.96055047059096,226.7911793917117,246.10613486602844,340.7220997886843,359.9118043606548,384.70192087528943,415.83962676181966,414.934483459252,369.6724454374372,360.6037776254046,345.7000250870942,353.47505542111287,387.19417814258935,384.3222902063229,385.06882962847146,429.8941196265657,419.7704791024218,399.79967704807615,366.8667815435949,361.02263645242806,375.263696223956,375.0192524535353,385.3015569560677,373.3377746842098,381.73283640389394,438.3681331703364,415.9606504030758,393.9088656276366,470.4124236501331,452.9838705761067,445.82553826924095,456.4335437836327,406.53086878123855,405.2859030279072,490.7455047996044,492.2017949142885,480.9766165865466,470.8735340720071,445.65240213690765,433.3380754739589,437.2463029230447,389.46457670942186,375.0211658316216,295.8155690134522,308.21207148342364,272.3195469996651,284.92938351879286,278.82973268599176,282.17076429016294,299.3390576409548,294.0218134480042,281.7648116095004,282.78893989527404,279.13628061227246,274.39646522555364,274.7212038856386,268.27240570816974,293.5256931007774,339.5180051408693,358.59776922605414,343.9645574921603,321.754023430596,295.95268991473256,254.90875357009588,259.15350342608747,249.5769278412001,274.1668744145686,328.29756509197915,306.72705650289817,285.4765042637305,286.0237704401342,293.5895412055134,272.8798706768727,272.1362410553063,258.76360202219286,232.18989136202032,229.2243526865296,229.68780881568023,209.12701352090951,285.112148875778,300.88972447426283,313.47368500320965,385.4792364994055,449.56732715948095,341.95364761946394,390.37568373565074,369.0149185051012,404.3848715810889,416.7429905875983,318.81530492734584,293.8652785573959,232.7546181454372,224.9698046764713,217.7717229278872
247.7076115692513,269.86428682918785,275.4953788308726,233.44290249966295,212.21011558210836,182.05703526009975,186.23978395368852,177.66159091516724,175.3333894659556,174.25013600108247,165.60622135498633,164.28280108140822,166.58630376429377,167.62655105977188,166.6785137774998,157.47390714817485,145.62437212479043,151.97051848854355,140.52613139763434,152.15421052863758,147.42092045805242,140.58608909039432,141.50106661839064,137.02975919305592,133.51313532062014,145.79688706942227,139.0742741202241,141.736283677892,154.0589057168421,157.8731777600029,165.02888609046795,147.93760117985994,149.52148038874353,123.37312300325006,125.08872039962232,129.1653539756885,133.5547822370077,134.61152458312915,136.4328364510993,136.6790512724341,150.42311767119648,169.76249381148227,180.42489627090407,198.9466172471593,226.31298287054372,231.3222663478208,279.79267657547905,329.7753419576368,378.084993070566,420.6340747193488,468.9308610033134,498.9178783981115,569.8478420414144,608.5612278183388,596.7829205242139,527.3816423357194,533.5297399715184,506.31932064404174,500.7090351088645,520.041195036966,525.9749617953375,513.6296286133792,562.3326675752045,582.907496676278,567.7071071476174,517.7254801700185,504.22745467563465,515.4305131902846,524.0462253623298,528.2109135093496,537.7658134236476,530.1729447007872,566.4476824345778,526.2798221288714,480.1444642819458,559.0365036669331,543.5033932319907,581.8592667601893,564.6931613118691,511.4473404554975,514.3267641902521,586.942233749272,601.0964216383023,580.326200767048,571.2838132953297,549.8223885172604,540.0595274428695,564.8984436809949,485.3590707266904,472.0911510286353,457.8386531900609,471.07893951741977,427.735909421519,449.6688538151949,439.2164654679882,430.6177168033823,455.9103095625084,438.2366948352514,439.7768779625893,444.9390628894257,429.6345056372052,434.31795322916105,425.91408477889286,424.4629651449731,304.14377328676414,356.0767723006397,354.7733787372378,349.2185708406687,333.17269166230784,326.6314965427766,450.89116432139394,442.8299254507992,430.5764351646296,477.3740252131579,555.371372529224,534.6922767562756,475.252800393277,485.504412270013,467.8057511184562,435.48222004525456,457.0213107083697,421.204958766374,376.31572786765537,376.8989018082119,417.5650393713229,362.01184068550106,535.1002379029464,472.4865910508208,430.1048342454436,466.2208375404406,505.8064456173425,405.3661896038627,443.9258735337146,423.1157787966409,440.18019269875856,491.3701541100223,387.2864925885473,360.2345127574283,295.7388490548641,316.2977227260142,302.34240695871495
201.067833175326,197.94861191431133,180.49235753178456,179.69087432393675,195.351883484938,169.9831374476885,179.16443434552656,167.05989697187306,169.9199273303645,167.52764077186853,160.83840487404817,164.4021605099273,148.50556452136834,153.78915617527323,154.86423468029565,145.25529785938002,123.75528573611264,129.8163057261472,122.953736572969,135.29525100583177,131.9618470707524,125.45324805974045,122.1902750194157,116.50278390789757,113.9558905573075,123.15561183469056,114.60562593134472,114.22279886037396,151.07756531458156,148.01650758429338,164.4765521689947,153.72335581321235,151.11137699020955,176.72318868077994,162.28651117771167,155.9416025469884,196.93427810072487,106.8553647136352,99.85494399994344,102.02815924941322,108.23285157646475,114.72491608589225,124.5943765564273,138.99784196839016,156.32854375258248,166.7466184858715,196.391077402767,225.26665122232947,259.71877269669307,286.5674571540083,392.8579008475066,432.6460603621137,525.4766245675439,541.4905306178347,550.5529722328263,487.33082308305535,495.80863192383134,479.80609503552535,465.8288607187425,465.9569871071776,500.91649543613823,478.3094636376776,518.5356513495398,552.0230431218713,552.49993987325,512.050379014427,501.9158132519301,496.61691928708007,497.6823078734323,483.727491485707,513.7358385283118,498.2053489605898,511.9453171007184,489.4279274955248,436.6971987675367,455.3330162357932,452.1486529430512,513.568218238818,493.2178079587251,469.0265572970444,482.756149982238,485.9499720497489,510.6413750442437,496.85530972556046,494.3134928572652,496.5689502759152,500.877133607565,512.8125021234785,449.0358603740014,435.2015237218464,340.5353524042104,332.4600432253232,308.94123131938875,324.7419544009628,318.6683648212536,307.3484451507321,332.38890593477527,314.9256691100991,305.1912122727428,301.87429799870193,300.43901024930307,307.1619255319743,296.6099023207384,310.3614900137053,319.1919378546832,364.7680953342417,345.39988166638483,367.063130574308,365.1161685702374,365.25177550105104,350.0325697211757,350.79938429648627,337.5720777092986,373.10916770236935,390.9533419301988,390.2785079437614,339.69600807435364,341.0443906507708,322.29506481095376,298.5243400714858,331.2247095790956,292.8399927943049,263.9735082662498,278.6139139846933,322.6175346302281,280.98395727819906,563.8379788441224,454.6779307421284,386.6033864758057,361.9570655084692,356.6632995543354,332.83949284888627,323.0729519332677,318.8104312714772,294.5645199729479,352.95196358771824,304.74544992216045,291.4797905663061,260.58847198153217,289.8675492919869,271.68937862057567
62.226236256455294,68.17159515861259,55.79123667146349,55.20702918707138,73.33269370017759,61.18712086903416,71.39257838089516,70.53940996006376,75.47980451106784,74.54535817681327,77.07492016807832,81.218486532826,62.05670186414151,68.39280680960262,73.75198391892447,69.60390227111446,84.42188819723698,86.93203008196491,87.64567591153066,94.59140885013696,97.28077444629074,93.84318344144609,89.51804864467445,80.41041075235276,80.65982290024579,76.90056421678563,69.8283041070134,66.52148137609169,62.4326393310838,58.93255025125959,73.6879950612405,75.01264219737853,73.17183968980768,70.61750375081377,52.81381017625059,46.74703912058702,78.89397399314697,60.49456335114973,52.31565089590914,56.441363467011,57.84890205993947,56.83544261082147,63.8453641929728,78.34856797202544,85.46598943688225,95.29967522840556,106.81620651615115,114.40076384341174,127.47566491562178,148.33076410640817,148.62475549458858,162.20979062304153,192.66836877313796,188.38716604084715,210.58587405614392,201.6433925333533,209.18471643772767,214.00321597834068,221.4918596591329,220.4491978344413,252.46897331292604,237.81089335332868,251.48174220913296,257.2949984457716,275.8494809891529,255.79587469939187,258.7306647809692,252.41567723856505,222.7639141643488,208.2232771498537,208.2736234654435,214.1994748255578,221.66218885215903,225.89178992562523,202.0614385692862,200.23412392307137,209.5609770128021,227.08533876222936,229.4315303104707,221.0910622055248,223.98375467600425,219.6988728219214,240.02777809122227,226.0867313587696,227.24171354074144,234.7560230389005,227.97561479171816,218.19014561602512,219.5383248337837,206.5748081924626,203.5767847941654,203.7154163360358,190.60303544146865,194.4315430580668,185.9913399134098,186.36932294314525,194.4655200826597,188.4878726384962,183.22831083496047,180.8933790083024,178.2654234029097,186.85238480634573,187.6603843455668,184.01136623992332,156.1739894277356,166.39632872611742,160.03278651094246,166.72518538488814,171.46540556734533,162.83665526824095,193.76458104990564,216.5811155307792,210.861574313086,214.10553261950764,197.7507951512734,207.27190586201195,194.71599781944693,200.10015463412287,189.97656566179347,171.93940805473122,185.5404530950984,166.04319418625226,146.81992715211953,162.51379148078948,179.07886325088427,162.02708340570933,181.2705297895498,170.0645301913423,155.2525369486555,148.47256174676264,149.1938221192523,143.4553069708252,130.28266846654176,136.40050177175925,119.44066152079478,126.33405954465464,113.44000507896725,108.0998610907667,100.48658460108594,93.17436111072271,86.49135825800278
74.316432577061,88.72581483500083,69.01887727679234,64.84037460025931,80.66493087066547,64.20730106909585,68.23745377852424,72.1060583719662,69.24979580047518,69.4548501549507,72.48131635368847,79.13385586366303,65.12486733152393,71.53333408966027,75.4138403625153,68.53886889473618,79.24972547120284,76.11669462187022,67.13073722480117,75.51392370733576,74.79997691158897,71.2828363603514,74.7493556528516,64.24414528094007,66.03942931526984,67.20907483996614,61.19671508456212,61.22826546246902,68.85163222385964,63.89728241165279,71.13064626377202,74.0644094379603,68.93539324012569,91.37244307210707,85.22459659181669,72.37824531058354,95.17203865069813,69.5869225221765,60.04760680855944,65.91200137366887,74.75180895209571,70.55442780819763,82.68513772165227,98.02069805392333,100.14167741363204,129.4212070354904,135.7274959814063,126.20044942148108,141.60009727719572,171.50620987553287,186.2276991703864,189.79122397335036,213.2105244334805,205.4122257254008,235.6544848583085,228.05919213278844,221.68853253917356,231.43419660592065,227.7753068152861,222.29095236099093,236.6941595438499,232.7532389791751,232.6082649184713,255.6022613234426,278.1744724670048,253.6902000068225,249.805408054372,246.697574246026,224.2658822546734,217.6151061961724,212.99780122586176,236.9201795433452,256.26762056345484,261.5209297692754,242.31805370277013,248.48213271439909,251.5650996976766,255.3376143807052,252.9751289263561,236.9396437720076,243.0505760063917,230.3023743948836,253.0354365899874,233.7238907086229,232.24929789715804,243.57445592493715,228.00980686085555,215.7447060822905,233.9105810149252,217.11483537050896,215.0170657054445,229.7266362055772,230.16793093946816,217.381572044661,204.70018014322488,211.8145833240792,212.8997489381728,219.28470678510385,219.97049869044508,214.2351577099461,239.038653636767,239.07805267978532,227.08505858077717,232.1819648640104,184.8673667022512,206.5987850144856,195.3689072997535,195.40444037595492,209.85636415987815,194.6211053150149,218.04684333549872,237.8266881592756,238.68557265890783,233.6026135847288,209.2415868394772,219.00331375720117,204.82856049527228,204.26189956572787,197.3198618826366,184.0042914995965,183.87143580419317,170.34041831738944,147.6835856711249,153.71140932424203,164.56709955416378,153.81355423664698,160.23491756997058,159.90732687426262,151.4081137129343,148.91182454202726,159.56518519964317,143.84048615327265,132.07665929742956,138.29422937048582,123.98341921190668,129.0803484676814,117.12595627529062,106.64758835857724,104.04010888262508,103.97065045302868,106.76452256755856
88.85958234294469,105.6757405014408,82.26161954018036,77.2260496779065,89.95089907149105,72.61618142742454,72.88131237877582,79.64215258122847,72.27797122523904,75.89352904247687,78.16980166799678,86.56967737284371,76.50399343639869,81.71447682396108,84.35587602479693,76.11817824115474,89.96900570351822,84.74244785775767,70.62903672315801,82.1749870328139,77.99530469274856,74.07761264585508,81.1648967049405,67.98210424719126,72.66549561736822,77.06893166461104,68.6266365811375,70.54061022514254,82.15373068626332,75.44022410116898,79.882735816181,83.61402570315376,75.81991791945147,77.60678281739982,78.949216747043,66.29822982507571,74.67440312938453,85.55485009142059,74.43776618731083,81.72605994386616,94.4072215019782,88.31907683869457,105.20500137118994,118.52301390850155,117.6129825674458,164.92259984872692,166.37569804625366,145.9272598941519,165.1100668151784,206.2212850278688,222.2647165604888,218.60869073910968,242.8140693806029,232.6352271497704,271.32692468010424,265.66750140572856,250.21268199262545,260.0732467637204,249.43973489823503,243.2083745266516,252.41355397480544,252.46981164824763,246.84298518675175,275.3201822880214,301.0760498842903,277.9928251675391,268.92404565163275,269.6966621526636,252.70143121769925,249.28200771237496,239.89107448426824,273.52575158556186,295.4109505931785,302.3426740835406,288.93919108498096,294.6932811921699,292.5185925827835,289.6855237605907,289.27921479357207,265.8473251034823,272.5835853089844,252.6336624641541,277.93574092351537,262.2625263596815,253.89121474239377,268.3999657924752,247.78846362927743,237.1049091803872,260.88964872814284,245.1437539395898,248.82968154487637,272.9282900134029,278.9576126048837,253.76978796682243,242.3798903723793,250.7476780661124,246.49181854521768,261.11321327220736,267.3232773658407,257.18518053063934,302.04987964928193,298.4420093745235,273.5761078444011,285.8693813490075,209.5122154349777,235.3410071108021,222.2909381752144,219.48267116146243,239.6402557750927,220.56546154718845,256.13196140901186,274.69136920378565,279.690041245663,271.3952880108812,244.0478694799108,251.74549449803425,236.3036874417592,232.54294113318008,223.326640505898,213.88077737397876,211.99766033597624,195.81618054451263,171.39821016811106,170.48036910300652,179.61323803552975,169.75291713615846,167.57338632203098,172.89037291366364,166.57308262955172,165.09222220815852,180.6861137776168,157.89933398756895,147.1030128269924,151.3311178682236,140.5329362043409,145.63685799051794,132.3212377296114,118.38915671129614,116.66525158316377,119.98899033382511,127.226266548576
91.9025475687431,92.1615313712887,76.79904973224849,82.8380334872198,82.79153481224655,76.22505786392203,72.70413707521621,70.07760963176689,66.65481845991528,71.26937209915705,64.92229285740544,66.18533949963933,61.26855534259376,59.67036053857484,62.67756371775603,56.464571903512805,58.42833291869414,56.202755536592775,52.96853203011819,56.39510255924571,53.34985376909851,51.81756644311157,55.81862843107788,47.922243564296345,49.83740633151679,51.881300453944256,48.88228715440376,49.8221336070733,56.15537050289608,56.83601973587134,56.98952373649183,56.58302081087631,55.49812450826891,56.42113549722041,55.863700681186224,55.02832234613744,57.70568128908262,58.80184734452652,56.92168300353959,63.31092561408802,66.7032691509206,69.14105711847489,85.82762431389081,89.54802493473203,90.29819859827482,124.35373657044764,126.01374891761814,120.49245701553367,139.34741777392117,188.00322121295636,189.6228650963569,192.5689793140452,202.36623562254908,186.09803265486295,206.0960993672317,213.00276914719936,202.75458626513367,198.6514412772728,194.45406072047925,199.55065044531173,214.4468509427969,211.5668051305814,211.35591041936104,207.2437427398692,220.9058621317367,220.42507205671217,212.26355869112925,216.38410899840204,220.07725429979044,220.4951461034021,218.42270744668875,238.38927552229276,238.97431211206504,227.2051025230037,234.535914417426,222.39356636091588,231.07652093204305,223.2344562035812,239.3927068654374,218.88222887993516,217.57539990439,202.48653994870332,229.75644068212137,242.13404657392735,222.4253023308653,232.50515307014467,213.1440308670668,211.85861565377363,219.70698421958787,212.3177280540577,195.8715900519498,212.83063585114672,215.96024500723897,199.96217568599036,207.44184954248556,205.0771396616801,184.09464844163327,186.38393909368276,190.92025554098,174.56610731922805,192.69813701569944,207.93084290141653,198.92550530603128,209.00910604793285,173.07322215670538,181.08433390846747,173.94178356012452,175.05407704188266,190.67359071498768,170.76878340715243,198.8235885197424,205.92668330677856,206.76033135475797,207.31538433724467,197.571633107907,192.7547332963188,189.80717118465984,189.13336222970992,176.8072378713176,171.1984585862857,183.68943197608095,170.37345455499144,162.4772443156091,149.56904996423702,161.1348326004779,146.43739575482414,155.5948395952782,157.20571544619318,143.10542371625348,141.55165856961742,152.35812782475415,131.22439625380144,121.14248182589078,117.35869269474476,114.1686240802566,111.54971488163105,112.75528708005882,98.9059047454376,100.02907025218738,106.4325865112392,101.99022204599233
69.94573030987692,68.20293523739764,60.20628454149474,65.70151262033788,63.59797178832355,61.385007907108125,54.7748680278084,51.52983958722076,52.68672849577637,55.420308941181,50.44382194903192,50.95192719673593,47.36941070030758,44.17860784300364,47.59008294331122,41.26302631658262,30.62004591105852,30.04544327261697,28.635989216887715,29.993925285147323,29.18091860600533,27.699047185479184,30.375759961035776,27.02502121595989,27.29152713713256,28.45124401239828,27.910449573240243,27.67985466583643,41.76096789739707,44.87471953426698,43.29665951151965,42.38870118537466,43.72355755033006,53.18237204314724,54.10274075629146,57.85155372854402,57.16065706485549,34.00823558450711,35.142060541092484,37.98584622491571,39.307831507788855,41.67096524346948,51.36447839828985,52.18450094730306,53.70297576113379,72.93680081226692,76.8177501834716,75.40425857513205,85.33482068905266,119.8457781896403,158.12501873253026,164.67275116644905,175.07826330464422,159.31837037923668,170.9521157757083,189.30193142978268,178.1584902892288,167.109748507315,166.90184601844422,174.82053797165108,187.63538542031856,185.1288002200651,190.86064199015556,168.44530894491655,175.17160893762036,179.10614617316517,173.849107834975,182.64000037907505,191.3498763114684,188.32737571661755,186.90986532299056,202.32030618509737,198.9027214535222,191.8074800581444,204.35572665439216,185.1941008810296,194.70617336835664,181.9828773426055,199.2041790933524,183.28670791962307,181.48187972959423,171.11118627879827,195.8394868445765,210.95538321197412,190.38039767652324,198.68622833552487,184.6405287252841,183.35580250388875,185.2109758797997,181.92462525366855,118.69174862501768,129.31750272068243,133.39638102053797,120.45172947068696,128.22469642650293,126.70459333940975,107.74873030648348,107.18926622666146,109.5065813710244,100.21032413798574,106.63888516410005,122.56117912289692,119.37189736308336,123.6087213758277,88.92645422683856,87.30553149869596,86.13878233696329,87.31066163449886,93.39946983208388,82.77740466051893,119.22591399014348,120.96482671529994,119.64596268976202,122.6595714725358,121.64084390548156,112.71263402938489,112.37676202153692,112.82252647339624,105.32852487704638,102.14294627479184,110.17495958528566,101.60880742592116,99.49138283344767,89.00966302406783,98.76762914376695,85.87100824279672,126.22219303186812,126.5278729807249,112.13801666287,109.06229572574048,113.08565080786778,98.4836321964993,88.19337624362905,83.5319419568612,81.11985334724069,73.02438589998954,78.44152484127834,68.8119943603896,68.50842133860701,72.97765106964276,67.24787116397492
23.64107333325149,23.653229894122845,21.28779203777845,21.27770381959103,22.786381347597285,23.26131891051304,19.077872870091504,20.21575342897245,21.92701138876349,19.561738463855622,21.30768754725513,22.365241595001702,19.308399304902878,21.54667504202028,22.88939798169641,18.936383027278843,21.139447052989198,20.69964758658887,17.015680025898632,19.298421598194043,20.67096650527044,17.69293156533528,20.29149061224196,19.162772611425133,19.282364154272447,20.747128611469616,19.1277163537886,18.967147363124585,22.959861654098656,22.174239349044115,21.254957170644268,22.725349030930523,21.84041242896547,24.91322773242231,28.60843509225694,30.5404207413937,27.99563193020502,22.779209972486864,24.472701895818847,23.02781565703113,27.456268094705223,30.931659867997432,30.62732727933751,33.06341639621241,33.96569486765188,39.606390450831285,42.55473000407848,43.54579446116486,43.452085575854106,54.508312124938776,65.92601168827156,73.68312810940039,75.18605730439351,69.60118940022035,73.33471543291326,81.94878201440872,75.75105552787136,66.9123868949611,72.9345119561892,72.53802578654317,69.96260757318436,72.59225925263765,82.88574251015883,77.09615481820155,78.19544945533316,73.34683557318367,70.92471566802665,72.48195457861712,70.86834480028581,64.53831553516808,62.30108737812704,63.89966540227839,67.27348020516797,79.18781962054057,82.28391920439478,77.30835335117173,73.932940285255,67.37892865303621,65.98079482405876,62.77255820606195,62.68880732850139,66.64513795510267,73.43300321224184,78.3506320718027,67.28151566103483,69.65923854341438,68.87964736718901,66.48639396826285,73.73026185461586,69.60694935629799,57.67395067262692,61.63621893350482,64.09067845811742,61.09806647782138,61.21683540126277,62.62125934826919,58.79975939672398,62.28265185704254,62.39325876479776,60.03280901195552,65.60699053106276,72.44624676349524,65.46126843038331,64.62912279843277,52.09349879165558,50.88470800428398,51.12816916217291,49.09210992807018,47.47600702652331,46.0210273810538,60.98888056233092,60.176354692957176,62.42986489075641,60.65055887596664,62.837468866517966,60.51940102549237,59.43825688044255,61.6559615728531,56.149387169262646,53.495965029627975,56.541765606791664,56.98104262026636,51.65893764442391,52.92371215362184,57.99293978275064,53.41062421714171,56.341636592764665,58.03608369357171,56.80650413609718,52.5404601647448,52.4814201498577,47.95683476010967,42.85701628986215,43.69822873296173,42.45424312733264,37.81231331046983,40.55990596222611,40.82390164369038,38.36862239004802,41.93041262181495,36.45328474249409
247.24779353632692,213.319370024414,191.7499591710978,196.7038792080064,172.34220471780935,153.73116900803524,165.56908953212243,156.76005258418942,152.69255688040573,148.39496111831443,140.2926416050157,141.9475179248357,133.36646495354285,140.160777249592,145.71781224814282,139.34489500092238,181.7670193847169,172.58554951327403,164.29477684465172,155.70986585801666,153.1402418429287,152.8204114500794,150.16110051405866,161.49486033875817,148.89086744688842,145.63074629860873,147.77909379928568,156.9582606441436,126.15627548316516,121.2921914868895,120.8344980290939,118.17986479763417,111.4918070288872,133.21359422944232,131.98561268289765,132.3692528730406,163.79967608435788,202.27758126743407,175.92199638067356,185.25852298656545,250.02204035903284,215.43349302821883,232.05543623402824,243.54880541321043,230.4536843417978,287.6697318441466,298.2460861718269,326.32504077179,392.95787874076336,469.548063726005,336.00621330962275,322.43554937776327,357.85317174746604,339.11033792625915,373.9007604304927,396.0980515406199,440.6166016929936,386.27965450777504,386.4612667768751,367.9219988467134,410.6761972960032,371.4513487154793,575.2451720928532,473.1073652497588,431.3000052703141,381.65594694934936,489.1815264073338,386.61254665566594,361.24575320266433,342.7373152961527,334.1391049517641,344.42516417794354,360.5000023007571,361.15010299972806,374.1453066981627,386.37614090438615,399.4161873553279,383.57929834671296,393.8886931551125,452.4430623557183,437.8064774260659,400.8778945123992,393.2040860335284,409.6617909627005,386.3765089757845,377.0465804357463,435.5449250697868,394.933425818126,397.1460901691867,411.8487023392176,528.3012449172884,552.5313212841949,472.981250433155,520.8976643620884,468.1258397368384,484.8306077710817,477.2372544821615,451.02613274481786,468.53341138725455,450.58274220892486,440.21341522143393,502.1716455800181,463.04342853212063,447.41142243294655,381.1746233965653,385.6305546836557,392.5812050178637,377.1219711053284,412.0387226179578,384.4364959568939,426.5713665368576,424.8861967156435,420.6594289670836,457.1276083491931,445.81999151379824,422.7052396270147,432.5872792983685,495.6771205826038,462.1555488839729,463.5706881718612,455.84271928426296,430.7307774283469,473.2340839778354,424.6915012108346,458.1373267395524,467.0040665947856,403.420349473786,407.9467076033191,374.1878426547159,350.14808252303175,372.136466093325,350.193227970324,351.7516398505797,388.0590888803885,370.0160677089676,368.633273029118,360.0409358032497,347.47620789839823,314.67556543539274,313.5428396061038,310.7161162673579
243.7334418468336,217.9781027324016,197.9584146297061,202.15179160282904,182.23060552803776,159.4684273039661,187.6995077109936,178.67632303173147,185.776932904743,186.1842123494178,177.09998678243622,170.88522703896433,157.1173580710685,152.59739513987793,171.97269311570793,170.37479999221566,172.66636975078623,168.7250378373147,157.30787427667113,132.27617924072615,134.86082459795858,132.07094533021572,128.31650740304772,148.87709321129628,136.68657743981672,131.4677511083044,131.37446318894465,139.69011961542722,138.15555305127228,139.77547482726314,140.93029072646178,140.20853177516048,133.3096624317729,142.4994034157354,135.70508927638693,139.9497077884451,160.8047700498521,162.70748870711404,154.34382080936257,166.83140478861154,226.5486503982193,201.6088006179102,208.48103606358197,209.93862614645013,200.4478643749826,225.0068853562117,243.2758396000683,277.37537447042433,334.74405220067666,446.703131782904,379.12966858732415,293.71439915673454,297.5035055940217,272.8984125032204,335.2742786987734,389.1718558826881,475.6932711276834,436.679549384836,400.4921324416413,367.90028035417527,402.8441318731419,364.6216446655424,453.6480175628458,427.8391553757775,472.6662719028174,441.8895632644828,539.782002933756,461.599980130248,440.6157396803944,421.3758260635407,396.1447060373781,412.95149584478025,407.4630237410768,390.4115248108776,404.9531852986406,416.42776901321946,440.9858576368272,457.4432606339344,459.7821925328686,515.3458009585747,500.7418980059154,457.86276784061,466.3124489328214,460.452944065782,459.6831364689101,467.860707556594,538.2929179074819,508.834833811312,489.3227265343536,483.4168173176708,502.6399101244779,538.1269054548223,466.3118861351731,491.1427597048871,436.021990749059,447.8392601457629,426.6645415725497,377.66055347907087,399.0740258243178,393.3185717839636,361.962198220164,404.90629456229175,374.7335239666621,368.1197568129552,307.5203980493113,310.36577505124467,295.0728200782219,278.78609709942896,314.62164246845606,278.2697246641989,336.53756149664105,331.2356706872214,318.04111277301814,313.5053690024178,283.89305492735565,289.6583406152053,289.75033766393494,316.9170297891844,298.6939448864552,311.07819175547104,345.1954755888033,304.6948736338278,319.13004360706685,306.1307676385856,320.6411076172614,342.5134348679274,329.39560837829646,317.4772335361731,315.9181108590193,304.6362171503815,314.0839092018475,316.8698701978228,324.9210372219249,317.97850025037786,307.91824314288255,317.1125492921647,307.92532764965046,301.15435851879363,276.74373280593795,271.7484506599129,270.4791989335202
339.9075256578078,396.69155741819065,470.5299964113681,562.2661184537313,529.8141871862775,262.4465574358177,203.7415846616049,165.94972183591537,152.7794613034393,153.4411287339834,142.9764131955709,131.94050088734252,124.80290352129944,122.21478657327611,262.59194607977577,393.30148873298776,432.8202023895324,479.82658834010806,464.3024072999166,213.72012549181548,143.93393912596605,111.54199515964515,99.29946567243316,103.7343502851249,95.52185593766195,95.75782251459864,92.2254548154593,94.02141285280412,104.12804090017764,102.09352093322671,102.28569487141044,106.44380389305137,99.31914620314754,99.2167614208972,100.47983367706578,101.87998818094086,105.55469292030024,125.79160042232976,111.747389035819,110.6923846727086,119.83209940263316,108.70534031967956,114.88226518589896,121.1015728015376,124.0995971557798,139.38840935046736,159.26176798872956,177.31924705059728,200.4833148768376,237.88397391386027,266.9882297362498,227.81626042478143,258.20662459135195,267.0662934099909,329.3993227486732,402.8193425770745,427.5288682991989,446.9839531814473,407.20711550740094,375.2267728619827,420.6290562655066,369.7838463433741,367.42688340131343,375.36632122027856,388.2121458317716,379.7559049547153,400.3195516896853,399.95599791276464,403.5321262700113,408.8811405215718,373.34174359274016,387.3114932396651,397.34796049197183,398.2203866044861,409.8259388039506,395.04961070375697,435.9477938242471,445.1865653316603,475.746215148315,476.93979523091855,437.0758342208928,410.82216423528985,414.09923743180457,414.8300419562351,475.7213812137592,475.9936346692119,474.1850180930384,465.13598731404073,499.208073198768,458.3288920616404,429.5459738984648,470.1490111651224,409.2993073623464,435.2769882146884,405.1806566718555,417.7290896248013,416.29813095738734,409.881663494074,371.227819057888,368.2327031400239,359.6961840761926,483.8967630854711,377.0427736526525,331.61287174475416,382.4119543859021,373.5686838002701,355.2280444617228,358.0326021653651,409.90633500860594,370.5822515688767,295.8263136292974,298.50466620691594,292.1632958497296,283.8353759488376,265.43338751545696,264.7860863346626,283.94896081617054,280.1242322222803,261.9218571973254,250.0709545745743,262.7956197526709,242.53727296965636,217.49786400751373,225.9595289759354,236.59004501348608,237.1676719651068,235.12361200021476,224.1480552831497,228.66839913952745,218.9712277259171,223.46769631201585,225.88966402473983,332.75225991550656,284.4469108448009,222.11980721983372,212.3133131507961,203.65190990662404,191.011073999004,182.74966718347855,177.01270314371638,172.49488468017665
397.8743153491485,431.0904979663519,499.35357212298,590.1174924515598,547.0432840483927,273.74512529385305,209.434047951934,174.51944441341342,151.43483868145728,151.55430443166503,137.75286251379325,128.41868219653702,127.53784858821368,124.66579789863388,266.75879691151965,397.5414250307915,515.7667073909305,570.9838184498565,549.5624882229313,256.56144767253653,170.26678287708555,131.90995006195158,119.66735098078242,119.52957572658856,112.8966556089262,113.13173222416376,109.59560048413942,110.36852327637894,101.74822733672464,97.4837998974993,99.759288153812,103.84026490097874,97.78043005103407,106.28073549460382,107.98630688558916,110.21824644919816,112.44769545022282,151.23142111824953,135.03508665463522,148.0542940039774,139.55148699439192,128.2040745069052,134.84975545530503,142.9808974108187,148.53882020820427,166.2170961997234,193.2652025846357,208.2491700735617,233.09304542031168,258.75611285497973,252.03619118487487,235.69739172076336,268.2210881713759,295.23422884904176,364.1099406909845,385.7777923449691,370.9146622488728,386.6715362573266,344.70048199494164,328.9554174126153,358.07948261788624,315.4093873401098,299.2478129071304,305.3406857240568,294.0900718364487,303.48302897889914,318.79684324243823,320.61483134643896,335.9298922206729,339.7071485119308,300.6090087661662,298.4445562881852,312.5165187168527,307.1886513354393,309.7131598946842,297.106118395116,322.4604974278797,324.59519844421,357.1705321079187,346.8091984949684,323.9138151230404,304.6914033575686,292.9302024968782,306.9104800706472,363.3352964348932,357.4955033227654,342.82344139943973,340.4497869664584,377.2739665709864,340.3019969390557,374.5000791315834,418.1523809457875,365.69107354665175,384.6657022035182,370.0407846487034,367.16161609376127,375.4529745435775,415.0474832965554,372.939371303527,385.9569378041054,402.876112555646,542.6778266383637,432.0212122851321,379.4361779415677,250.07463173374467,258.9353069542121,250.16801812186264,271.95768566167067,289.48529150552656,258.528699732192,334.30697162870865,350.3928779490484,339.3061337663564,338.40262370471186,327.7809733857444,326.9013509593652,368.71290628003294,361.0884146504476,345.6588872773475,328.78473397050385,337.54031178355166,321.9325451778877,284.16029311245893,362.0095265491875,449.79129753166654,380.4346722965989,290.09412312704904,279.09393827945024,283.2159864647071,276.43836940394647,302.62134353884613,287.44976702653554,408.1344987647026,339.3822930558584,251.7214741999783,249.97315780984624,241.6074347683181,226.4585922740896,222.3016128723133,211.29013481791432,209.98577409917425
647.515007474888,505.3719126791552,469.3727994874309,487.14799150179294,411.0329890781968,335.1243636676275,352.4803045629964,337.4310660494162,309.53525407138966,297.9230447748138,283.1161600880128,268.23341139457625,278.7307016872096,287.47381555023105,338.42033677822747,338.0982942073313,263.5076623448808,251.3246105535621,231.74242372476968,186.80104833707975,170.89751607816342,168.9459543584261,174.7514344261759,169.93026315135978,171.5677039355581,173.7430792467915,166.99973362044895,174.12345681607889,211.5416045654603,195.6974206046697,211.5073307077292,215.53405055796117,202.35887605971695,202.7046270487304,199.19545799721664,199.6463365306405,205.83980408626837,195.1883211960676,180.61174228772083,240.38985111329325,209.3065031082246,200.6946223971192,212.2085423904735,224.9143343417376,248.77620355119927,270.53368395207934,296.8689184911782,309.0827509347139,354.1697847202416,402.4246047218761,516.6683901975563,482.4884420740137,524.5451305949553,576.9409274178603,665.0886875118582,658.0053597930197,608.1703772757483,656.9572143076118,645.2113240602226,644.9391238202813,681.0018436472976,645.0205602420524,638.1584119948939,644.2742301943914,621.0858307822215,663.7701357480395,692.129656996779,666.8078400058375,743.9391383628066,747.6609160122663,687.8611072661936,660.2207002443739,666.5947535267055,638.4008242563028,642.9710466871745,632.5803339596797,682.3051069372871,702.0254139337316,743.3922968158952,682.2486150506902,685.046914598764,705.1662894116145,686.5132689793412,734.1638533803329,762.0909859379874,708.4470190692479,670.0553954063296,682.2849776315311,680.6398671547913,636.9412396463529,499.7437190241378,520.5278029089615,488.7800799465749,504.2607176605961,519.2210106653766,519.6415599722536,504.0543070244223,490.2735831221904,458.0506637818447,475.2569776040895,495.8901299302094,538.9436241148616,489.5078755499844,510.4966139741887,412.534124265469,448.3786197282975,406.9380780421389,450.0251294289693,481.0316786187744,419.33698970341857,467.0167382980381,476.1835997559059,456.0814317893232,457.54994590896735,430.9950841733819,422.60851214654446,461.098804558697,501.11240922125097,475.2907490500877,483.6534021485645,493.8237186324029,512.5313197313002,508.2864475662957,557.128592626007,598.2399777577749,504.2759253975357,587.4704203349721,621.1212959110591,646.0981091852243,680.6850333962661,827.9265044070004,752.4318383637113,828.1120905825309,739.9159083734278,617.1020112912803,639.693854578489,646.3646322522536,630.045827824155,624.1026054819059,608.6831029333773,632.7498853716858
478.6018087394771,368.4104401451821,326.92132668712907,335.3169739896693,300.5349422027643,299.9652733045858,309.5545492051192,276.17825117554975,269.74239281241927,263.63682379254885,251.4870289376053,246.78057539805215,245.97797547260265,266.718705026737,281.2518251175741,262.1402084186911,362.92541645614375,338.1807563953089,315.0512420012601,287.08898417247366,278.2613102639447,280.3177682195718,283.8484474032405,272.94712177155486,278.4832681459353,288.8477706991064,269.3597515395421,276.3670444833785,184.35796345143507,169.3900967151125,178.05038190200892,184.03379480523472,171.1033811656221,266.27772017915186,265.96874805063027,264.2615329196131,275.7791071765478,283.6612952245366,270.2434635591848,314.8549221814246,306.5532951857714,316.7267470695957,337.1992210510345,369.5555102270421,423.589391521093,452.87284282708777,480.6094950068364,508.0324679619803,575.7883455369087,691.7593532643891,500.6243825627592,448.3249976913279,480.5708344487836,506.099254069242,564.3080224038432,540.3136421001301,512.460653187938,549.3371337418316,563.97301614932,540.0886474880333,529.9026389846302,491.54171007462975,486.8505767610482,490.09540825323086,497.3585618377933,508.36476434583005,506.65050523038366,498.4736830237812,541.6282352400043,519.9698516003346,542.239159531137,508.803459357195,511.26611743059567,511.2020560345723,511.34244134112487,508.2722907164891,541.4734663651473,560.5091961228972,583.1353446524547,546.0054505846467,545.5578418893501,571.8941910882284,554.3214432747058,582.002800520708,596.3366968316177,567.3615634897425,536.2816391957997,542.0685912653626,540.9260733571502,517.2552205613724,741.7317414727404,751.6737749023779,721.7050112978546,752.6388411415744,792.8108391070951,817.6671040905613,791.9285965489415,785.8790403616875,734.5211157604434,770.7904181575423,791.3089845488602,805.0364451887973,797.5935388788089,884.6659971939191,419.84478256251214,434.7455983651574,379.6943604528548,384.1728414882512,409.65356139419214,383.4259291526586,730.4698118062843,734.94748124083,698.2002310862882,717.7253380604616,692.9718439109033,685.9896532269289,723.9206608266283,793.5461566744292,702.7106094729445,721.4391601594207,712.5880588070636,755.2016409901829,820.1208197827618,903.4689199274372,958.9397010326712,823.9490911302503,532.1893529665585,528.6185746621513,522.497987914743,535.7863282999634,599.6215194091321,565.6325192891751,594.7004681349828,562.7849340371189,503.4404080115144,513.1003254483677,502.2465674961717,483.7716086844578,503.1300452907497,510.6908988758424,555.6562946980642
546.7202810547068,431.1000674948552,364.07786244197325,361.3979515006136,334.6000386471813,316.406334321902,313.3386753429096,293.81472272196925,277.9936356548001,283.6751831195221,274.6675989471681,272.0681355933468,265.14767444368744,262.57178340973854,269.9701612977176,268.48216848165725,197.23889868983096,183.25919620189475,176.02598448476215,175.7308834631739,166.36464757496168,163.72675009631234,170.14320211344884,163.1870871704917,159.38890320437113,171.50593518685858,159.2383552953084,166.37262133272358,234.8504595727989,223.86528853082683,224.3657961625452,238.36913028336625,216.2266125889338,274.7876025935076,288.0771716340629,279.5052775323474,290.17143323971453,183.80207866992703,179.80411831909825,195.2941862580965,198.09869449819675,205.0408639727877,218.1220307557313,232.42651928630383,249.5758465949968,275.4422343366237,290.0344281208861,306.3287419087154,343.0244406567228,379.6169153136119,524.4076395730606,524.7914208672189,567.4841154460848,511.3115226716576,542.2985082480025,536.6690211016063,586.2823659973553,668.6404109553296,724.1226907106443,617.3488247063501,607.4870514994226,559.1707871395687,554.4632317329729,528.4122340306908,551.134583684784,568.6894238314455,561.910482132639,534.301006950852,623.6822116023551,600.2892402509406,594.3544849478473,556.527961931828,551.0650518574226,575.1901068262882,566.4747752487528,567.7833585294076,577.9923944578017,593.5568946109444,595.2777102770899,571.3378650629189,625.7870586673846,615.2166960428643,580.620555275522,587.7354343327357,553.6304975760283,553.4568298408188,581.9284731584496,543.7107929227324,578.4766132888188,544.0854384223572,366.0303952025204,388.2505443319232,368.3564619786979,388.30290785798337,400.541868209026,428.4009331648139,396.29239147953047,395.8072582988594,380.3564109291694,413.6009086897639,420.7542326010504,424.8021697338221,485.4629607954959,484.8777372661151,602.6376769204791,671.5211346434089,581.9744265054339,589.3094577832601,604.3007422237848,561.9716608822712,409.78020457753513,407.1529612834023,400.8652908205162,412.01801964070336,435.12327474143945,448.688034813921,463.9112575039424,493.0020211958582,448.2699092091029,466.669486599037,449.88267733636457,469.4724426665044,469.49678933715415,507.7839454780965,542.0762847727606,513.9553682890719,715.867655105714,631.2505406355803,604.0343119992004,606.2526410434856,603.2091408294363,570.340965836408,620.2294305806138,606.2913839351362,503.11478698380057,538.1237082477421,511.0776526711487,492.4084490738564,583.8818564573305,620.0080844381051,581.497991672961
554.8762837819726,440.1585606227084,386.7024778980358,392.2367697022549,437.04015816309527,410.6883382942861,363.740231634146,323.4618379760321,284.9595695074537,275.8858538382631,251.5676708100528,256.30226607887414,240.76538926466003,231.34161473878308,236.1680780992727,239.54468772833104,221.74706081081217,220.28353837641183,212.02401358106408,217.44531123912665,217.68198623188007,214.70775127980804,217.69497097670788,227.32523413427452,202.26635233579245,214.9051015529321,205.2917682090907,193.56023891119963,218.6982014200072,219.85612841551583,212.9717509759488,219.16379604536607,202.10581545443588,198.3444744998449,205.8386212360004,205.26398960109685,206.3789700604623,199.8248579333988,191.23987881088283,211.9496204666098,214.4338182491939,222.6088744154888,248.33796968025115,259.6005271295549,277.6728491409613,320.0495966153171,372.5801700910208,367.7512655487397,400.06456780192775,443.8529382417595,569.4759777326016,570.8760865885621,620.1040866391933,562.3470213545277,595.6421035961339,586.0098967009914,584.1131383531625,587.745837595715,652.4170356062447,648.5290106393031,606.9868735426585,670.4536346067458,763.1793354887258,692.0071885273749,684.0086755272628,702.174328744349,686.7876999865565,668.2120131810898,720.8522737720936,818.1582107390301,809.4198994131203,779.9369863538604,741.9485332087157,777.8757283820767,816.8785955993286,773.235990411573,806.8101416306997,719.1631737493823,719.1606978904155,657.2191290777552,730.063343394243,733.177472895698,707.4990212060438,739.0533951482948,639.7565327683104,615.299000207659,626.4571925995469,556.8356047423893,553.9986925660536,535.3932929304748,475.6720157279886,518.4653571737866,532.2078874333213,521.4910295992222,515.3825962738508,511.9322220044436,486.5566412899335,478.0584910420587,492.021670201008,464.07345546056695,451.9990419369778,462.4331297931224,453.5821435866876,468.2067326173107,415.67944034131534,448.9630780770513,468.71190030471337,479.4833760114148,494.5946644865932,501.605394382816,534.8525640302577,553.0500850475199,524.8730133118638,517.7504714041235,555.7292198980789,565.6055905236464,577.6023333259961,583.3742719955925,519.4271253565536,512.4460928047038,473.43604696065546,464.501911793481,442.6280824300581,468.871875202346,476.06578916433,457.5230066389594,498.3242533465163,512.9118636965253,471.1512313285715,468.7597900557541,472.1174494866127,460.81070072457743,488.6049884536961,498.4812289076141,484.9090179481893,497.02392330108034,480.37675135230006,474.8836383401828,482.3798253166992,509.8240492657237,490.0222413767991
513.0163174344523,425.3107991963981,390.68619521728886,439.6034343364665,454.1082271743264,433.5388401755199,419.52417676970566,392.9994806170858,333.5204358232052,303.53300988892306,275.63076236768984,286.68773654769643,281.563764429874,259.07072121329776,259.54019019062065,255.20246612329325,184.2456813849188,183.44372743104867,171.12768093582477,176.29848375894116,176.08166844637714,179.777936330609,178.1035261210921,183.35245956857932,166.01651274880732,170.47639481948835,166.30196143513746,156.20348958456657,223.41072424829855,228.9461250615047,225.28195938616165,226.70883569212344,225.23592727665329,244.6614551258874,253.293195369976,252.6050899616765,254.66745980742428,184.96560419357377,171.32106172953675,181.8897406735861,189.6739356350268,196.02105054229213,217.00068919513785,224.78913598880823,256.65135575319874,300.8395791235941,349.68765872840913,364.38447788291137,410.05287654433744,436.0119889047063,672.088559060463,728.6779638161107,814.137838362553,743.744530718432,808.086554839213,798.4007678776393,784.6268632032869,798.3149179484119,873.2331415753805,892.4228722698116,867.4184323247146,942.9587568595016,1014.4413864755968,925.8943825033824,919.1328047941996,919.6830146389744,904.1401352780288,893.2369133840234,930.2819101938668,985.6441936755222,977.1356584976662,961.912502789933,1009.5328213348744,1050.2691448935057,1064.603281067751,1049.283491741996,1116.176490561665,1040.537187117458,1007.804830713274,944.0203820703229,966.650700437192,982.6200219162812,969.645655478602,962.1213485058184,876.8236340107568,852.0152859966037,946.4597544259368,839.2705302108321,814.9147653391034,781.9184079039062,522.9486469875125,546.2737898113987,553.8868176016288,560.0774125926539,532.412410619634,547.7833618968906,552.3116525446019,551.4111283934581,599.6567952225882,557.9207283684632,515.7746788446005,529.7134690706241,538.129514032769,587.0819976893572,584.4412742579492,558.1558161226098,581.0170690455357,604.5667829178692,586.3523058016464,570.6300731653306,510.614807691425,555.9042048263404,593.0221788710398,546.6327786894342,567.8118688181246,606.7247924936032,600.0280378039502,611.2699888271682,581.1572220375513,554.9905399862417,513.4995535202244,499.00311824453513,474.10046898163785,530.1997110258485,543.3329069313204,493.9648779026025,664.8061079677383,646.2593320564871,579.6910083422889,571.2691033046217,596.5550595945315,581.781089695659,634.7438851103639,627.6573356290272,619.5119135151294,589.9546164487256,568.3044243742991,541.0142966447045,551.0619361616639,597.8475506935325,570.7001620733724
381.09758559197087,330.1202431386047,320.15135106813153,345.0947327056346,352.0685594296456,334.96267465892583,342.2469444526665,328.163736838306,297.96043526095826,266.37971620784265,249.34448910902643,260.5751295837095,269.37718991468574,240.40337897683355,243.50571689220288,226.8665629056076,157.30960543752397,161.24808366557426,146.81181469152207,141.9005956155359,145.91581691043302,142.63365358497,141.0936961158781,143.1063535625756,133.89978430167608,135.34050273510155,136.61210413227923,136.20094177721768,187.90416358643603,195.75145175456328,191.56258887471807,190.0976211186704,200.51635701044404,202.35569113910915,208.6179752247002,221.4715496587945,224.80520046620177,173.241162599823,159.68038839982748,162.36748613824756,164.88543990852642,174.16425838758167,191.19604334602369,195.12465129213112,232.4358114459297,271.05989495213385,302.8299911790008,330.9358297305336,373.7330757634328,408.1439954106941,625.9181681044795,777.1085594926354,909.2693900724132,873.0410931427675,904.4853869103974,899.3439012298959,854.8205985324647,858.2093584235653,942.1246508165924,961.43399183802,990.644707219452,1121.9008806457791,1218.3164744147816,1133.4649573955337,1103.9977744679377,1127.9705535969542,1096.15436325151,1081.120306375955,1060.3351618886088,1038.229622386838,1063.68374947458,1070.902858100298,1223.030339184672,1282.7795142483287,1282.1324247315708,1246.064661730214,1271.356046260611,1293.2319037762509,1256.1336748016247,1219.0449189784251,1163.0684206025808,1210.3379201985954,1196.6334269691365,1172.7551769675906,1188.544107618041,1171.5420534589489,1286.2623902329258,1155.7875792826285,1165.284791339184,1102.3636356149157,761.3864971435019,754.5804564153407,739.1078180940988,762.2489144466241,727.831540753721,766.4107796138667,839.9567442666088,874.5863392631915,897.0843160112914,837.3634980774643,770.0334949047933,731.8065497608311,742.4256893251686,841.9265955260937,1115.1767690922331,980.9005188214396,1009.095231065256,1085.069297538307,995.8297773707612,927.9432315334074,621.6675407950469,678.4419345471798,686.4624376844843,677.628999524244,659.4402930229504,670.3978255288912,624.3694690215996,660.7650627005869,663.1645033471254,603.644193308243,527.0553804055679,511.9782188826456,489.9952174313266,514.5838353511823,546.0548009195251,508.2717904750246,701.5767361948239,659.1021524448099,601.9380139805479,579.1839117708458,608.2793702334815,610.7361241663386,633.4480384603514,611.3460515016999,597.6843243226036,574.3188543727198,556.6670586853081,531.6729949220744,521.4916070268059,533.6853282506678,559.6107484972694
192.4447223373166,176.67938711917046,176.2475713714124,166.5796733142318,178.24964119075855,158.02211645657772,146.5164325534322,131.97624303862807,153.44596011144222,148.97144531735367,136.4873483876343,137.03237824278278,151.41263983701455,136.0863012850484,137.80561939510258,119.11310903952892,94.40117257830192,99.59674375039762,90.6136683797091,84.17541248377363,90.44988522664492,86.44237651332463,85.06100351683688,87.43617428512765,83.96677789835343,89.80229774212881,90.05227437222453,92.72001790205732,111.60163590461973,111.54476594929535,109.86517774245394,104.85807471348708,116.61136731321432,124.60532541163224,124.5424936964919,133.12283374190903,131.47956455707484,121.89763460766714,107.97253965297628,103.55798756848672,103.30715916591627,107.69714131622376,122.7881377540932,119.13843901723222,137.68073074365196,146.38898333529377,170.04273355635138,216.61254215508384,241.68263519815636,263.03128613313095,374.9461267436428,458.367520095068,525.8202979095771,535.4334525590284,534.7769489918574,520.0565528885386,533.8423398578606,539.210310095557,563.1804200123617,608.0721814222882,634.9466541477387,763.5080341353769,894.6888577089342,838.8345990096213,790.6906407360271,803.7372883459246,762.6040423185489,774.5386624668217,772.0983141742166,764.7722312292009,796.5101088623868,815.2049520400077,962.4686060270446,1028.9563892748456,1017.91155111022,942.2367675188116,940.049087179986,911.261881301104,945.5732814850644,910.4925487399472,919.8273591532712,901.5328786139936,905.9891459365772,954.5489479508587,990.0015669210164,943.7809120054632,1003.9864821821544,905.581978517151,901.4882293135332,880.7531463044306,789.5232846545055,702.1997986241764,631.7758451514416,661.2207275083407,642.6168312477805,689.8565069928709,775.0481698549835,822.7026634177836,738.0738437473041,653.5104122677072,629.5770191680293,605.3485792329275,592.0806563943665,630.1020702028737,610.1906802943445,554.9942128541365,602.5784298273776,680.8093574765812,648.6048709658297,562.7780919098429,516.0392985971134,559.2704170060574,479.7113950571777,519.8798135445834,510.14143367554567,501.1950494976109,450.6098393568694,442.26088353712026,477.7094096791776,399.7005113596772,336.82561447175,326.54586619002305,288.79777110386823,301.27199825136626,284.6586790609296,277.261317378316,327.3441951218469,297.00687985151666,296.7143041127829,284.3053983436669,278.91887954593136,297.65181865129813,272.6340091266925,266.0327894682643,269.3357796218559,267.99301696950573,251.4316333449427,257.5922319956742,248.92854756925743,228.58100989737352,239.8858920090257
166.6089030768535,150.64547664525946,146.020379658676,120.23305785151548,140.09374141566815,118.17715770508714,115.29492914212943,107.31683762276894,137.65520257399544,125.78650307436664,109.68159527330424,105.526984541217,116.81662644444906,110.58058860173126,111.79373126763171,87.3167748610304,76.29402849538538,81.63230634871506,73.278795773052,69.75868925664132,73.60390954275874,69.8504578615623,66.86174304833791,68.35999913335156,65.31012604178798,69.9999515645365,69.07275744825614,72.19249501879155,81.8601709346902,82.40315574014971,77.7155401301112,68.73617146992828,75.4559545052458,95.1771616817097,93.88518075854051,98.32411833300476,93.8810417747888,91.49969865330948,77.9006476050799,69.56252576668507,69.66276944391205,71.68154110301286,80.38130409775322,80.31008509068569,91.33322647651622,87.093101443832,103.65645848024724,153.85690974615193,153.31915404384375,151.22894003835842,204.49463505833663,256.9826098279044,301.6997379643828,304.74932979925734,319.5717102576282,293.79656989009226,306.72901335475274,314.39253526372903,305.792824024006,354.67480535001647,398.5515534848684,463.1662918585437,552.0227068001527,538.340291606923,511.7637476781375,505.8490702462155,483.9950671300226,490.4584879370836,504.0809416116748,491.0609804219178,497.2897881935419,525.5251809416745,625.2277493874752,667.7842903786055,676.9242236867658,641.7044287883958,616.8437645648409,598.9715332040128,674.660682837567,651.1416160532636,708.972890971911,644.0694593299527,610.720354121105,658.3693330539867,653.9899880600615,639.2062832590753,699.0124253619643,635.3217237682545,599.1339734199097,610.5701794947146,654.910883726045,543.7689821098517,483.3423725636484,528.2853148309648,501.867518494393,540.8212855353727,589.068014218423,596.9287988217669,541.0824311732192,475.2567315711771,452.5745678341488,433.31883020039294,420.6955388011766,470.996572421876,588.310002334757,518.3157533885685,543.9796555390768,664.8005691243994,645.6011161051381,602.5313058514541,413.0105653590228,427.0863982392806,361.0860712700131,434.0258199257734,410.8210219819163,419.21066558415566,363.39823142133423,324.8809435628782,370.22750367801285,301.3698214249059,255.7533510491359,244.4511864165148,214.66956212508225,229.33064548711937,212.2164797037956,207.0825986831973,222.9126226957517,187.32889244947623,206.8992213403876,203.92741373509452,187.33896038217756,210.6843682856086,176.73189162493247,161.8495295412358,155.80378964104773,154.15907908717875,147.3118419789548,165.47677394317134,138.64872332747322,135.67135508553704,129.07539392391553
525.9084528511045,481.25142320881736,437.5736650927216,400.9580308888477,407.9852147750323,364.5510679688236,374.87006638626985,371.33347046364537,384.7793375765257,359.4210743535154,358.22906310991874,348.54070460726007,357.73659515254604,352.591908766683,368.9925446261735,319.24021996227646,295.1831252244588,287.5881241097213,272.38550782383174,294.8776005569086,271.7118002403501,265.98262372199684,264.9870208653233,264.75460406091526,249.46083809215497,257.2805448675596,245.78243857447856,243.73532035465965,277.92916471042,275.7392757208027,287.17794266996947,257.10193862753727,256.0101660258862,290.40598016083044,283.4278655493725,291.1245021675674,289.89519606339314,238.2613051513596,235.88429010901612,235.12249664625085,253.90380225383336,262.28370206096764,349.1310030189623,404.83648847702034,390.9276970112954,368.0718851333528,405.2561095255361,478.92700116202127,506.33978501676006,527.8808034000738,633.5704370594506,707.1623447697511,730.9522857834106,744.2517993611436,795.9891207390438,771.161575779613,771.2057931991045,819.9511016852941,807.1883678359409,823.354042777074,786.610168486281,771.061830223649,846.3751037605583,775.1730065005116,727.2141758390443,776.8808192618116,817.858605404805,833.4796273898634,874.9923363775712,836.3501977427834,772.364042639052,728.3667134793827,810.888651525925,812.5806269739276,741.7269385068045,875.1449610853961,772.5100140691327,738.7632675404456,783.4575626028115,759.2606593057499,815.6879587096188,951.9855728911892,847.6986289154373,855.9083919180005,989.6190907508864,880.1635791863582,914.1160129470296,791.4230234352339,706.6811983227765,693.5433124096013,704.0720891672287,697.8425239123244,635.9572601837917,677.4029764685599,724.0500397675414,705.2331288667666,807.4279694975254,782.4937468751109,752.2505443817007,687.2558779349552,701.8408942798925,674.5691965548853,706.4624060347189,705.3098597677453,814.3434242799467,818.325292204312,892.8069305430919,938.0591855734136,858.867214807677,792.9678933114775,631.5126134768313,648.9197980144601,622.1585194219865,700.262864033651,703.6729110558335,732.0590732064745,690.1620012676385,698.1318588041266,718.645164727776,650.8943424361497,644.8815291044979,614.4082249826411,592.0630611100723,602.7862078805417,575.7861208550132,544.3016691658928,691.9715767436229,680.5674072131494,792.4172197416269,909.2709146560296,984.2311766569452,890.8507999368219,797.9075331049693,773.0904606477764,720.8609374539307,887.9258467954558,768.3508513718889,770.1330534614531,637.4338578670842,640.8715151729056,599.9108765503528
628.151970196547,583.6908457673928,513.600953136729,477.0063084655594,480.8183087489823,421.6057560035508,424.7685180795101,443.5959956081272,434.4695852373776,429.65577799610105,415.3403333644764,416.46265923672496,415.01247465970937,411.2498258150703,424.1147456349972,388.3657087038306,276.63175622379345,285.74929633491325,263.08665571932875,272.52562504652474,261.47742753332824,251.48427581745523,252.2199185928393,241.76215132618643,224.9247864861202,235.8720707995977,220.6552718430626,219.12841193955157,325.9548779715026,316.3843132191674,335.75998070573905,306.67063468632006,308.3370727423528,212.6611954744417,214.84454594349413,214.4990536310208,218.53728579474048,210.862943603451,217.77996832893652,216.8260859264238,235.366194614376,257.71286740251287,279.83246302199126,312.1589274702661,334.3346796581544,336.4912280697007,390.7717295915815,469.3408333664409,490.41735397691457,502.08473302795886,814.2180902752217,866.3762797597527,940.1583590219558,1076.62535831476,996.8474124834572,873.7120686508508,933.5814435402158,865.3407166744504,849.006352966015,845.9357685981581,833.9385195561215,808.7254590224633,916.4676762336284,912.0952767601972,876.1791784269603,868.2111485527942,854.485756401204,841.447592658126,891.75794565928,870.9446675893058,843.5162178937125,816.3205385914379,855.6852358941585,840.375083043249,771.3462774694275,848.544591649603,785.3517639999784,854.3676252794996,879.5111385388977,875.3896317869355,930.0904632292144,934.90012109472,966.1024466860816,958.7583703237764,950.3680687973346,996.8297317984108,970.1646875768756,899.0085392838707,774.1099508269523,730.8437906299237,540.919553665343,533.558585772632,492.20482507367126,519.0013645060308,516.1886249153093,491.9570268910264,538.098819217817,523.6706252406935,536.3582662776488,525.9921094378204,531.9772929649913,555.2150641481558,545.4046486443926,571.0919081479435,551.2432298010661,606.966727756421,590.3081363932761,615.0534634246483,585.0616625857194,554.5428528366235,566.9542159960537,554.8875031823289,550.1439197949139,613.7535613980244,694.5706541848024,736.284972173417,646.1583087491197,626.8692120655369,666.4039895175221,668.772884713193,678.5980801057384,640.8248087277129,580.902424724706,594.1793769363951,636.1571809808679,600.470961614375,1207.6890638051725,985.7356934305094,895.2701886577418,924.503968627409,956.9475317006278,858.882157582284,831.0769159438746,851.7309559811197,791.0404760786928,880.401708190613,803.3303419768138,739.4940259888604,665.5180534846347,772.1158102995322,710.0796240040952
330.70544222431613,323.3632102718573,293.52638201225795,292.79770203194425,311.6231827710832,271.4866527195199,275.0971189353866,265.8276734706716,264.16000975062104,257.56469680314314,248.7946663510585,249.51732047583317,231.6885046906861,239.51430979421923,240.62513841659907,223.0385246463803,215.67740357871432,224.29523322440048,210.67883283792128,227.20442203112208,221.53949516738712,211.2672233659712,210.97568300234173,200.31691540658105,191.43821419175617,212.921206360026,198.65073434636872,197.8525482317926,234.73166423705365,227.8821014221793,242.5090762199363,230.38142714595608,226.3812498132661,214.95210821487493,203.8278920814398,194.44638771229972,225.90251416775232,187.53082232834487,181.20479364700455,181.52957967889287,197.93477525005352,207.4069284513152,222.816117275893,247.85700503536123,279.490119900801,299.13567866206625,359.11609350569483,418.8478739828547,464.8443627689152,488.12220278195,596.2400389221973,662.4005008084067,814.3904599822538,855.334813404213,848.9063926625068,730.4824383008893,735.0466554693031,706.0318290940817,690.5545585770649,695.020477569883,734.5022420933462,704.212158920566,770.8287892089797,820.8675960606531,814.0925168820293,767.8078765007821,734.9246178046031,721.1292791960099,730.5914353740548,710.4953846129395,761.9416008691888,731.6626520851739,754.8469212936508,716.3145063538792,644.9482014262001,674.9531737888898,670.0263076830201,754.9255366629052,721.484958686129,699.3154242510822,734.0636892597784,729.762461924597,761.5888001341058,735.883470896663,727.2243447253405,751.9135126518651,748.4624374179779,752.8968206630382,654.8127616303789,632.1497190268765,575.6120690309066,557.4970644228431,521.9412089488153,547.6386322406328,539.1539680076323,514.4654883465474,566.2662397065493,533.0201273764714,531.2478586675348,514.2295203548694,514.8567050909622,521.4588024326816,509.5598732403999,544.2466648918947,458.5842438243599,518.3477947316252,490.61559088712914,521.9599839525129,512.8566794666563,506.6402308140315,597.8865595343445,591.879121945792,589.6191743597408,640.5290288593246,692.8415642451074,690.5864236368554,612.1467521483308,605.5649998278951,576.1653820268647,532.7287524071892,592.4873108464212,528.1378960346934,474.9796129297914,498.6719603627438,567.681718278104,508.49384455859285,926.8444018608744,724.9158573727209,616.4164270694835,579.5441490462717,579.7127981263742,535.3385872649798,521.691322431667,512.2700074396033,459.3260917451478,552.0743407359437,495.2291289206902,448.4598600826382,423.36646184836246,490.9304983929073,449.1602716935865
121.76656780420412,124.7947958635117,105.29631690813142,111.30002836613896,124.5304707774996,105.42528821102547,117.72547675384038,116.79184048132528,112.81143247916155,113.77054867458097,117.59615010127555,117.9369834342036,101.53306582332782,110.27848562455662,112.72444899938264,116.23532380732152,87.0778082877501,85.61342495488309,88.05016409130948,91.8192291743018,91.30306234966856,90.94165132638892,90.02670819171932,81.70761124260855,83.4422932280822,84.54586948823325,78.99803564235154,81.31196407500242,110.27090295351582,107.81683181895988,121.76121019016988,123.01944233519065,121.50979652867402,115.4988452334453,96.52787178660286,94.81418698550031,129.06066274923234,76.58312507200667,76.10544747192293,81.14991447610183,84.27758826806286,88.09725300311808,91.63048210076838,104.805376780417,115.23624852505915,126.5434971920712,137.27129034987715,147.5645754317815,168.02257069725889,180.17188190707083,239.1375985326365,259.6115284266654,274.4640488974952,268.99269740359443,285.7976263513426,276.6334684545002,278.7039069223339,286.2275171390913,293.6280006566417,297.05177575071,317.2366381515601,305.9117499398866,321.65365925049207,322.5929957798476,335.8551570035516,337.8614442333621,346.95290999756,321.0355254203576,293.8264579677968,277.71171648256325,289.47605664315336,285.5821153225966,307.9476045969212,317.7819305530424,284.22664939088645,299.7493372182243,297.3248108235513,309.1651269398782,305.5920393241996,296.1427552616772,290.63965631873555,292.50736057462444,306.6173681104873,287.3841138751565,293.0001028721851,308.83653853404496,286.6417070115183,281.40502608705543,273.1981369558502,264.73181437266675,197.1194923722936,205.52031771602356,213.9009322781349,209.3255708418253,196.31010439075067,193.070922046668,199.7952741325529,196.36145319694933,190.56473722357669,186.72224838215695,186.63933003956691,179.41123156726306,193.6951324724337,192.46443292319844,211.45166150140605,227.23579760905128,220.5334993356964,221.5291242272686,233.02399566628165,214.910148025726,192.8841277420632,201.6904527895273,206.31590431506515,208.70316834259376,204.16079520824013,202.43653958424213,181.70908065155515,184.19609397933309,187.27076167341465,177.5942748232442,194.01877620178595,173.68189235089386,147.97497997225702,160.7585566426968,173.88470661371676,159.65777792942802,250.5869261842875,230.5597586423405,204.71397066841988,217.0577596139263,219.13046050244608,201.6445763321116,195.27856749465772,202.3139004269497,182.03034968779917,186.75169518504416,175.62568754627483,162.6614741941247,161.61426044864794,157.34581927401462,143.8180245322243
203.2844233722017,209.75974117180516,173.2335407389067,185.04084820412197,196.34755112076616,166.3340406246917,181.72132754567565,179.58261234528032,166.44704940166363,165.4374764452956,171.4496154689903,169.59221034382642,150.68496874364055,166.35581749214964,166.60886768908023,176.04871944626098,186.14909971281955,174.59374268640735,175.6064904297177,177.81875055060152,179.53735627566675,183.8938096415981,187.40484084039971,172.66428082613274,174.1651805017622,173.38948359975333,174.09956887657435,184.93047708820657,162.9714570817601,165.05956575302187,172.83288177502106,176.94288259744562,177.35585064893135,200.2020093349346,173.6420645058046,180.2666301534907,216.4056793750277,178.58764247332866,185.63724872288665,202.66848652933103,213.49366305103968,228.59216056260863,231.68819528977104,267.9147519386988,291.04798963618146,323.1923470924812,336.4087493209795,357.2656072497356,423.3418392751956,457.9551675925284,384.7706767959611,416.40973136503607,426.3745575990341,416.92219366521897,434.7273943215298,423.5817279734926,415.9131805974517,439.2191928390758,451.26397312521806,456.652285045297,457.7400294065101,451.66736936219246,457.93931688798943,467.5142624951836,490.966708999343,504.9120238006413,518.8794881106339,465.8482344959081,418.7762294107669,400.2730338708601,414.9792610378772,415.2226647245034,450.61486797589896,459.0683001483091,420.5070291026343,456.9021971662639,451.93452910295935,453.8210091034732,448.77131739701,434.1792161172714,424.0687887222906,432.7944597676707,442.01321617637785,406.2084688691893,418.05111765369446,441.5310308933815,394.0739345742809,384.6925235903824,390.3280662453829,373.13753510659245,440.5451410503557,472.6751819611713,519.4626709439766,503.1373963100419,457.087679705068,457.0329464397953,465.5640487911645,462.2616749046801,458.2371069024729,440.4085882108737,442.7388270238389,419.94658056831975,460.0911661616672,458.44440270189466,355.60846939424715,379.7004695993188,360.1690632788397,358.21388351317603,388.3202198901632,352.69006483007803,444.80666964047,460.42683196507744,479.2288097153231,475.8361030174805,461.7804432737217,460.2333636078546,418.4116030799432,424.91603860362665,435.37816593812056,415.0143790704402,436.81922804634473,407.4908049074948,333.8965581432963,354.45449274752,380.8940889206583,354.5291451517883,345.16631684114697,326.6702967123325,294.9125981841728,323.7544454166509,331.5220417264595,292.48453462070546,290.911985126983,293.43522457149686,266.10481389948643,268.37624660497534,267.3881686933892,236.6969495729305,250.70639694967315,245.9842856786252,229.87939656610376
46.69318215802164,48.80240162805124,42.90354676794958,45.09476241771805,45.20950413106916,40.06849699676633,41.18069023776338,45.54345352099474,42.79169974274436,43.02743166220086,41.55628587636732,40.34417565133155,38.327036251613535,41.58900194341951,40.567960738371625,39.53870089227279,38.7223518077594,35.07976793649245,35.88961369108365,37.088418238221294,36.28551737527551,37.64011289200989,41.25906471629623,37.500565957088966,35.62837803358995,34.30225948735734,34.93314389666332,35.4630048257179,36.06136889038192,37.15641707975946,37.8411333456362,38.762434274166864,39.62721622741186,49.02031238223034,41.793207988214455,45.85389724173924,50.8192312129262,42.30128404701025,43.96791880080517,46.64692364727748,52.716889497114494,57.11020807066776,68.70724366181317,84.72016386131766,98.99084578558362,133.086245603416,122.4745584379328,136.28303573177968,157.9750221069674,186.3169803302926,188.41497015643077,264.33491820145724,311.34675864847287,313.4908115262325,318.92776785075307,314.3092233910315,333.22608729278585,324.9827482149673,349.7725152642884,331.341636971302,329.1137739915318,348.3399974841092,358.92155801404266,393.1684597328669,442.2972503543989,431.513655392675,468.2187001974535,400.48863491649615,405.416466285071,387.6868276265904,445.4781137217157,458.9682211391989,435.4808210170334,409.70689416710144,431.9087399844464,425.2164262852033,375.0505565389319,397.23096154588006,472.7617184859527,436.6114498733132,434.8573274147077,461.9128514668962,459.4280625708523,459.4319096903101,425.4430577207594,447.6877442442988,378.8372324087095,381.2589394331085,413.6297366312573,370.44093914208185,363.1719920100515,373.088748841637,349.36120353563246,345.2695275434104,335.5197084719797,329.1448872515702,333.83101124804807,352.0000898101248,373.7197393532226,388.3783420455932,446.4887299739921,478.24028769801066,452.0838318491722,429.5722691042615,312.0544572057053,292.4703608046843,263.4594278571548,252.42169586104944,280.1537753537243,255.5651762933657,345.0934308343828,357.0357207413685,363.9620008080336,357.3593811325188,317.8557095191951,361.98972822843547,326.3796173338196,314.43017980845354,289.4206979035374,276.82630483618834,279.3649356077248,260.09754308527545,232.4275264943577,199.92006514545065,176.14045304822488,153.92364182370315,128.67790311989074,114.6968011155443,93.08813362799496,92.35980462303874,86.51646321370949,83.94451749280739,80.07411766728967,76.25491056274917,65.92406308642539,72.59238083816865,76.030682696082,62.387799736984185,85.17292688496568,92.5211417685825,87.00197605075641
65.12297819283519,64.24716304721281,56.99933212402762,62.48287115875575,59.35778893258183,55.35366003785716,55.62175108279551,55.29757509984778,53.696717735558735,58.58335906863926,55.4910851039795,50.80063948230003,52.01228696231998,48.95748102342723,49.316407020169066,46.52372518083878,47.2174189344093,45.0166078317138,46.768839155035145,47.6580791828718,43.25675883297996,44.90785023457424,46.70421384350264,42.85143241695366,42.76214331885172,44.17902293778371,42.511532062978056,45.13120122711664,45.83015530641402,47.03171889614495,47.37779719831099,46.101113473973385,46.72385865934995,45.34329567160193,43.301986978907415,46.42925016861592,47.76325547863452,51.874768200722094,51.58215258681218,56.506926208606025,57.19292577758517,61.30823788401497,69.72732859941115,72.44933844424156,78.73120602598317,103.7531258770569,102.0372913512409,104.9142176935747,119.48147932271492,158.69079156597553,165.33952863993167,177.55621830663836,180.61060843858732,173.61006296700967,180.0647572751544,185.77398358412484,177.86035296614108,176.7936890299518,176.8348788813126,181.87698932123016,193.80416123194817,189.79257916447747,194.4728615690072,188.87105223032765,198.63674835388423,195.13626661640453,203.26391847861717,203.6249828754764,222.07362259121484,223.4280178789098,218.02608388070212,223.92882487686876,220.6828474148787,218.1444251632235,228.45605004665669,220.64694727802976,217.64905804446008,223.05769991164223,245.0111113035136,220.83073188503943,227.10325099566776,234.1946320227673,234.68214000533527,238.0453601216942,223.8377369328816,229.54540898134996,199.1370266589148,196.6191277733469,194.15926725795012,190.2435926582573,179.31797136701434,180.97484839029872,183.30563995897649,170.01998651862698,174.9483937600987,175.6416147395797,170.38033206612545,165.4431501458656,179.91583425634292,161.43541976590285,164.7529841497332,190.25695477145385,189.13899295776355,185.56870787524872,182.64775614405391,178.33267359299538,181.33067007368965,179.02380247943609,192.2581983663584,173.55664304492524,185.92108893477223,184.0498336133762,175.46757505609963,171.06594588901848,163.82811536165124,155.71519116721055,155.19302847694385,159.5063130978718,141.26217631805716,137.95878867905756,147.26147251268137,131.47176974924307,130.96146186252884,119.44803852489396,119.3873772054224,103.96833143498716,108.54406792640307,105.400913867194,98.49468554489994,97.44901488054424,93.83583932565276,88.36589757704745,83.90782613414625,74.16254472901699,73.8900751175873,72.05420268519005,74.71968910111131,65.47564983969593,70.38886094927076,65.94649315754096,70.6444004254696
93.70370362887192,88.32039048162117,85.28617421168295,93.20118152406047,92.06764404878896,95.92344162029208,88.590576322272,85.27541376950575,78.92792878175929,78.42095932222523,76.44017454267647,75.94447827823555,73.8849505734192,70.21311814115525,74.89709877578107,64.76484370254535,47.88444676625232,49.35442318247329,47.81574387478836,47.681275540222295,48.77492845492727,47.10617423812144,48.81768739007944,45.56653024709236,46.21118067907356,46.13182530515675,47.43049377645279,46.87136731439755,70.38356540820757,70.87886868516603,71.27817078693593,68.79602347680235,70.11281486570891,71.38069351935594,72.71614141413802,77.85148430136266,76.37212170672868,54.60178691869751,55.68529036803185,61.65751343399502,61.570653815418574,67.07368874884423,75.12484703376538,76.55633344063529,84.78371484249735,113.78890085362788,111.31116759580928,112.44017129886528,124.9620448235991,151.02438490490772,203.31869352806623,212.4951340746188,213.39766234158523,214.0793991229716,231.3444309327181,248.89683992848703,236.7895511533584,225.12235059535195,231.8408156221057,246.4787813880585,230.22984941069788,226.563173988785,253.92720565190825,219.18953120385933,227.4300743089027,224.13317377308329,228.8260246174769,231.44840263333597,264.27068653866144,248.01721468594724,218.54598701209656,223.81156351557283,225.11228029811352,225.56822070925116,234.35135482266853,224.77261026933223,222.57987042884116,210.42371120847767,227.1957176722882,209.1268150157144,210.0606380608197,201.4626308130498,212.08980859407384,232.0864133912393,220.4158716928655,231.7896445907008,218.66157230309332,209.9973278766225,217.29212618923145,223.4496638566897,139.67709918195018,145.7332376102027,148.4210856291571,132.53234630002422,140.63653067359283,135.52910455476078,132.87718786633604,130.63195158951015,136.11852889648657,146.40109765851065,138.70235065101727,150.16860987995278,149.52950411222116,146.22500336263334,151.77126772609196,149.46953703106482,147.5208424320985,144.5659689916591,155.82435564520648,141.17835958485884,134.25125905360312,133.92237302661923,131.96920822103309,132.4331023771144,129.87271236208034,128.22051552386267,124.95848373372893,124.6888944353976,118.9210856301996,118.73572924457083,124.21913915803108,112.00663978043038,115.0978275037754,105.83628483983004,113.4869615775158,110.72952219856234,163.21222704525724,166.86264019394952,156.8938741524275,150.24165245899852,147.8649205978737,143.4245677205974,137.98306489041371,126.54546930132372,116.91926206846745,112.67354788910946,112.57624741447108,105.96722568970696,108.96638167808922,106.83723733504992,98.12778951484732
72.62674123873408,67.18840566962069,68.49861398003583,73.99458717999823,74.69521473599593,81.78294964805404,74.30623820733943,72.37923557205521,64.45294376623167,61.29717257240671,63.95648083662625,64.16256465657611,62.89625980688629,62.568699701311616,65.86877862769352,56.1649739304029,55.61538198271929,57.69831892896476,54.7761339790685,54.231639868342654,57.5696684646688,54.661711424131305,56.0456352132374,52.974316372973945,54.67896950799417,53.59766480556501,55.01272540301196,54.87878137433782,64.37268155810014,61.79003024893409,63.974633903563145,61.91109251941906,61.258228328610514,79.89408644853309,83.50450233618747,88.27275052085334,86.47796941295876,62.35953716915097,62.92905886693998,70.1364865151576,70.74657110931044,78.05345009120532,81.95912277890277,83.80268369553572,93.61266333729644,123.54426408177592,116.15601249391398,118.8944940544756,127.84894261211232,133.386398940297,146.42665236164473,156.24182225434183,160.39097359949423,168.46020141527666,183.8818521151256,194.96803035154784,182.75497109293025,172.1906862522675,184.9038820459321,196.37810107646197,166.13777767245526,168.32243166387354,200.09797139883665,172.03058495995262,177.92426665004297,168.1948300411052,174.1720413311297,172.94941413021806,200.19942916488105,174.55563948095883,142.4331217684366,140.8942894478812,147.06033886799912,160.68045651664713,163.9132716061024,161.21318091541232,150.69553070205737,139.90044318772908,145.2870019525368,138.45689632752988,137.17938715644323,137.03294571406713,141.7413434486154,158.15214919915638,150.31014413605453,158.857410717104,153.00162959086177,142.84152786556953,154.53976538570822,159.93051852504777,127.26781915099204,129.6166326015895,131.45142472658404,120.08426193963274,126.55775760902752,117.26288237714591,124.48383758304765,123.99065207573788,126.0191602817225,151.17723818503123,135.6084467982789,138.94844004288672,139.17073207560227,132.60981603916863,113.80025335588476,115.89654713253708,112.54255238178928,105.68788383023904,113.6391459544373,104.87686749844706,115.74699332543896,114.14314414621028,114.83007190229816,113.78984276972312,112.96561415272096,118.41834361277442,113.35538999099822,113.02385861192944,108.06743735394726,107.842186772613,112.8337336933778,104.32282500862334,104.18393016438324,100.48247009230916,107.9459723488214,112.35220333640812,122.57855917199842,126.54368559054949,123.8501873758925,116.07266132951804,111.86225571244007,113.60821263634584,111.4302546430188,104.66022424312854,94.43107571538924,93.31198735401306,90.30410589289276,90.17072195597656,91.6752375297058,90.4094445368762,79.23740281703866
477.51170046669375,414.1126089231218,347.07370790858386,340.68249679999457,262.9838336227372,227.03795967335293,230.0326796443789,211.17190448403448,204.20012714137604,200.51617789362683,195.98138608546697,194.039929887681,183.2133280057174,200.4573977149648,205.29127326983772,189.59353626143343,216.3613549607314,206.9403862056567,200.60230573881404,210.7134484115153,193.23517910402995,193.2474700183317,194.43632378661152,185.73789062365225,183.34359731769612,180.08255422963686,174.18572456700417,189.66250068268255,181.3289796606444,164.0457611607771,164.70970659004726,169.10176596662927,157.12942873557597,148.53115904818412,154.45303731229873,148.59970590135902,184.2558228073974,301.84868281607066,220.488149882188,219.4184749086905,250.29106113706808,213.63508534590744,262.080993660696,280.07018010411065,282.2269094169214,314.9779047291331,342.8734359609149,418.38345762754335,526.6183092111589,531.6699160958516,466.9526083386178,436.9790880426647,485.952188890796,453.81383317747407,535.0551080223245,533.5077068204482,612.968696746042,554.2147873613134,577.273359967399,530.4964722575797,622.2580600371109,618.1579306622731,688.9836531645643,716.1216622955313,665.2079220198475,565.3087358439321,636.1756097950495,602.9812117856334,572.4729072986005,554.5481735770194,567.9930430812217,587.0786925599338,573.2341119378731,555.4820016981548,586.4999048120111,652.5411838981929,679.6972158518842,693.6371986732028,718.2151573010608,750.9898453605434,701.9192952677045,763.3716354538989,845.2006477085829,907.5079118432304,836.3747956507767,774.4154544478473,766.4871633381372,764.5084767077675,763.9644319252848,814.8119615152391,850.2420760227367,810.0313934817116,785.4295347387599,833.4768803388239,787.4981612947308,892.5664511405421,861.6346537291809,727.2928087135168,792.7932232226578,755.8155167110588,733.4944745998813,773.9885075883866,731.7633547081119,727.3062995056606,648.7339630974373,627.5756427344913,665.7575805786635,653.5153680778375,663.1678272569185,588.9038206082605,658.0145616784461,630.7718511369246,641.2762530949923,776.8672697022777,655.869214812914,588.306585634439,595.5339758043445,612.2953694016428,596.9722925626219,671.522225405698,644.2329175764354,687.3874976701073,693.5977061148816,674.6641670074506,724.6606454168575,705.6078391326574,823.9742982013753,762.6286768287495,723.2711615381867,672.5734817387985,770.426576672791,706.4281897367266,663.3007110111826,753.7632873933127,735.402601443563,685.0670858279042,677.2300369903016,682.7214377204227,622.183967184693,626.917857975082,622.1434272288002
207.89337421309293,195.2062008665122,177.727991171453,177.78643251443592,165.95157237164486,151.33447533359512,192.21461963166203,177.9045300916412,190.5622366233308,186.9258535013296,174.97436297493456,157.82706430449534,145.91060081975942,145.4175946174759,150.8560113482217,147.58401759836838,159.8465774989904,156.66403230567485,149.73334259755467,138.21160958805984,136.76714566309087,133.8621696238774,131.79515231819192,139.63536629681855,137.32207217743596,135.0619282715659,131.47042321468962,141.80673388105822,126.1755925398959,129.10707117883516,126.19416196798052,133.59935267171895,127.32968323370882,138.20835115517556,135.625743781341,137.11904322418906,134.67192312396313,140.00560870331546,132.7570426215306,141.40962281710185,170.40411434619972,161.9384764080185,172.93031339734608,184.3554151804533,188.8397714847208,215.02689418133232,265.09994576476504,292.89729679277315,367.96405314189366,466.7563000849906,407.5558533532981,289.1901838482101,306.74343076806406,288.08484937902506,346.49997392556514,409.1410933036877,443.18675855132886,408.1521317750169,405.1924383752838,370.3453902849062,429.0239172061746,418.3775168997935,431.2681728752103,413.1438415532398,498.37088111947344,455.7187870070578,496.32737898682507,497.5686340779864,478.1092027203801,458.63506422883466,451.00294325130704,479.82233174793305,453.30838906899146,429.809335881814,451.03220704289146,464.8677175092172,481.6004520250938,532.6382469321943,536.3348512323229,504.7848951888445,478.2556553287552,503.2413251314121,543.7036366746308,502.4475951594456,541.0188303333705,551.8032538831451,571.7219271451047,625.9082695719868,549.9547418680044,578.8695913096486,596.7778323910945,580.5828294635097,561.3469613048777,565.7277275657573,522.5626616232302,603.4310050880196,559.5093435767026,472.9780916329431,552.4310825035333,521.09382223667,468.8975192716926,463.49868460817976,447.9411682193681,470.1589173437391,425.7254640112809,415.013763321192,392.86939654790166,363.2571996535941,408.1860368115445,346.81760380905024,400.64360689162027,382.40993561387376,366.3067416755634,358.703414821846,311.2811284003206,301.40642144100383,278.37440937098984,289.5847480983123,277.9229249958377,294.2619397549506,350.2540714021797,323.604734511974,301.04797650914963,301.4276358642978,323.81556267357314,300.3936724226562,287.70861258792536,247.51089615084405,247.5737020732362,260.15975991013136,261.7506991048453,259.90947354283736,266.9113718876448,261.7551842521747,262.8169178763158,255.71018701504448,257.7590143413772,266.05759638174163,255.19364774648432,241.78903096471217,217.7015940913162
331.6991306284098,301.1599572056851,276.0086324027565,243.2351688249872,226.41767255525724,193.14526534107756,201.94757796622807,191.7631920051525,200.25507271095643,195.45484533321928,210.4548508494966,192.41998293629732,190.78695123340952,181.62069273955456,192.51917808100276,202.5495862163846,160.95157122085496,167.75888394662843,160.86448873898632,133.5774909564898,133.40457374460766,134.46320911352342,129.84720931493186,137.23609076237835,133.01237063034876,132.7963019176927,131.84546628338026,144.57217653081216,175.35795136232295,174.5362981555167,181.7066641975533,177.34227667112137,164.5878735631706,156.90185639588597,152.14339856594654,150.81743877169822,164.46127421864753,147.6579078360199,141.20470239713043,140.70981553155775,152.91276713661847,152.59044589682475,159.52747771189817,166.01460190954603,191.3405727412373,211.1073360649931,242.2492210848981,271.07575134012166,331.32757603814645,382.1624790197934,445.75939295262697,366.29506974,390.2779435282145,355.01571808103245,535.2741563089621,725.3177885307698,741.2307551911135,871.7566122032733,861.6319875247784,736.7401772864521,918.987237039093,848.3867767176895,903.2246127965744,944.3634463438198,954.8303906352432,907.4614484959056,958.11587522746,995.157797645388,981.8936408506348,1001.1711395232688,938.6851821051232,999.821870418596,950.9823736020006,1018.8400837414512,1065.1933247251457,1039.8252039603544,1344.1177849477406,1335.162374694795,1271.0650315216278,1390.0506496206929,1245.4094175128942,1265.4351502809825,1203.8249361265964,1166.2687828316405,1104.7798606158756,1044.4536402418912,1128.641608375615,1190.452167830167,1272.6425959562553,1239.1373009749996,960.1501779658904,1055.841822044965,958.8526854899384,1071.8947686979673,997.910818618586,1024.9375149993264,931.7916308253116,808.8313216364497,777.611891706081,735.0026823036346,659.4643844040421,716.5589788929371,623.4102465056375,621.5594958948437,682.06883110296,710.8269448743947,655.9674649416703,606.7236942893641,730.4505583765309,682.1807700856201,556.1598168378664,581.9655881301837,534.7647813946515,542.0218850285099,477.7490084937763,449.5294152845304,407.1304722064722,383.361215842113,384.7817948520063,355.69034436810665,355.38096984680146,345.74466527824444,314.6087977979151,331.45076650088873,391.40260960460455,341.0744169044618,373.774946067802,329.67047923965674,362.2123353797132,375.6883531221224,346.5364438486,331.9999152251663,369.9167062681258,347.7862927942175,326.13999766838805,332.7708651288875,346.99930084233296,356.87172600422633,330.2863402829209,301.7982201960995,262.7912915108208
389.99182268825376,321.2018188605052,287.8187053602049,272.9716454787511,239.75616566916844,195.30101884345797,189.12233831996423,178.22302277256222,169.706338586533,170.44364278289376,178.5002796393122,156.39888319824746,160.84630224065793,150.61092690061062,168.69906928842144,182.52355586553915,175.28496161226593,183.0166369863312,170.7128153384044,136.5297703016694,125.76918545909622,124.63362432669248,119.68645568003804,118.80690898906605,118.29045498049068,116.34482932103776,115.63099775121576,126.94393971853532,130.73414679792447,125.00320885361064,134.74463487069497,133.70337253175984,124.5321745328204,164.56983141149888,160.8682393956292,160.3526558144767,175.3683737264981,144.56574824167012,134.24970087367356,157.82247835028812,148.24883590107908,142.02528353649282,147.7590591695645,150.58588184547978,173.9208201291033,195.18386675356533,231.2597710375858,252.76356175583783,281.535036806055,328.6873761579767,321.2998739135104,311.8285074000684,355.275637689014,349.5328464208983,467.9394214524588,529.7283694169638,492.13486093400746,582.4129951423143,560.9549724533207,491.30293861636864,580.2480331772321,538.5857495511283,562.337230152497,591.8261062611714,572.0017015994084,568.2613596295373,593.5184974249534,592.2646457502736,613.4862930143381,630.0099654330871,561.0611874383821,578.4466193317955,573.1776387340065,612.0235427065703,642.1130331245956,622.1303148158531,802.3251460830992,791.0425227123155,763.832469714126,813.6927924430643,752.3591553631524,765.4949211103552,705.3702978443833,709.2687806175581,679.4704537909121,628.4377508618468,667.8445856911997,700.4414505872284,769.6358652043336,729.5273495932217,666.8625436661346,739.3821215620618,674.9038348497216,754.0013041442261,709.9545219567278,694.0432598533226,652.9339689383579,672.9606588575336,646.5494929831668,624.1237462172304,588.0960312257308,640.15162403109,555.5362704923177,557.3991583166529,466.61043638058845,506.7141774148621,502.3671952262344,564.3147484648684,619.4350500052606,546.986437865663,546.6097059553908,587.8595051790027,535.1436449843841,551.8988060961785,499.7166113477009,484.8138606104226,470.9247261555035,431.7854158340412,437.71192399211833,426.39442246492143,415.44974006246247,408.9641562415568,366.2773652303126,496.53847103440114,651.2444322803651,487.5096788934519,424.5605145799548,382.77982489311785,403.7434076023206,419.0276597713259,431.5842549022066,399.9758336916513,452.7516822681235,408.2381584239424,350.0275101278808,357.0243298751852,373.95650195947326,378.6946293279611,359.3662586543731,415.79729995559273,350.6434301806724
586.7240995935816,437.4862283171266,403.22715294924507,418.07975077019086,339.70013301077864,273.3188919515895,306.78206173847445,314.0801146719658,273.297409016069,257.77420245602985,250.6274817888038,224.29422327947145,242.824548735794,228.28696140821265,230.73009199139568,229.8719322879875,184.71588514908524,177.8108567720685,166.70236945930023,157.39896409384198,149.43069685486435,149.53157913918778,156.46093310755714,144.70968902597153,145.7636708352774,144.35535712573437,142.58127773262015,155.41960985120065,185.9269447258077,171.60326008904468,193.24601725370937,193.5001219469192,182.28963945715225,211.9598181566012,203.042521210072,200.7521416604724,208.0815897570816,177.25318432307307,166.14799014489878,248.02209197410448,196.9672565864484,179.5342702300634,190.258205696148,192.885479406023,207.08426806210056,233.2954572522024,262.0002204050523,265.9339489084533,305.3195674311184,325.496819143425,395.6807012655659,402.2317328163443,442.38303438306224,485.2209350582953,567.9864807992785,531.8557247992975,486.2952325711147,540.6021300596125,524.1467472840642,540.3939679903441,600.6040199783405,582.7273307430052,575.7105725810973,576.0484760580897,538.4931584112484,593.0653550479883,646.5275151534378,614.4983520111083,702.673062757019,727.4712402935946,608.826463395469,576.529787699639,592.9492291915345,553.7649613686281,556.8792640399238,553.5974941729612,592.4530819448912,608.3117070447574,636.3110887524936,569.9988499001636,606.5689320420938,622.0725438526583,600.9123978716239,641.7305323671031,643.5867396381186,591.0921493648688,573.0349936400104,592.260371949899,577.784873639247,545.804904477353,415.288595874969,438.62812459252245,417.9343444481646,424.1307722868769,423.7629953008077,417.3728389698898,405.686888272343,413.67438221260994,408.5129982290844,420.367822508677,437.8553682997719,465.99726729158505,431.1966234031248,425.1727277062169,397.3926096205006,457.9560259855145,440.8198579876224,537.3675888467682,564.6336812472447,453.27561993511614,419.2911499365467,438.776685980407,429.64743005542095,422.87346744480186,403.6133156845791,393.772526765254,431.8105352218976,457.9275341999781,461.0797993867423,479.6463962980762,491.59096708443326,506.1263562161817,455.0637222276853,530.2260982347268,604.2910279616636,482.4960717564406,550.9152534014149,588.5022339368644,626.0331931765401,679.6859834610669,864.9398737973613,756.8013176855268,803.6523403470006,739.4309943918232,589.7112888039566,625.4124108966604,640.6709890546538,640.3288055119347,620.8910127458877,601.5006244702363,564.5753508795461
756.0595665057606,587.4364432726351,530.7966940252106,550.4050408254966,494.51667212983074,498.79552471853583,510.1635597980066,447.9043405261712,447.1101454078062,430.6724552182472,415.70325314302426,400.39959511904857,405.47837058158507,438.982903273585,450.8003303547226,425.2739184313836,261.2629102813105,246.7247773894767,229.7001772832576,208.98722839432105,204.99843202270492,205.8907916878444,202.82257052108275,192.53754571676703,199.0370674909185,203.9731563684508,192.2189376793995,199.6931679222208,293.68808290022304,267.9165305486902,289.0047462606921,293.49940169236646,272.4542076595808,247.6004778779792,243.04412307685,239.31237799652345,255.99554625546,200.16809396534336,189.70942886936575,225.16290335044596,218.88368385781607,222.88901177832585,242.4790446349977,265.8514910740652,309.8155132653285,333.2941643145969,348.8579436285952,366.8331113328074,410.61190235599554,508.88687104120487,837.182316163289,734.7319218311275,790.7308921086023,840.6347354175743,936.1129529954496,872.0170503798598,817.0014685367332,866.9290415090401,869.3571411333487,864.5014749651485,859.479355244578,798.3775336807108,788.9653020410939,806.8225350868594,821.8987998323947,826.8995975112945,826.7474585634536,821.9792373206471,863.9228156582221,833.4913486236436,884.1040941166425,818.4534473780114,839.6888398922495,844.5021429888842,845.9073876560902,836.1309687455803,904.4932863943974,933.6092325486912,959.7230113460269,901.2945411146172,893.5858334334647,951.2522864880632,920.1702211137398,956.4522036667915,991.742524200459,940.1793134820516,878.2162112944003,903.410142016618,889.0373252946807,855.3913763276763,546.4907970532928,556.6245531982578,533.1201075082865,557.5371944243423,584.2219281290497,595.4407167239964,580.4235364094628,591.9719180549068,559.7294767933216,584.1622175908574,581.1216686013794,592.1069320361844,571.5556282503737,638.9543905236051,651.3432286451155,665.9539102374405,595.3087402550631,609.1152173501143,648.2839964820084,606.5098594618495,534.6945359968155,536.9210810333594,516.3594265175653,525.9299542120901,503.314150089928,491.05344574967,516.9737566315156,570.5122395247043,505.1589551616897,518.4699001217599,509.62440078665134,538.4897689736589,588.8636530852308,652.5000361636991,685.0635829879269,582.9088162996778,834.674372476488,855.8641849671227,847.867742455417,866.9939754473394,991.1712140237356,924.2497643736508,952.8491833696024,932.7702007626824,851.5286169416786,857.0380602953952,831.8201944604364,809.6689970510304,806.1898905172848,806.5393530462011,892.7950458901875
869.2383317626578,715.7218602612458,629.8744620473459,652.8448227830771,604.2150513024272,561.9948359001334,556.6656254923421,515.2430646013752,507.2623133444518,506.9158527789425,487.2984471570074,453.79510976127045,451.3489068322893,450.1677278930667,427.8131520529325,420.6617574292458,402.0580768731269,380.05260181874417,364.0452996957867,350.3893474451893,341.53650307384214,339.6270378802797,331.7326491905536,328.0758508804652,328.6213147510946,332.08501365975565,320.33777442728234,331.7817030782089,319.66148383630645,306.4855848354769,309.9838210855588,310.4865677492409,289.4640719707237,351.4029203277078,356.14469238431684,344.35887154310456,365.84543516766,336.1285070599956,324.01447227804954,362.66144736873946,371.9097826065176,392.4856705717951,432.6845565953134,490.1623404391685,536.8851049908924,602.9888764363187,639.1959281672583,692.5360912418753,761.4484933720512,883.2825212124812,928.5462914168533,915.3493029910384,1194.0069140928863,1079.2447174269369,1084.3999115866734,1004.2843445352892,944.926594449313,1003.5063764682376,930.7108909335376,902.2485442786576,906.1248113844556,925.905954452746,928.6740691803378,923.53354392538,982.5251590460712,1004.2970123224842,990.397720094551,952.9862130096234,1000.1965174943084,1054.7355913351266,1037.8634635996832,950.0946635886922,933.7367145460482,965.5933375884822,971.826466386793,956.4465545866864,1030.4600123585485,1020.4798184534986,1036.516671958219,1027.5710009259792,1064.0946203502128,1149.4880881304284,1082.6625358414726,1069.1008620036694,997.6112788336252,967.9805585597117,940.3744881769068,960.8101115136096,965.8737076754292,963.9600772507782,919.009939326151,1018.273963004523,942.2350508189378,964.5887703634008,984.3837046751232,994.6633439432848,944.9813275563314,946.6224378960164,928.1602578707996,933.8380006126328,929.8272768959891,940.1491832977686,957.3684482762484,982.505121457634,874.397506503523,899.2349749256093,834.0149255287162,865.2207763444785,897.9660431196784,908.1082577990747,938.3790769203316,970.1518070731668,935.1743806189892,882.6814393974167,904.8476297110436,926.8739907771018,942.7761844966816,998.4975713826368,915.1897916806026,974.8561849338334,918.5427333341856,923.8947527299832,930.2485200668576,979.481084044101,1022.961626410143,971.6645229311354,966.4033470792592,976.633695356316,946.4471829258669,905.5883853765991,966.3097017243764,925.0193306027986,965.0210010370104,1008.3339440378896,923.7802151582852,991.782758615923,930.223351935918,895.5924948982205,887.3458348770015,916.1914001120394,960.2098163801344
1238.3102028847566,1037.5341299144047,906.7007341127216,943.2425123373492,907.306094869643,828.667421123989,805.2958299874405,759.6807672636033,739.8652969906734,762.4363859711746,710.3701517882322,658.134131814036,658.0343086847602,618.091523382395,585.9614417297887,589.4869441157075,486.6675762117153,469.90266571298827,438.18614440492735,427.4539746071218,419.5872770214797,411.9133089178589,402.2627924567777,410.48266839211686,397.3866597497119,405.1950363558416,394.3986012919992,398.99418004525097,462.7142632241817,460.9704488781616,449.6160604194357,449.23163713644834,424.20653834002417,364.98344966746976,377.4672543062892,371.56360703992016,385.656641426421,412.2857866059642,401.8153868334536,442.3056574747174,459.7888124985949,487.71374913607775,538.5053194929474,618.3175485455539,657.9656903666884,743.9566046995936,793.5167403915527,858.3698149432656,936.3826251951806,1056.66536720337,1329.5675187629563,1386.1238883431413,1872.533811821068,1588.314354165385,1539.3655418188275,1480.539107406628,1382.1664768583305,1434.0604761647394,1342.4604785101506,1311.133944383184,1313.302869713577,1430.2123497571995,1469.3198533256127,1372.9559998451102,1481.6188439994569,1518.393885791278,1473.7338404303478,1408.9830858882217,1473.8655705888557,1609.6110371910231,1551.8574273483407,1466.013005732241,1410.398038237374,1478.9314107514035,1508.265672016624,1429.6113408489634,1515.8945589871976,1483.590959391606,1506.5342923292717,1502.6593400604067,1585.2646577981682,1709.7492718936917,1576.0723652242727,1585.263372953123,1396.861500879108,1377.3005478257992,1362.5275792673024,1387.669383517313,1385.964388557623,1408.2624509835796,1104.2581782658292,1233.2623479560718,1151.6984542698049,1133.9096830945653,1162.9052179799146,1163.9766608990144,1121.7818584088805,1139.5081181720143,1143.354035480828,1084.8827524047458,1080.2590768028783,1105.7032274839798,1140.7334877341252,1126.796352298726,968.9690278307758,1042.4258755485832,1005.3565047396824,1047.1023603652736,1070.3488064992346,1112.172678188423,1183.6613381387542,1244.736955541724,1184.2930356872887,1090.6297650888616,1147.0628367636675,1186.3577927723309,1216.5267216161833,1259.828775448242,1162.8225309378277,1232.302991710962,1166.6792706253525,1103.1650695298474,1034.656095088058,1066.3299824004484,1100.4364821443085,1086.0431899389885,1341.640842008158,1355.6021533465198,1303.1040885863486,1231.525575977293,1265.0896975147202,1233.1494677642477,1303.478759823096,1365.030108921503,1267.9874403416848,1368.0180078000265,1301.7124714865884,1234.526175795694,1212.554673973484,1302.658114953961,1335.992712612412
542.7543382576088,451.3823102887546,411.6727988106253,445.9231064982857,463.3524720312537,446.9352782044345,446.52720055710313,425.86868948499966,400.3334413726472,397.4004023723168,342.7870920431111,332.887189355176,349.71133514176074,312.95274368631163,316.74011295861374,305.2831992808328,296.7891613089556,303.6792376251699,268.4455335581984,260.0065634780241,258.79694561446706,248.954019449727,243.2699409441527,250.8284415187381,227.90432126926515,237.8550996613125,231.6823692618388,225.96318157298847,229.9770090044578,238.59135139520708,232.2758206555724,231.8473975127066,230.15855440931253,223.86125400932863,229.17042252792533,240.8888810460091,241.11265041285196,256.4590772721009,248.82248470105685,264.2544423493298,272.4842072423003,285.6550607164777,312.6289250169532,355.8678927910649,399.6204524702847,450.6624815859229,487.4237881148627,505.1454063476679,544.3130823792292,618.7303228145786,703.844819211714,780.4200596344391,911.0388160782726,817.1630007525805,845.9505604205831,901.7443682084512,853.9649064860056,834.6795726670271,920.3587929570702,908.7935795257268,941.0901202695222,1028.164131317913,1080.731485176769,982.0287680582312,1002.6168663405203,991.0963534395956,958.1293787550342,940.1832950339132,946.5406461597352,949.0075922462852,949.4378276009768,959.9410057696748,994.172595946994,1089.6302390250903,1140.2945629580258,1069.473446233442,1105.913099629746,1193.8481395351505,1175.0105185519546,1115.431326913614,1099.144618416294,1142.759380080637,1065.838910383559,1112.8242315004634,1044.0663083145164,1095.8179949688438,1125.0528933879712,1083.149266307268,1043.781662527916,1015.029525569003,887.8697061052603,942.0157372850948,928.7492051111308,923.5422261112586,933.059997881024,947.4157152824876,959.0361100998869,997.755261225958,1076.156004987904,1026.7029889948494,917.9990715064616,937.8689956673064,946.3457033626293,999.425867091189,770.2902109234727,770.3736469722736,754.3659346652846,818.133440073724,763.3231573081007,777.2430489420709,908.0336234322484,961.512915042156,998.793700921554,933.370584116358,940.8218725756262,964.7122756536168,1023.4114713334474,1045.800417175988,1005.6875872475238,1002.277064086326,959.7928967646188,878.6659185047308,814.9726069554393,809.9959582625598,855.718124108482,791.315406010378,844.5160814783891,843.829445693042,791.9859586232576,765.5902374889235,801.8919229117889,762.2605409041794,800.7468590406735,774.9896065076717,743.6949766241721,720.3461815435243,725.3819719096274,712.2756224718049,669.0842866598911,747.8581977917422,785.2043809391199
505.5169160898089,459.1058116187185,428.6897568911129,441.4088748474123,453.752490800321,431.20908061831295,449.0785703231061,441.96865098791847,405.1636079069635,359.8770835424567,335.172329638574,328.42017146082736,362.7259819777513,315.2233590103485,344.8622253824971,319.0292633154584,286.3230898750075,292.569101703365,264.8191187513659,248.8297555087412,261.0362918510113,252.64864633601016,249.8646750563067,256.53947190160466,237.83255556035732,244.6598170594233,241.92403257183148,239.4982185667326,241.28261919194983,248.5241392853801,251.5612291116784,247.39407718879573,257.9577996896124,254.2021486589195,255.7373793641559,279.7525915137501,283.92427358924914,295.59719199554024,284.8755989559961,286.09368402549217,306.0956596159905,327.254811140624,358.0174366956271,372.3795902567822,466.60421718604834,499.0859972698025,545.9189428303828,635.8986687665324,722.0960729291701,852.4366745398851,1091.387898517831,1540.1962020248236,2147.3637266963874,2357.759942913821,2461.0000642339805,2580.298087991357,2802.827344056292,3102.647583481294,3161.4583463462354,3365.91917434324,3497.388136650652,3918.840563761902,4333.381052196932,4041.913591322097,4236.8321387166325,4440.513389660947,4050.142319577676,3952.934508622132,3733.050399225194,3762.75860103224,3959.356169721756,3947.5650888081136,4092.545453076322,4284.411414820675,3878.450428782742,3672.1207305682497,3745.821612626871,3791.0787423624342,3890.6379429072554,3614.12212308128,3712.893236604282,3987.1015526505344,4193.697647859327,4439.24713137557,4439.993551902,3999.989815938104,4136.903641427024,3916.8189326574807,3848.933784574293,3999.9076240887975,3756.2145973093857,3609.498489122912,3530.346994368235,3686.517682104143,3614.106965741162,3958.7877259692655,4156.885513344128,4062.10217926648,3937.47195523548,3621.618375565841,3298.990090443536,3252.956054876933,3462.4598047681,3568.677927868164,3250.581084206284,3176.045036708905,3293.7004820680854,3547.0750257780965,3101.2452454169616,2890.6543699117988,2888.646593425895,2899.8433913717427,2760.0187234966784,2552.969252631212,2337.2865313598163,2102.150196951918,1997.9602474752564,1949.3183672678977,1866.627873976612,1620.8450445519356,1479.8292240044402,1465.3873713028634,1238.8835282879338,1179.6073096769258,1118.2588930755378,985.807455815522,1011.6915251938236,949.3827944900652,858.4203522134159,841.485659202157,829.4617260812871,815.0231271372396,826.3149859045153,797.3149700807082,712.4684764884788,724.7938504939956,777.0248634655577,743.614806564651,677.5470998095814,713.2127589272577,821.3095522082828
359.9837324476345,360.8964015975155,339.8890467752538,354.494450362823,369.575265508182,335.3539725409784,310.2446107297398,280.0367828619811,300.7413438162485,254.6471263623904,262.59311696052686,254.5462198540022,269.95600269043763,244.8027275162969,257.160562396529,236.9353152659934,171.93846683957096,185.87064471918023,173.44111021906272,144.54341132286442,152.57308608004234,137.39445519977383,137.1449058260782,145.4297872751531,144.56782688087753,148.11455766844995,153.00011399535325,160.01011565539642,224.7612339374244,227.5546261420585,243.5996970896863,229.4882116641754,231.0394507386098,258.1625414759291,258.7352291382553,296.4666883127716,314.0890432459436,205.4451182376936,187.3946068316792,194.85185315176008,207.48304193203205,219.14345955504103,244.78182146896265,228.69348560085592,287.4467475717357,288.1820158431154,333.3182893461678,427.8909490993304,515.6306468954883,562.0509561382993,1007.8023191662307,1268.2879117091004,1429.484376723912,1473.8756582534686,1432.184732327997,1425.953939642562,1562.5480497455208,1594.402870474509,1536.3157488307736,1599.4705553101437,1639.7565094962918,1915.432348789179,2201.440264274452,2113.438092611319,2110.421951178174,2082.480362994319,1960.5681726920127,1999.1052830234607,1901.0221219589455,1952.642588105018,2122.74601244841,2097.2553855433757,2219.554156621323,2363.466860678712,2207.947612295989,2159.4994287670197,2089.2614689002776,2015.630355858763,2152.5785239497627,2046.586008106839,2148.75663235183,2141.486991377069,2145.729573550455,2339.8263806302534,2482.2355307357097,2347.705421127163,2433.811089709609,2114.1636998049644,2025.185796266373,1963.184974273808,1469.4707655310729,1340.5298127319363,1258.0375755699995,1259.9301171777934,1296.4823999471355,1458.2222485812104,1599.5566931237518,1590.0679372139723,1478.778103975656,1304.7281211571767,1282.69192005195,1231.72790914674,1309.4758971770752,1298.8658229241614,1589.797350501669,1472.765841423293,1574.6761756489652,1843.1705627768597,1554.8457678580337,1392.550864280233,1099.7973111751553,1026.693966049934,945.6855155188224,994.0396055486084,928.6375902349153,899.7956359907377,827.4554796655336,832.5280337189395,904.4196024999352,763.5943764862564,698.2583918138426,704.5152758102606,618.0657526026515,647.591301863441,591.1245084875649,555.1449532096249,814.3569532369225,761.8292660399048,730.4055158084637,719.9864231446626,703.259408111394,718.3151792058603,655.8551102605786,660.0810579187331,584.3296348281015,661.6231401376463,701.3554868269607,740.8926370502958,617.0223237649011,630.7712906191508,828.3910046023797
465.6589382119868,445.9600607633356,439.8801550335387,398.1896034554211,429.4939645813848,404.308071019058,404.0020252182465,382.2498725814926,383.0143224841528,345.2147691842932,349.5395930065203,314.4529340177472,303.2806883684977,294.2378566795201,312.0798156366707,260.92072840466767,314.25283916920864,347.2154585779782,384.6328253000932,313.9617427606468,329.7383547049967,257.2233188697785,238.2768937657341,232.291004730736,213.182764073346,218.7889393747228,216.36600444665245,197.58535712974373,219.29700207352232,226.17345711526465,225.98871626002529,230.85693222844267,240.35040786579955,243.0049192850456,253.30349992841195,254.9999382671938,241.10361025253547,235.88672509286357,227.05217726191407,232.88523641773912,263.5252630250006,258.20700199975755,281.4736593809003,299.3072766197324,330.3099569074594,311.47860102862313,371.3908723944672,456.42726784669,472.0333886995441,504.38900938360666,598.8602709132737,746.8525139646802,745.035579649608,729.3025776356001,685.4229844429407,645.8782621099516,687.926185490592,676.7962612180982,782.2194911049028,866.0152772699853,815.6447320304305,830.6764074192304,880.2604447129378,836.3605586114567,810.7708593584636,793.059208171591,729.3409892734458,716.5192281396687,711.7752109237866,679.6338285051953,693.7828324577886,765.4310183463795,804.0327057572025,801.6165553236368,814.9344245048576,823.0394451461665,863.2092838305532,849.2931439988748,875.2254441085981,818.320426419294,874.1954275731435,817.3556099835972,775.9176946616798,829.209507836781,845.1303906657133,815.580116748175,859.5539417489658,788.7486717580085,718.3116983189535,730.6562726825704,766.1393760720166,714.4454041259263,631.293836693392,629.0754726329859,624.963422033368,656.005492960002,710.2372407936449,774.181262712704,737.6951428124605,653.5097647549774,653.6078262259769,619.1227712821675,622.8876342218801,655.9065502606272,647.6293807812787,631.422028906281,766.8912467114194,1161.5109470801744,1096.6611109306305,847.3362209054478,716.2342979023454,687.0659755433485,649.5693337104735,671.3777555755037,671.8318886539565,737.1096127313766,704.1949069953996,645.9470212087052,690.3852134116744,604.6293698096508,584.624448391325,641.1986082152902,572.8008600555147,592.7932062592332,660.9312678992175,609.6029166240188,716.0289517167848,682.3104242894849,694.904981456029,646.4058223512162,662.0170943524985,639.2722698331853,606.4891886557577,649.3098920163768,582.4979466741822,586.0938050849343,571.4636653481322,671.0801723137159,574.6261282927434,542.422890784201,614.2789439119005
694.6624053849491,619.9255283793398,585.9749944462475,528.8565571010402,530.2935321730441,465.9123964808748,530.4120713357759,545.4462173241283,531.9307264227267,481.2872388028015,476.5982863225488,421.5363522868665,399.07516061082185,384.4196954869472,402.8605180805451,343.22276467980817,351.8410685051694,337.4211198613036,321.1155705155557,324.0844961601598,315.5391481264943,301.79090207930966,309.04320856343816,297.63064041276687,281.1648449108483,288.9267806941503,264.11989368740257,254.61919819452564,281.5437428111012,275.0877060228748,277.96316778728834,286.43751567627896,295.94210567895755,290.21904618415886,294.3607237434642,288.493752214036,276.5587432770377,266.2669283957445,261.1829939305824,278.8237315375476,305.9449665328545,306.3306889040473,353.18429381223405,416.3708213710442,457.61364058874005,438.9870228351317,513.7958191281783,587.0944703819519,600.6372100958783,647.7863056456008,755.9631287359746,914.0005267053314,907.0232854874988,919.5796246422752,870.5769406812151,816.1714263190191,889.4521509974671,842.5342896113325,823.1399044236501,828.1860399100055,819.2353036963265,822.169848022675,866.464458326823,870.5722567380939,833.8285367731902,871.136997687969,854.6013145610796,857.4419152284291,868.2797901866772,818.7369397809059,773.2053031831234,780.2064102756128,823.0342026881659,833.6238345495011,885.1025637165889,926.809999661357,881.719324928613,892.2025424650418,1000.5454919168296,944.6551970501712,1040.503401293281,937.0104277649172,854.1700451813284,886.3164142411044,932.2627986401232,905.5340635246552,976.4915780102156,914.0468633707396,790.004998824926,794.9602510988288,839.3244745397062,756.0397089167633,711.3649485536149,723.4333105377513,767.3591953415627,797.6308009311249,865.1225819328785,988.7068860120028,952.8122623223212,816.6361643506309,824.9250279654434,781.1425799714298,780.5744594353022,816.1141019295585,756.0524458564131,784.9988189002071,908.7669871859188,1448.3125508934688,1433.0416739345312,1050.1638341064115,978.2150468941844,919.0655322012144,892.95216577726,939.6644781493504,969.0344545268214,1035.399671083994,1002.4490441244968,924.9891106855036,981.7841206194356,901.2373270571128,913.6569964932626,937.6840784148948,866.0837919363332,889.9081132573311,957.092109272452,925.532657650664,1013.9050506638888,963.0091692522428,950.486359767592,995.167319687716,994.14634606983,932.605030365206,858.8684770474592,937.0698364067476,890.3445353678825,897.6798290733724,895.285030957347,1108.2700603262845,919.5488735567149,882.9323588566081,904.5738007955554
350.21811984407816,311.1466518387416,260.342526691771,243.422707090747,251.3075168140614,224.57676512855377,220.2373857979168,247.06397992364927,235.36873871177093,234.48210697949,230.7247890673794,228.8751129538006,227.28013803134303,226.4592906232901,246.3636525227559,216.39257630021223,182.76817229690616,185.8936462813972,172.62097609930322,175.4312427257304,170.08038575106832,162.48904169436415,164.86015343036124,154.4287843157155,142.97978534755242,144.54080336210225,133.31620915832082,130.6258574024357,165.50912087764755,157.05888883783516,169.41302376102487,159.42479354772627,159.48992889089516,134.11983869784012,139.24869108016017,137.0417655220931,137.84892078346726,131.9764958901363,138.1145061705603,139.27714528014567,149.1743508044256,163.62425770388276,170.40010391962997,191.79446759234477,204.57703939669065,203.91950032006253,229.05317526765123,275.97822043320525,278.3604277113061,282.7340345962264,405.0002494882549,421.640896167498,412.1450564714944,509.163477976401,439.5918333402423,395.35170326341546,450.6475672323666,395.61520306182655,396.9907095628527,391.06463827112026,381.2125945728093,370.3906058870424,421.7852327842342,397.4756698411937,382.0688472684453,402.3116299558865,410.28592423742936,393.17192085561567,421.4570707522339,402.01732511914696,366.7183178821,365.9688767601822,381.7060081318657,395.7483006896927,380.22561328073465,401.8378787325424,359.79292886244656,391.9461629500138,418.323974363379,432.1244366303774,463.1605784380769,418.2396845066508,450.0081554284867,463.0908605839269,454.4984139031328,504.7150815951501,472.9064830960031,411.8571614062271,362.6597225457613,338.9733201001613,297.03016228330137,290.708663319844,274.2245763509236,279.66505241745165,278.2979109023599,271.24613902762906,280.35483328821664,292.68104072374854,304.4752875220286,292.05136100954513,296.42590459196816,322.77082619262177,317.11412532591424,326.4327582105452,324.7342638079819,330.38942883486453,326.62218100766995,350.1009658023072,336.23163635619915,317.3499599051132,319.87033209705106,308.5963087255395,307.862574631295,339.0957225488857,376.5138721046765,432.846085438456,378.52696991902496,353.09414835647794,405.8546832123316,433.0993088178376,423.09980692367225,410.2023035813601,373.6175833922021,373.10820410176206,406.3060721030024,399.7367745047124,581.0877872798773,487.4037767814382,434.2934543831543,442.8109588631145,457.95389281814033,432.56587588067646,399.79145343700856,440.4027216576112,407.8361951536861,411.3576450310797,408.37155911166695,381.3456263612141,349.1474278565152,398.5978950295616,367.9539577662842
151.4339794383393,143.3414888491178,135.32933198690958,122.7358462336362,119.39322963181392,108.70180712912747,110.10840567539402,121.63837466874212,120.23867077375704,113.9892161920171,108.01722454628054,101.85026758746784,90.38440107503844,98.60666013902394,114.30588101930284,115.60740728757584,103.81438119607606,96.92768594182743,90.3958459942592,88.82338829434127,87.98250746999535,81.09959268502077,92.94644250836924,75.8667056366997,72.53926688127974,78.29129268216066,65.81515131201007,70.89778205503757,84.2278866541867,79.36915379135202,83.44433417520315,83.28075177753159,85.64235154715011,70.33307811082875,74.36749590260352,66.99043376710576,72.26659981030446,75.32975169963912,84.85455037477513,84.73887058941337,100.08193622261092,105.78237457861844,121.23440075181774,141.09454047682976,173.46086716431597,194.27988226326173,226.56060394752956,247.24317875559237,252.6318345737744,267.7827471605083,351.6969066595062,381.6083705954464,429.854807336643,437.5329414062331,413.4725043751451,391.75061309172753,429.2002466873322,400.3493348013893,413.2730331779169,438.34719629995055,496.1528869393037,527.1254165487192,552.2971957003716,546.3623941852542,539.4079676491345,500.12259176159057,499.7659637756392,505.7957029608287,488.8122642248144,430.0461308312552,447.9948896936549,429.9559678715095,464.64363585872593,479.43342877622615,458.8133565208217,463.6985825155653,492.2528182971169,528.8754772230772,550.5414290563385,511.95861214278665,545.1080218575535,522.9580095300984,529.2982941525883,506.1161037851009,478.82918248592495,528.6031918009306,478.7902599506169,470.2626141617358,458.18875113743314,454.9974873906567,399.3703540198368,397.8412361909655,383.19060954147824,366.10789559845466,362.7894601008519,369.2736735082108,368.4269045573626,394.02400293639926,402.9594158988331,372.2312540307347,373.96490062965313,359.02662210607974,406.529193087257,391.4863504212988,292.24892822108006,302.7253551394365,313.946358168032,298.5009116889125,297.0234745587352,289.66183422068195,398.0219425567518,397.717014266533,421.82147190117126,448.3710583373196,438.7764553941274,478.8770763224972,432.035128634686,396.0102419601478,407.7530193624176,363.3323684542095,375.3950837987555,353.2667366029916,333.8597079825012,338.49737986780315,357.0174305524164,328.31081404960594,380.71945883220303,339.71081090466345,294.2427589584779,286.4865173869908,294.5327369205635,292.0486168223716,273.6569840403793,300.6851507187723,268.6009263804959,273.1396128206096,272.0317200829924,259.1650825606528,234.95550614487576,251.1419632720273,210.8557758792704
57.14806806576367,59.45770177155015,53.47532433207508,56.63155063355718,57.87741597410604,52.271219449013145,50.47303642155066,49.51170327913548,46.89252312296297,46.90002263365344,47.99115835636373,48.47374102296389,43.40101251881377,46.42977237289718,47.55817747516007,46.1492418438153,41.77010029223965,39.35057399800522,39.384944852035154,39.90815982332019,41.28060566627837,39.99549317820935,43.52146600437261,38.20226148506747,36.388978252990455,37.63201395804825,37.89328311947897,38.826850696816784,40.30169042666319,40.68446779944927,40.84619671592314,43.37486792516639,44.91800708608499,40.2423797586472,37.77957922470026,39.84422122076219,46.0328490458932,44.67913032890845,48.346452882809615,49.681377275755615,53.4868449739608,57.03585357215579,63.9762362509341,74.44329522474072,86.06220722665127,93.240992240163,103.31903787774134,111.97812626961542,117.93239025991868,124.0678396044348,125.8486729327799,132.8285730612502,155.23570878554074,157.28290792216944,161.30414829913195,157.379101530891,163.35955156541803,160.94959405192833,160.66408581559944,159.097193211922,170.73324546982795,165.18187348090504,165.39268524869468,171.55548127366478,177.80863980794254,178.58443689781134,186.90487586794453,172.02273385637363,158.5725683068453,155.2621736314992,151.83994246927844,153.39391412058168,167.41496153555937,172.59886479266987,162.00765148337257,181.6565196892512,179.83543589740248,184.44704126264224,178.55628426151688,166.67916073419445,167.93171945456265,166.30565726976053,169.39397292017458,156.75239407377802,161.7580860648209,170.28187542469058,160.5682209727678,152.46091649682583,155.57997992665818,157.9953753653039,151.63427288716204,158.0151132909625,167.0266564402947,157.32027680425523,148.14786909552942,140.9767174369403,146.85726370042246,154.06950365734673,147.91806620145329,139.7282020171011,141.10823763276613,134.74534417796409,152.7100792691187,150.11957437761154,162.48186182294808,165.65224456266716,161.504543209868,158.04867540449325,164.77864199025646,154.4361975591394,140.3278062608227,142.46709604415423,150.37036859694905,157.38714034521664,154.7395003687936,150.10833945802864,139.01615916209232,136.4390982716317,141.06796355030184,137.58114153554703,149.20128414987153,137.99366189065196,118.07159313972204,121.55558023638044,127.58063898876604,121.37921244323196,135.14617870715205,126.56027516970732,115.4456197297684,115.69335613115736,115.81380228049412,109.90903269059692,103.72880068298949,110.20421328624656,99.10226082364504,98.22830638208733,91.40987839289863,83.45414173882679,86.6408873872802,89.94689998783818,82.82235459639011
71.07544535311649,74.07597578872884,68.29357191168181,71.6457352776356,73.21004007909895,66.04842438384658,66.25054601868369,64.4747853673436,60.65539626191572,61.90701959787844,61.521119728531936,61.07252390823883,56.72116320428095,60.68713296663535,60.70355293296797,61.75562247638959,49.22538928208458,45.49181719507094,47.14009702767698,47.79088816496968,49.20319842064032,48.9163529955243,53.18164186796064,48.73043659247517,45.150669168147466,44.29651428323703,45.6941424487544,45.57064847802368,51.883744086938925,54.16225804766776,54.27994857379634,57.54977019620765,59.85696120752928,45.50473653515292,40.50269455285253,44.29377062691943,50.19410777798144,49.90843636447476,53.36907275709742,55.870359579027216,59.79872123467633,65.79398918158898,70.01141213196817,82.69415279925855,98.1037433446452,107.95168050443972,111.23238285034265,119.794645168893,127.07088228338586,133.9332814335108,149.31586877089364,162.95112882544217,180.225937537552,180.50215953036195,186.96913427162167,174.49397910124227,178.92057606851589,183.6191386742773,183.07251087415648,177.24554183199652,186.5424159923249,191.0330971667108,195.93921883463457,193.93788989426756,196.4935363752215,199.40756212108752,209.04449986752277,191.1122917016237,179.99366337955365,177.18676366471698,177.55989319570514,177.2498425749684,187.62777422685596,189.5269064084328,181.78536430229863,200.93490453735373,193.9085354841436,197.19104243271585,196.34134083789505,183.3354939646116,183.967464820136,188.5851602156431,188.8480682885712,178.41420177624695,181.7336450248609,190.63218738932176,181.52781100302295,174.69580927211834,178.6358778787696,179.8739031327982,153.7127153697647,161.076023719756,170.1115196635544,153.6716202338287,142.70374221147608,137.51907138893833,147.25693607634744,145.23260366144348,144.6517867329317,140.92235813233034,141.08948610213474,137.8390202915889,147.5382281099452,145.36793442639305,117.28369307111434,121.1190921576838,117.96296320902864,116.32332573686372,123.8397513121656,116.42667723405664,142.9078456917703,146.0779692822929,151.7641329892989,151.05876801028575,149.4011112304444,143.78891810333934,136.40538122103598,137.12218084510425,138.95830449813255,138.85574128032965,148.1755544889521,137.81195129433505,119.8362828837363,122.59200813067228,124.41745556068338,117.06921669861708,139.84457991411753,132.49338440200103,129.8241376684915,132.4718659727515,128.9669750407254,120.45755517186728,115.59174264605788,117.02615742624184,104.0853936110547,105.90863209321856,104.43819992139368,94.46463535017602,104.81895478825868,98.96532615804672,98.56920480625844
65.8248853671657,65.13202555191512,62.117152665158855,65.4173347066962,63.36720637183184,58.64165248531434,61.3573430956808,61.60076123121767,59.03136337972389,63.33612920591152,62.6592373578758,55.75959569670204,58.23442777647937,57.9513612727574,56.46391088784059,56.57647158188301,58.08765333010966,53.93871983150266,58.61238653216847,59.91015459211581,55.92656454283307,59.09287763364284,60.07582147315116,58.19520892274844,54.3414107230443,53.745785643562655,54.72710750056988,56.9371346962319,51.901055123652704,54.169580601232205,54.91251710695288,54.862981370165166,56.60449562766793,51.52473299159739,47.72679960677475,53.48423039509944,56.978952099635926,64.71591700358185,65.59766391300298,69.1578875630007,69.96586333743697,77.72331188158348,78.8688340254963,86.43233829447288,102.39859274981691,120.12141321985324,114.14067343966242,128.20098521889662,136.11247818673584,156.49950974859456,162.77570277027806,185.2940961870523,191.5000161953629,189.0201060066081,194.4750890590192,182.17312128411044,177.93451740634617,186.5676610672133,185.63708037765275,186.17715310200072,200.3106697138649,200.31672227007329,202.95186517768053,201.4846001538926,204.36158249370203,202.2020634939788,216.62634717982093,205.40372707504267,221.78074468106536,228.6160092205996,228.9663005146444,229.15356881858835,234.64109375879843,240.63777546303965,244.35279960070557,251.48820320655653,239.49335909399505,251.8689992681296,264.1392145374734,247.58001793566928,256.89507669718176,281.4104974687046,260.219927937412,250.1842012661577,247.12571932998068,256.5891464823853,217.6356730453585,200.64888554023096,187.3341612197821,191.2475961523263,193.85309310120869,184.57586455030705,192.16556124326453,176.04934437034342,169.22820260160117,172.12128305271145,184.69419322832383,173.74811476785916,192.22242347559688,176.16728496011535,172.67267789641656,194.3351424804299,204.06997072199152,194.9706678526641,176.45861335101384,168.9674475659379,172.01094995771751,168.56547803618025,172.89845823221688,164.66708367824944,195.79821750666235,192.0909478547942,184.81988187607288,174.26465102778755,166.61682961540924,155.40984356418787,158.99843557820475,168.73985726017298,150.96264280169365,146.93924683172006,156.36172214551823,141.04062844159063,133.18859138511712,132.185244192687,122.61439793655762,110.395971268314,106.2227060436208,99.360216798375,101.12826808246103,102.6995106787015,91.63649912576696,92.3665976990414,92.42272606392932,78.29529221255291,75.53715319373812,78.99454510335711,78.57429672937977,73.36737208270067,81.7787091932077,71.6507818828898,83.60808871899829
88.76971380368508,85.87492469655744,80.91161149476733,85.41293369773702,82.37247703929147,77.1059055987698,78.44042866739942,80.40863356664629,77.12707773556075,80.56521394732884,81.8491628674829,71.19406937124447,74.4648792877538,74.09198985268212,71.21573771326364,69.45505630762396,75.24943326710084,71.4193222673484,76.16030992381005,78.09618933032804,69.5986216116535,73.7199698974078,75.46901103704745,72.14002686887201,69.11390374582717,73.04991577282588,71.28115657209683,74.7817866975929,71.03326008070606,70.52751254801034,71.13627709241929,72.46985888940056,73.0237495726317,78.65723000905842,77.77546290936148,83.19485367644968,82.63504782984666,85.72059893781012,84.99075764045003,88.75464693031839,91.57038934178836,100.0455193304434,102.3584624624738,110.93349669311608,125.84745680767529,152.14949682934184,147.8053845444655,162.6315886704587,182.04843702884563,215.2630892539825,227.8794477546074,260.1202323632093,257.0855303882023,253.9652701209153,262.0367604718661,261.3655588094895,248.00999377006636,253.9030184789797,257.23947030547333,261.2438834411837,271.0798805124568,264.4636401726684,272.54660024976323,276.38935131113067,285.2590499797529,274.00126018251683,301.8443360012585,294.0966001774286,325.30029852407483,339.2677652831935,316.7560908046888,315.4539091009153,318.3230295374573,322.0115318630524,326.50526698515773,332.8154307118437,324.79361966263485,339.3483143780925,354.86712096050326,329.8744020657001,337.8198451730488,367.8884395080563,340.5992497809122,333.18089346954616,324.1332980586641,335.4159293469816,279.26550413936803,265.6258784979333,250.50861574504265,250.4653484630805,250.6701555410344,244.78446728297,246.6437706777534,231.86491455572371,230.75496467806744,231.76848206852003,249.3648111804266,229.62824598104203,255.0798143693559,228.45273291323423,222.88040953330508,258.2220916122113,270.00139641113026,253.724542056702,237.90595597093943,225.2618113830065,239.0196513901493,231.525148226452,237.7916431965336,228.3374065559157,261.64356445480985,251.08331476355212,238.1425367000105,220.6642909467432,214.99706604712708,199.5328834512616,203.19094517581183,211.1341934678293,183.2668572270839,179.849477658236,190.77469027338836,168.02984880597143,171.1958514755544,165.3979865184311,153.68858418803492,137.99274578507843,136.43943979768375,135.9273733785334,139.00842810862275,134.27909726249254,124.96753339956317,122.13301780453082,125.6521277576301,102.98592961199785,102.86008927331712,103.09327683560028,106.49075865405182,97.01823959846622,105.4068210691396,95.4742643272388,105.71148968841696
100.08520308287834,92.64821206084376,89.17701389880854,96.7418353966785,92.33967088013948,92.36890977768334,88.63396762460584,88.97730266031593,89.10036397128557,88.81033253239714,84.37036787562316,86.00851262922292,82.63245599010334,74.62873735193764,83.61925922684141,76.02097747513368,56.4038248057881,60.32788633432076,57.24174819896498,57.33483902176926,59.33825076906909,57.16795494480662,60.09887872052905,61.42504066501319,56.61710516068991,59.18953837355276,61.98156070760133,59.68828047343172,83.4620784992851,80.85620984456058,79.74502740814619,80.0103443935726,85.90823383391951,82.64038816308431,83.2179986132226,88.65165635947666,80.75038486352784,67.73784806832188,71.34476920698475,71.26255880789157,73.5834626200617,82.0217714821173,83.88849187586425,85.93805885660662,105.39606690803866,123.02278151723895,127.7211533597926,130.64798839271495,150.01849191094252,182.4607419885966,260.938099491019,283.18008505136527,268.7528539703329,272.27019681520454,291.0614166964745,291.81760148912826,298.30487119872896,285.1548191551732,289.44598610358446,302.2038726886537,257.34286592932904,248.7422568937753,296.2459963387203,250.6149440381305,269.44853671679243,266.17980464784296,288.2509803022131,281.0121700904873,327.1457363951225,324.8136456244069,279.13001925121574,253.16542523086528,270.4824595894684,270.3453880007282,258.3799504840304,262.4145955358033,260.2589084839653,260.12031820133,275.84324078299835,246.6295520352838,268.03908483285045,253.27052451614568,238.1723180479287,249.9128420019593,239.80899712428476,238.82284710002315,233.75219539617757,233.57980325623825,245.96631279429488,253.21787339799644,157.6221298768423,168.63898563731715,164.73104557182734,147.32827087493482,148.48683167446566,150.74949444775206,165.51608927731758,162.65221730218497,186.93548346498412,178.5142836428725,168.19875392461995,188.2950082148909,187.69768667030303,172.9128017454689,177.1299997030447,177.40994490820455,183.6273036400214,183.26565322225844,185.02247965271528,181.65124860418263,169.90949559301447,168.5268561637508,172.26225894199587,154.5079976032372,154.46434268015744,152.20452553333212,144.02248800025853,140.62790599169003,134.73086977165113,138.73711026376338,140.5389742454338,118.36395265382932,141.43503296620418,133.89181666574416,132.6895068677437,131.81837977435683,185.94785905575532,214.3902236050668,201.3396200164781,186.3770100245929,190.84755698734455,169.52272910353977,172.8608431676816,155.09440255147055,147.9023377115539,142.2520600062391,151.66589411421066,144.01937554151422,147.9849261350731,137.0406522498622,124.94124059817958
157.71280465369355,149.03157739493284,149.49944090442713,156.39451190222647,151.6088441653288,154.28808671142752,149.93771416963642,146.54202395422053,145.0863715628202,149.48122972800343,143.5486575365223,145.1434820758149,145.66869364122542,139.2886463954053,147.4821059422685,136.30667684033847,93.75203139767432,95.01205268270512,94.02497770624588,92.38266973513888,94.78270579502076,94.37551833646252,93.5713762398856,93.4634991307147,92.0641131744845,93.23834707125238,93.74039412284247,93.54527209232566,143.56530682511536,141.59724017721663,147.09157677022347,142.0593278519394,145.61367500812565,118.9673135654152,118.44848602894972,123.67885406930908,122.06503903892404,104.09774611118704,105.45505489139204,112.3610018467589,113.4644954570879,122.52163927641112,127.2212432857276,128.187678717444,144.9702742921049,162.5908213312063,156.8452873055035,156.4608722341186,168.59143465434153,181.94267849663865,269.64633392114536,286.6003431367477,279.88999978601066,289.29826604906094,311.13228827011903,315.8455482441122,305.96070063930813,300.9214034958574,307.39555895693894,321.0269211056023,283.6093228724821,287.0149519279348,330.0330372644471,291.70876866911186,313.88822875954986,298.75586714742485,316.5852234326298,312.05884361517093,355.126365361932,306.6316443963524,248.54597104293737,220.31003552300277,233.8207364500458,231.3613059518182,229.17976825579623,223.9083134693467,213.00613095622245,212.1273614302897,231.36629240214663,218.982730879682,222.56597813887765,209.6771824675567,198.24166429945345,209.6055915818156,217.38020982009616,213.670073061565,204.50623765820063,208.8543936895348,219.72396626324783,218.02095143103003,133.2743792619928,136.5902965197694,133.17516523864015,125.50176160534778,133.1255775693,125.74830492403188,140.56844793560398,136.3379195200043,146.52939298859138,157.34283649991292,144.90074692206514,146.59456799651463,149.23071621073024,138.90845826407028,178.34557881337392,195.79481974221343,203.99968561642189,181.03693254367363,184.4223737824124,176.96256144044924,137.50072854620535,139.30328158255185,140.3213736564129,135.0575123231757,137.8883495070231,136.3273586536489,129.9913646615673,125.68978066720388,122.6308942846321,121.67205446844106,123.6141586682066,107.07077477416928,113.62390261881646,109.59505806735277,112.38439690457692,112.37993723459404,171.05851292126096,185.18115256542396,181.9157974668311,167.3883967745953,163.49460266890338,152.39797718030195,158.03193887642226,139.8885927218574,128.74203234148743,129.0067303155668,128.99984464076343,125.71833479448595,129.6803382458269,121.95414476652157,115.48797031128564
244.55626774454743,221.95195657192264,193.3276300093354,189.94683939569467,163.7003010493808,161.9230389907096,159.22632237510783,156.15297592581825,156.65242302481204,144.37009215208056,152.17418314334213,138.73834507710555,132.5681166320434,148.2401094667472,138.077272125162,124.56648995916876,114.84409071479875,108.53913433363525,106.01099819375746,116.8283402431187,113.75595140590272,113.08611573892416,117.26704351260533,103.56863491173424,106.81243479675832,104.61970101366296,109.15651113746776,110.97990509687877,129.5495220418374,120.99309655947276,124.87608343662168,132.15240138025644,115.40020249707636,132.62589661603542,145.70300090595873,141.30990870457802,147.31933044067236,128.9882664924458,114.92900722593028,130.51349912298787,146.1236012517846,131.19466260789602,148.07342453367136,170.13815758563115,193.59667471778263,210.1710245309096,233.01413080448904,260.1020937797501,309.916085021998,310.0605644194264,380.4310334049876,378.44847030168506,429.0719931129877,425.3980568452762,500.6585567561618,523.7412900030076,617.6888726692157,566.6591275524366,595.470591215411,586.740834509814,646.4434068802659,625.1202258792574,604.7898340987455,632.666480429454,594.6200487430184,575.1315996368816,663.7616218006627,713.4803631119785,647.3936169274346,629.2129763641321,645.5479771939877,687.1249264497956,675.3392301232509,632.5833118003708,640.9238556914295,682.5753242694718,715.6988702675933,623.1353917613519,613.3405864025069,718.3833967336683,683.6415410855678,763.2215888209915,949.2962109993738,776.132020018221,730.3880721811558,704.7881052209857,692.3122916512249,730.5888270592574,666.2772755448697,632.9668083153524,538.6093171072969,527.0240045148644,542.539495737977,547.5201825861442,497.0527553633405,590.7131677031185,581.7689775642153,501.6189654764344,526.5857931645897,483.744121489016,516.0843380877367,502.624442491404,469.9271038506464,457.27746501393057,500.88259786981513,517.8781444875527,529.8938892445233,517.6572629234706,531.9562577005862,490.8090918200813,419.8658457629351,413.19444575049454,394.45163712039306,436.5344376349767,413.4802312287762,410.8815795338144,415.2292035576084,362.0268701768381,362.8183612416521,395.6698535552253,365.4686012926974,387.0112721838107,386.2961772608692,354.5814894728418,371.37680284136354,337.5216427232332,455.63473944608495,402.5630101847423,400.7096535791336,366.2364774146167,363.5087079406774,332.1258370834768,314.3277795220124,315.2286974795846,313.21333989640544,316.2359452282972,318.23218193665457,331.6221217017893,295.5141935017901,287.27966033025785,266.6519024798736
284.4264217082579,266.12605755968235,242.70352949967275,237.76755076516727,225.01016443236716,197.49556745796872,201.9169655566768,190.3905013704744,183.38011895870585,170.1365169030808,173.27076898344194,157.5598729683513,156.105397023054,166.48403595943776,156.17147110398076,149.27034445225746,142.37352883248505,139.23736954371847,136.10356932001866,139.77862550851953,139.55202822504455,136.86183849189845,137.6950099276481,131.93547078037122,130.1700022029579,126.21947577237935,132.2800736079936,135.03209165835588,142.7694824156157,140.98186923192375,141.4129740351299,143.6689959971901,136.53566347339313,114.05536181113553,117.11564607280886,118.1877535225676,119.43399633513152,137.34032091199796,134.35469086367493,138.63418812269123,160.94074546623622,156.71910253126907,173.4748516517883,194.7056708710186,222.35726447713043,240.36912058327857,270.610629269095,298.31115975180273,402.0417526859182,402.4090829719311,475.2603109253183,425.4486161014133,462.3118838930021,465.286189864855,547.845685177656,528.454177444181,524.607681977616,464.4102822676856,461.11683729026,465.5394396418267,557.9815967419983,517.8363372133343,481.8314803519133,479.2087788623889,451.5901046855606,438.7254164539287,512.81436558827,560.2766300288218,490.3056764293869,476.3888940584501,521.733701560239,560.6245632397732,517.037644128387,481.2316597317085,481.594645760181,522.486614794846,560.5223066774216,514.2024308865975,504.3382322056055,543.8126876900061,518.0445789082024,558.9960125357023,663.6716289135098,564.1511931485643,525.8680482021009,513.7314390749744,504.6483919701496,569.1919954913828,500.8051859668439,512.3624537461415,434.69614552147215,415.5605808824999,415.77706182852864,415.3306667400223,386.1020569743668,475.71317615649946,464.2746112002073,436.4571039979887,462.7079317219009,450.7363379130351,491.2066805531982,504.0064374792055,495.8742314430253,491.8906169496261,493.5158426006152,512.236189212941,523.8630469037929,519.3812799244985,553.2370967451491,504.1321748204174,450.8113223580183,453.7436310402503,430.515947442699,444.4506231810398,439.1561341599816,445.326401823304,443.4757883515056,391.4586324678473,400.1315359230525,416.8550070685505,377.3866536760741,392.5827946314359,372.2827206166302,347.1381831136492,382.58057993145314,346.41548290385583,387.1782575863082,356.4072344430912,391.8428087535355,402.620952900417,394.1589747448576,362.824969623974,357.93077933069435,339.8141481607133,363.6994866831868,336.8471382675145,333.93293410014047,372.6397528036282,335.81066907890954,323.4017578136129,295.0581194451305
308.91778446190887,272.634192157077,252.81642058186503,253.01797687549487,279.00595433125767,237.88897346817905,255.58736817940576,236.97683710754808,226.5199055166644,216.57903107986203,216.3128027326343,202.023788783566,201.79843437500256,198.16059188074183,188.76145079237963,194.22524703671428,245.3203857583338,252.43657615257436,245.20693048077013,229.78314297594773,238.3867514345984,231.92935168134392,219.97484842788828,219.5322598757492,211.15402219188115,200.760864620286,206.61659900034172,224.33866193555923,167.85383909554116,171.0183303661806,171.06168768231956,165.91319329613995,169.38564239610915,186.52588520355087,179.99171011222512,181.3392481453558,181.91613471572597,202.06783001974944,214.07280933836077,207.4019229906796,238.5453453171024,258.56130516789,278.3663632730824,306.8698549392131,346.82481320963444,382.6228620274251,435.6039707578669,463.91510506121335,661.9670950551599,688.9540466883219,591.6062587226836,478.6852727190854,488.6778085004876,490.55152190778256,592.5311645875325,471.8658364931879,361.2369664880123,280.7852953434962,242.5973620648544,206.37401461545213,309.9077110646927,244.26774449363924,214.1751887394241,190.97659522586716,173.27625955921764,167.07495229625587,208.35890640310092,264.1853223442962,197.3868144338203,172.679226524699,219.58878006617567,254.95901463940604,183.38634784437636,173.70119119993782,166.6022832716952,180.34766539355047,208.39966996473427,218.25341165163715,205.3028853703735,189.8752969646236,165.39690127870648,157.50034709289667,147.09890009922188,134.59821155280346,124.45927152199414,127.62653143399504,139.89999838079265,209.75974480021043,178.2650269190469,234.45024588880185,220.54732724522304,201.9069602824325,181.21641435343125,183.706452220445,185.0994635373554,268.5842804787404,269.4340067489885,354.29573725808666,419.4433113923882,466.1444845506705,523.5402263389617,572.2230772155057,591.7886427340068,630.8899591672014,424.9136644111339,444.9555498158569,456.171198458292,456.6765368176205,494.232993450173,452.45633244985066,613.3713328509416,653.8771919510934,612.9530148453676,574.3667823408316,578.5101745314246,591.1069136954769,583.7609844442688,527.3179589142984,542.9937648592784,537.8443796448631,468.72714056610704,485.769894110297,429.5616486824505,416.2018438475406,485.934701691028,412.8838577052032,334.38415432391093,326.5881556524937,348.52193966891485,392.3766492613054,381.6203018340223,355.46167062040473,357.56970351760174,365.80015781402574,387.1782747185266,387.65688580215584,384.2485868275118,440.9510493801118,410.0267815124576,367.88141488877886,330.83872894192046
733.2302437919946,585.6402106197884,506.7767484235149,505.64553279036846,463.71113266613054,436.6941585501429,424.8224051307718,388.77244039635485,389.7575468003647,425.4963389371953,509.4023498352725,454.1131460983877,440.8042117199157,408.4157894323165,355.04226141039385,386.1226538168077,297.2275114525612,344.3674846419678,320.8564930450527,282.00667047174846,323.86809363239416,324.59636303635426,284.2614647114035,218.8394575507584,200.59985094627308,177.19919410059822,165.85547274762706,178.59485299119908,237.24764561444707,218.1175833450853,235.39533905676296,234.6093831759435,230.75716600984987,307.6636897138603,306.9194272288632,295.86246666776606,322.80266333171335,197.4171081333931,185.53983923062893,212.65015324447103,225.3008633189756,229.31344450950667,244.49471040385572,256.85507697921673,299.8940532193515,379.2849700329928,437.82241714809766,436.43083854400567,460.1839018052627,537.8103833804264,736.2185775604211,701.4379493738761,783.1635721263056,766.0791619733689,780.2606031829932,464.0265627363332,328.39457514367854,294.36660480909154,234.16651808056943,200.13802014497236,203.1454048142974,161.78090794276687,140.37645360027346,137.10832115469762,125.25153959043108,113.40011651791076,119.341147193554,159.45343087731914,136.84355571907142,115.58002953212645,103.79875306728218,95.8788159517863,92.59553565552925,91.59617700230162,84.88532138948426,84.78877907429079,91.05099751542922,84.10309802464094,82.45354234321685,79.26692026874318,72.33593472249791,70.75289549789778,67.04152982754873,63.433476489747406,62.44718723869148,62.664784806642935,61.62233952619964,71.67661066323936,66.68288666702095,85.43068639051536,60.04695997112214,52.367297904674814,62.35773785588541,65.36556233439484,54.10785471431996,61.40525570359717,98.27106854258626,225.2431255906739,338.5515657865172,435.9222967313254,521.946934180653,572.5470563619568,571.7874199030833,613.6835034655157,594.4433510199351,654.8217592013647,753.3712028373344,847.6676369822892,873.9897481372961,746.526450675508,729.7175895917957,818.2611015908027,756.7751542447517,749.7789397076766,752.0514163597115,771.2481209607098,812.7322122320613,756.4064467682803,735.5890966906062,736.1028454171511,675.9262680199595,708.8216387414285,676.5080149117699,757.8928203152308,842.5759183503334,694.3905248819515,872.4301630754198,885.8582779619621,850.303551322814,829.3218046720887,782.4251457332372,730.2982451862655,797.7527870877504,809.2416835787328,778.777610302506,809.8256497099372,784.0862971598972,838.7190142620095,838.9062515884698,992.4518163713026,830.9078217903849
727.8019709215366,572.819421144613,520.4004949886463,533.399316674743,470.4817061082,444.80633797211885,438.78095250820286,407.4087474717246,411.4524690785392,433.3292560107878,516.5755653384483,469.8471224712365,461.4745972725264,427.3051540870061,374.4285010766628,401.5417353953306,357.29648966551974,411.9271809397984,383.9566081949874,341.751474496686,392.9606259342275,393.2466141769692,350.7271309495424,265.96666639874087,243.7256382002151,220.56113415685505,205.6262056314561,219.3360111315776,248.46894739242123,227.38359787998976,251.8157182519384,248.2275200072736,240.4565262054569,287.4445511077033,283.00232980569075,271.8910995539241,296.3165272279608,240.60818029889435,226.10780069122595,278.6779873839088,273.83792934998166,277.84666948896563,299.21569404506533,313.1697954145924,364.3853310445153,459.7101122334362,513.6420683676656,503.3500843682341,519.0557328841722,603.9679885854526,732.3934720726091,692.2563079578451,749.7532882417652,748.5431325920308,756.6032342904169,526.3252106508482,416.80823055238267,415.7862465009755,363.9754674729817,345.2240205741403,350.0658158929305,317.3649676831193,300.9390524511199,300.3652097367276,281.397269289936,287.9755422773911,299.2525337235107,340.0497558301577,346.6246976149218,327.80845207933925,291.12645540826435,268.7508969545594,272.00838285182914,265.1291180535848,260.2007520974327,260.60759579965656,275.28641029527233,275.4359255621784,280.1208880751587,262.6331362079002,269.9025546385828,273.509746435496,263.83658790754373,270.30282347014827,269.1177455668472,259.9055113294369,250.5733921956987,263.2519717442038,253.80795468655847,260.8510024985481,213.43467419637483,211.5284931627166,220.0004218016425,226.11642519537463,213.69171155737297,216.84008592515352,261.9547862667742,416.33754194392617,515.9206323877075,612.1199691189829,673.4578492137751,708.1824767550852,690.6490768484335,720.8112788223362,730.5878035534599,798.6339916967637,877.4048773779313,964.4938919527858,1000.044173939982,859.6825716338045,803.7834646020405,862.4674095882893,817.5547854078811,815.6494690974315,822.9847531049919,831.5979780959888,905.4330797899246,891.6992729952937,844.18665820377,839.5386761671621,796.1677710595053,834.3302615921411,814.9793177984551,870.5662366973628,913.3349866185996,784.8977787093254,876.5734707696411,932.3188780406236,892.7912270884356,864.4567640127714,897.5835767519459,811.9516453677471,866.646564656529,887.7764321478471,813.4985045895469,860.8750199493205,818.6700017861274,854.5774693239882,869.7969296613774,909.9912333470966,809.4095169892403
680.8887045446467,577.9333362275449,530.6802625580535,550.9994075500539,503.7349901612821,464.5125747470713,460.8187687121647,418.3021462241947,419.3966188750417,395.48754691955327,393.1938733809268,360.7502295374824,368.3420691762917,373.2056149651788,355.5387880091225,344.5231443674284,300.7124740650752,293.338124822662,286.1341965674203,273.7794340664511,268.17678849077527,267.04162937632924,256.56861271928244,240.65306981285636,241.03113887471747,240.90159244712183,233.08116082694536,249.50802070376827,265.1954591549782,247.8449251949659,268.6706433794947,263.0961529265759,246.5860634797503,339.3585927524896,331.89850535953644,317.30607731566084,345.50957809207927,252.5932714365128,239.04911517893717,273.8809092745978,274.8655145884688,280.9672457604228,315.57101061836335,343.66873925343646,394.5170190904978,453.90844610732535,492.7364837475717,508.6106620615421,548.041523873913,655.7484408682873,792.5286936439996,745.1156520149225,780.5737480667176,805.6412646505872,876.3772434923062,833.6568867594813,858.0165230006739,898.1336134392099,856.4676429058871,836.7286800891652,884.3709310078998,835.4184358618365,822.1923294087438,862.8010928955846,851.2640903699655,843.7342482718176,837.9377966398005,831.7190456300556,858.6972170004518,823.0919544738492,821.8374186425511,753.773319923794,779.017313232166,833.4695413545219,826.8289652739475,842.2805659501173,923.5650958388004,972.3008016318915,953.4054576029872,917.1836325262152,920.8519642590272,964.539324200308,963.3592747784028,959.0037929124262,963.6240096069656,983.6480109406968,941.1595185206584,938.4063365575892,918.6530298754552,866.602366867662,762.5087694822998,836.5541471156791,780.3079604839143,843.5002240434549,848.3888507966318,857.3865536665152,810.0899186734017,835.5390863770743,821.3868008249033,875.4930167803386,797.1422898105224,818.2008826668188,789.1289591276907,818.5564674450264,686.3683633372113,698.7448423610675,658.1949875241241,698.4144653655511,715.2901427499096,659.0295321188821,742.8689809443813,747.3662004895178,766.3522622246186,754.6507197149857,756.1965488882298,740.4455796129787,779.0925100971098,812.7685556688257,760.4174032237432,793.9468319036678,773.2651171844834,818.1874013543201,798.9355776148182,824.9748249164754,859.3396160188893,784.5804703542683,857.5114359065798,913.5917375969397,881.3529256832024,843.2622474305192,945.7942521750756,861.7826519382975,866.2983452156402,926.3607626237724,877.6435398370229,889.5681980742996,832.1959163067938,885.592154090011,833.9778031928337,818.2694111019598,847.3321327189187
580.5339604281337,514.0274931657648,470.8759938763104,498.5885507021702,464.763729677981,407.835993142726,395.8671455233848,365.8468026944884,364.2172499467181,342.3276488706569,334.0114523953519,304.1238399855239,315.1321717832328,312.5518384835514,288.6772430375813,278.5012413742057,349.44924072978563,348.4357768855518,346.41323682869364,345.8689045841675,327.34780649037293,322.14420315460995,312.45813889536254,301.1320806372515,294.9304758923505,295.7966241649213,285.53588557935245,304.173167644134,226.6363627375008,214.1198753523662,230.6781552345697,223.1906499914841,208.63232473807807,287.8199453877159,284.8350194464816,269.77665151994165,291.93402406799254,305.47541956567227,291.477947283672,323.5993844286095,333.9127535060878,342.45845775917536,387.1507670687236,426.3003464393788,484.3732392173976,561.4076799155224,618.763399560322,644.1792926412733,683.0003143864312,812.0852330423756,693.1984974724797,686.7491695154155,710.7823368140006,705.0295619642462,746.7740102673736,743.1856345841419,792.16436246084,820.3684312634189,764.8793368993356,737.8930653655742,791.2453304256888,756.0792584420903,740.9008796038866,778.7715990174241,772.9318351173108,747.631131924485,737.4579006892718,721.8939016404595,754.1284103016972,721.5786734705537,704.565773837783,639.7492244293088,661.4625406784936,736.7489914021627,723.711281481276,737.0634549587797,820.6954092865799,866.6550145632394,841.6629223434873,812.1560662201035,814.3062959873582,855.889930478496,872.0342934907276,860.0905692725445,846.6707678844715,887.7002940321179,859.4901505384909,827.486452021059,811.7329015222525,764.4643145317277,953.466272966205,1100.4671984899182,999.0337047781028,1088.446181728915,1097.1166336223157,1096.9992272210816,994.5265105114868,1011.3003657038518,1023.3743232521608,1107.1471681840244,983.5933304897555,1026.954070158982,1002.6696849458788,1005.9232710705932,701.9952032317387,710.8798952186677,675.1566935716246,720.923136452914,733.9749162385677,687.9512553995564,945.6852176445304,954.8949839590427,1013.3216242651072,970.1709409834664,1003.071019872176,980.9526039690126,1027.2206740795004,1057.8840067160763,989.2664462834792,1052.7703783684392,1027.0371147837322,1070.4706996110915,1007.9316432176682,1010.659059094142,1050.0231794581468,997.2590123272712,780.0602973309798,829.888548365227,802.1294428588128,746.8037545463989,834.124234812543,748.4006987938134,748.4997944103255,831.0830489844284,807.5297737370825,811.0799873859296,744.6384512100789,815.5238773160411,749.6400246565528,746.8817909563386,762.6924146384366
413.39426478574575,360.042699250642,328.03433167764035,362.4720847585464,343.1858449236789,315.33580348877973,305.104214854231,291.6530928854316,305.1807437990138,324.959667143073,286.856393605795,264.5806568344763,287.96203005695406,269.429004476732,255.52096453594103,247.64300439479285,291.5017195390872,343.4371877430516,309.6476803509309,316.5183876889399,283.2390177567281,259.2848678408655,244.72991011982984,241.5619345115956,229.2792931541954,240.0307995012365,233.4829323883837,237.75828587384973,193.45800417363105,185.09326835650933,192.9273182762786,189.4559708297181,183.6717690844463,224.3915132927708,228.6856098668468,228.85704950164427,238.8993955729543,234.6313881134644,234.0548895985097,260.0583978991293,267.6154049281204,274.7710560894014,297.7659425518644,346.4616439445807,374.37019798888434,407.61158915068137,443.6045582893943,460.7971110274107,484.4776930607978,571.9308829018573,523.8135055840264,591.0461348713271,619.0044633491173,573.9710000109343,576.7013179465664,635.9762347391897,644.1243323159322,645.8318613103174,636.2225931888265,609.4837471296364,636.2021408559407,652.4354232938905,645.8407135604801,608.3511142692554,625.9498755371695,604.4369471455983,600.8789797942763,600.5418362931634,647.0936992873986,611.158219305818,607.1187521025545,595.4761203826366,595.01878140925,672.2518976024837,687.3761549741075,643.5335012913731,680.7065552218853,748.6616370468355,768.5399892426585,709.6466637981797,715.6805711148023,736.7038598414408,733.780776143695,818.6803137171523,761.0259776506406,788.1368029916655,751.3883191689249,760.5322326819368,697.8265383879866,672.404450123468,729.4940443479538,816.1350404302307,731.5458317530444,731.0726833289458,788.2765688775503,774.8795947435399,716.9300458717934,749.2740881156336,754.105393552716,745.6607768268401,708.6001379101012,768.7290984885827,735.0679140070694,721.4884334511788,516.223807393825,552.5774780996012,521.7045301992888,541.0345522855798,553.276306493343,563.0944710073711,722.1957788390488,760.8970671090509,790.2180503005709,735.0409806365471,809.9386482239914,795.2917773473482,867.7141990842179,887.1045789503488,781.550607930922,840.0593798854169,881.4726835777034,802.9562550529939,743.7294887829129,756.9589319150126,786.1992432940216,721.7028554348342,623.5596525561243,642.91070181194,645.6735365423004,600.9478854563611,656.6060316260083,592.8741674827596,596.7349745663452,618.5979652879847,612.8407538281214,598.9827462779064,569.4867518885931,600.3012715533536,546.3416554603832,595.3109915240283,606.0288790016751
514.5925554438593,459.65404477812666,401.8885651282189,418.1799487513964,406.2377963025495,379.6719079752981,398.9802617704305,389.0947523539691,386.4600980477218,417.4256877406668,365.96175497695685,326.4411573354081,374.44782839790975,332.2051621265478,343.8223329018789,319.7939051812694,290.4337154224248,301.1657808385382,260.69384321690285,257.1557741153611,244.429712134648,232.92515164112083,228.39890058408508,230.2996580082508,215.3695369803464,227.48723627625827,213.4721379126427,213.8382895649038,221.22707820638064,216.10676153809356,227.45245712157256,226.745919771928,224.18899136663217,221.3841794702913,225.80011390764037,235.06127524362276,236.3503584096687,223.96099707955497,227.6922489179176,242.44736618012263,262.7073875138099,269.3953408383604,295.2933474279801,340.92218808314857,388.7464021475834,418.1734646387009,449.3216671166933,498.1709900735343,544.07040759151,659.1921083560185,774.7410553146955,865.2384654143624,953.615061560865,873.1231790346055,846.656224970666,914.5137410085736,885.3929837215544,936.1159302208208,982.0119724217956,925.802471981487,928.319558509573,1005.0495036629244,1104.7451455882967,995.7761008129936,1073.8925467575602,1011.1218422227372,972.9539768914811,978.192141067033,998.3357101083836,1017.6984805512544,983.3555049001064,958.7430414237632,970.0062931391674,1109.2106504851397,1071.5667239687375,994.3105517336206,1050.271426400656,1093.0251136993047,1115.254507851388,1078.851156221831,1045.461654588492,1119.460897471865,1060.6361455138997,1153.9870667868986,1139.124796898152,1161.9511878127953,1134.1943430550534,1138.4030150822675,1042.8074986555218,1086.330845997395,937.6339203502812,977.7914943803116,906.3784760560276,883.5664346995242,929.7392468561646,915.1033395148268,876.7839529717339,980.0617230804788,994.9750554556564,988.9628797487042,933.7281022963608,962.4385483262332,1022.581703594528,988.174677532966,918.16323635727,939.5261224014356,937.6484861029082,958.8705233906084,945.341243548608,937.510068936864,929.9376054447472,980.6246685710446,981.4397991625852,939.088858974139,1019.0709146643532,1015.2637968967922,1113.397594398441,1055.849604101232,978.779010455876,1021.7487490568592,1060.5422303578994,1010.7230715542228,919.4456643527956,931.3189761697656,853.5196735247957,754.4720656012431,833.941391455944,844.7974078059387,835.9226257159459,831.5865773021434,861.5445827743772,803.1766211921428,826.4776406223658,815.7382839944574,774.2814880504402,744.6877483288056,776.3951473492796,763.207331870086,662.9982111698506,730.8940469673573,757.2779389338973
703.0652466355106,662.7438982996304,604.31374154099,584.8088858285147,595.5748157045488,557.633747620751,602.046965266186,595.3549091121902,553.2213363281137,531.8592747011721,495.7828820569625,455.595093181993,528.4243934494172,464.5203083353511,529.1029588463205,478.28778279746166,336.2861476662945,340.4175581336329,304.42393284950674,289.1952471665117,291.86623830065787,285.04297668832896,288.9039773185159,293.7295460879633,273.4357144556968,283.3809795991601,269.8908168061857,262.42871159042227,325.0841955965622,326.6800020389654,341.90879287522216,340.1366759855422,347.401738105568,300.69925466374553,292.5434761792917,324.40851393371804,319.7536507112442,295.76844163226195,303.3254790393668,306.6546636064432,347.03420719176995,364.1038952658861,383.43826015539753,402.88578295434576,499.14007544960936,519.0000399094951,560.0700675591239,676.125143893198,722.7970151420025,859.4439161022682,1288.1347968945158,1405.6424275267557,1577.6172846653606,1481.4711188745464,1394.6122807258262,1353.0700851417616,1281.2239747202473,1331.12679924007,1401.024422689939,1330.6647253481724,1271.2736831639063,1417.9138139685658,1662.384774672003,1580.739016101374,1754.5839003355604,1670.7101465715548,1581.1905231593423,1598.8540926644507,1538.2483858341177,1452.991002350614,1481.601668411791,1478.3970073015937,1504.5461216820163,1666.2873754690702,1533.959179948154,1522.58886118725,1616.767322815755,1559.4454664528582,1622.125245117497,1592.9874926999848,1548.8123824378554,1644.263729816385,1524.135776314546,1623.9488191468542,1755.6225234447102,1739.668725575778,1755.1891036154443,1570.5411952723166,1418.813656868365,1515.0509826818482,1166.7371694036542,1195.2245598340037,1150.158908531617,1117.0340753588637,1073.1941934651977,1153.9527728862868,1132.5686475085702,1276.8552226394916,1302.0199187622293,1326.801015753859,1292.471534194281,1243.1854532542875,1372.4166186181128,1361.6278726766682,1161.41408686474,1152.101916429694,1247.4084236118476,1304.098831411393,1253.0006817283731,1218.1155081851748,1307.0034764174588,1358.2912346847295,1354.0219067377368,1371.1544926344172,1332.9194425401895,1299.3766436824928,1368.7896719097528,1335.3849265913382,1334.1171496060108,1280.0433669069253,1255.1899117755368,1293.1879405374266,1091.2499137840282,1050.2815634228996,978.0666281671894,926.1521564072552,1141.3277199198992,1106.547871327018,1039.6544919307698,1074.345872364746,1026.5600994523877,984.3054064824644,965.9893925254878,969.4145188180594,868.4071994234606,845.2502495824141,931.1959800431234,906.6665870539124,819.7218962307898,850.7593260601953,946.4429246696486
367.5004746611161,376.1664249798512,371.7962061571249,371.8303952717624,384.362354746766,341.6950528227458,332.0326952095887,306.3064094287848,302.3450566215058,272.3226816342352,262.5401925815856,252.1557063862746,252.408802973748,238.18001290077277,251.9933555725742,233.98769197160823,262.3967129897661,278.6395969317001,264.9729506590947,241.96592872059117,242.7343308091632,224.6562394973708,223.9934567889157,226.1302054216852,216.8484083320241,223.736744372024,214.3773863107626,210.9502396925239,191.82489022169983,192.0261729460773,204.1333319808521,202.05757495935796,212.4671611231284,255.4852001332588,257.2639393794621,282.5294916367679,273.3297513843542,265.9030232611468,271.73892436039404,274.77605620636444,329.18989358528194,324.68243137746754,343.85750520479087,343.9916103008227,413.8420787294517,412.5127975821081,452.5966357793512,597.4011391730845,674.4770430015523,738.5354773264087,829.8370077576113,904.577116670598,920.8797288377588,908.7415689130952,892.533604129608,858.6360033436705,891.4477056876257,957.0204767275504,952.8570960754596,959.1557283926091,933.9630072670942,1023.8900408499346,1166.723967202802,1146.3252843836394,1151.7353638037212,1116.8012103213946,1098.1740188551562,1110.5904149230662,1065.0313669341947,1053.8759773289337,1116.7966873213934,1093.9474978395515,1151.40740800876,1197.604016912691,1102.0285559613365,1112.1573670458906,1084.1618927944348,1068.6653144656386,1116.7488664230364,1056.5771169691725,1081.5440906764031,1070.387460101915,1026.9559452431947,1132.9259549576998,1191.3404129927735,1153.9979786555612,1228.970157027461,1108.8818834008916,1048.099642375447,1012.0623941102508,1161.8715629213789,1143.168299582176,1119.5232519385474,1106.287434489829,1083.4387984362124,1204.1956384828093,1225.30117488728,1306.0668219515824,1220.831902087978,1118.3736887751982,1134.7567019684263,1081.3356662184494,1158.382506139033,1181.4780704718055,1115.5987324598952,1023.8812820446732,1144.3649491854956,1206.8217964395094,1103.1107309041288,1044.0344056336694,1109.2800435997956,1098.2335412007585,1051.237196387081,1076.5665091643036,1049.8096958960416,1067.0466890477717,971.4451194285182,937.6944307889815,944.216690148374,845.1561197441684,813.7576243108945,830.9601753127879,729.1187281661878,725.0084166929258,700.084696413439,683.275366083883,661.3382640131487,611.5192851291049,584.2501635921967,572.2689708291157,551.1708277990743,530.3515916022785,501.0216206640183,533.9365334268758,489.2595448864523,518.5038349707311,532.3397219560662,566.5330157106898,480.1020067784106,466.1725767599912,564.3934559219946
549.4190291533705,546.6211366645676,549.3018020618789,513.4102308197273,493.9580037532913,433.74643416538026,456.3755814262696,435.29075437615,419.30019970020834,374.2328966794146,376.6840102897124,339.09162399036165,315.4711029438532,308.34111018716203,327.6924838173991,282.37676789962325,311.5056018391735,327.9650778157364,340.3763921437153,298.4991068241677,304.8115054337304,262.0371580678007,258.2978779967904,251.08833902157903,238.05693517515445,239.863550387412,230.531328013418,215.11884367246947,242.8468445158743,246.6383789204167,247.2050018485021,260.17496020427706,269.8034037130845,262.4252442385512,269.769801255432,267.4370673754572,249.85550499166305,245.32284471740692,249.3079608428495,262.85046498902307,335.1205323365254,307.6669895079304,322.06162194474064,354.11086551461244,404.77065319052986,396.4966957358605,455.99381169179634,532.6350102260034,549.6648310067269,598.3804879773701,694.5483791684869,828.3904056902726,830.5869739497084,822.7411814569797,765.1335624745425,730.649059467663,766.9029683976588,729.6452006462371,780.2383172334378,818.9132918033115,780.3285208623299,789.8732403025268,811.6858884492616,801.105957287533,795.2446816964473,782.6820127341261,750.230747214513,745.3169447230998,728.138074871375,698.9207699581482,702.5276173687714,736.6595421744881,746.4013492907998,729.9909336082276,761.8010136479272,793.1724114505918,815.0895239909825,810.490561823274,852.7516551241229,799.0933624533619,854.6520670911142,776.1460059692921,729.367300240542,772.3025813115718,795.5108088016159,784.7018098122659,828.8737231626849,799.8753450185067,726.1290561041122,727.5020939944374,730.9883931593846,687.6823128295409,648.3917188453895,631.0499658258764,648.6637993915289,697.1662537288229,714.0185225843682,877.6964303119311,818.9159885461512,706.4144357265842,708.8247064962715,665.1100791292569,669.8780894528483,697.0211855936741,651.2480712840608,667.4023271019921,776.2528255773311,1182.2673939456813,1138.194206820713,870.7900711299287,833.513527338501,768.5191134148619,752.7761441732912,750.1579978252151,773.7594313877905,824.0028981329649,819.5965783719903,745.0600200976811,764.6033403451974,710.8345664864695,720.7226304748758,765.5173838176169,703.9200414204568,723.5816134634917,788.0051572675549,765.5968819270514,871.0586854082416,819.519096511614,787.3116893875394,765.7119092640172,771.3362938165354,726.7774255201309,684.9651971993094,755.9880702306224,704.827554609112,686.2630216262543,694.0860472184746,847.624762723024,712.5700786234097,648.383120915212,732.8069427158929
400.8166193406231,364.12877232409113,345.0793741864063,305.92658818454225,301.2251265018052,264.93156855221304,299.6061056008049,312.58097365000793,297.55844624225585,266.626314181907,268.0583458048252,232.2058194199669,214.02299912494365,210.4833119755732,227.4136333460962,187.48491167210145,126.68716694851096,120.54006450224104,115.6122826465817,115.63890021915752,115.12673198876536,107.97486375372571,113.3496470057854,108.45910297389035,104.42203978766008,106.90366699004684,98.28518177823182,91.83116655399876,159.34561199379343,157.710226985796,156.63327030885432,168.9278693299207,174.87756740214724,124.02088080018189,129.81306653950716,125.06229394318474,117.59506873544856,102.59018019047996,103.02315182995126,114.3097616225152,128.6776014690289,125.87476989527136,137.01881016148943,164.0438674074292,186.60438596661783,184.61263958719533,215.92433895206824,245.60702675299692,253.76440313441725,277.21196659792344,479.6141315492319,581.37686539482,576.6310942530397,587.2810157502144,546.3134821553206,515.3329970989545,557.2604005278695,515.0527852700146,520.1430735984819,530.5818274476329,529.1952994746309,533.3558741559331,547.873709121786,551.445789510925,544.0499825180285,559.9075056034086,550.0820844241343,560.2688886089715,551.2198598103776,513.7611430926154,494.9586092032035,512.972845798833,527.713307262195,528.3500930996511,584.190677039773,615.1813191329296,605.8664058394176,612.0470504762881,654.1849907114746,615.8942613369145,674.2338127134432,578.0026172695685,534.2569563367625,565.6577007754399,592.1317110651972,579.6566929824427,607.5437248556789,584.7623278458765,506.4507123542429,515.4909726140912,355.8501310923163,323.1749619663711,310.88064766671266,306.5305221946589,326.3388889749984,344.33523114610057,356.85103453279874,420.914502668264,407.5414973686457,340.8841398598484,351.3728484724805,336.04888286621986,335.3114028293522,344.053190285609,546.2284279457047,566.3587884783478,654.9272953161358,1031.4736111123382,1028.2385945156552,760.9564888396742,424.7456508868944,389.1968988771061,386.6257273501887,392.7023667045702,409.5964705011783,437.087258462201,428.8361386423212,386.165718553353,399.7558920252284,379.5369357856954,389.8279324418546,397.1300987216623,369.58529028507735,369.0639752714243,401.6152209449664,384.8196362047704,594.4942773965553,580.7307921158394,552.0899822227942,561.7641310813916,564.1627983605274,530.6515541970789,491.327396525988,548.0306925208166,532.4168270955845,501.2991264498241,516.5622663940311,653.1938558375496,547.8579363123563,492.6600448087296,529.5168376171802
55.26874957233138,54.21440449758332,49.43214471980416,42.63077377059945,42.33997761325609,39.45841282701728,35.020999040823895,40.9141688254397,37.98988226550576,34.26052532918179,34.975269273007314,30.69319342002609,29.846274425013934,32.707079958049135,51.198888814531365,36.029064949007775,32.795041916728245,29.90573472000395,25.776591708961675,29.815859539211413,29.51063780626502,26.97937867301884,29.293651195680216,27.401743340998763,26.7756667306582,28.71391009269661,26.494024329305763,24.174599168555552,29.54049469074581,29.028225212010053,30.4095861864048,32.32825323566227,30.33278609671098,31.81348164758625,36.277162142044325,32.52861474965077,32.316950948047726,33.15314460639576,32.516090229635594,36.85756172492144,42.86901412463919,46.42350833067743,48.749355780566816,59.84486484439488,68.94985428927994,69.32851458105041,81.27713372796703,99.39746259837582,119.22529575683296,127.16227065231702,144.92568168914974,146.13732504113645,159.19349864391873,171.06877882091644,162.24452962647496,159.57495918361352,166.43364323155453,156.99980482776712,173.0571790683945,178.6577270571327,181.96396416381543,178.9219633587313,185.7981573031424,174.28311592032964,165.11651659389543,187.6603026031316,204.40655990256357,205.391250768318,201.1596682783427,173.22374161981546,168.33441591255988,171.09333911229078,180.9310059226284,177.16950103566032,182.22387428661236,184.909640247648,184.16856712480512,194.16945406733885,183.22443063218975,175.1165471166675,182.9836946195394,167.9037362146037,169.23541644307778,169.6980288933205,181.96902843502647,178.08654280742869,169.00463142683307,154.6836480846628,145.00805356685174,137.20735302721982,134.68081423593463,131.94374884713545,120.72693315423602,113.49354478088397,116.9676511463501,120.1867549194909,117.21660637074464,133.5615350461352,138.21080897383317,113.58712621083389,115.08781916132274,119.78483271757412,121.88242563868688,110.93340155273708,111.78654279624948,101.86911198832348,119.53883709341396,119.69029728596236,116.12224534529834,105.02589295337408,107.603383700669,107.8118111601372,106.7997115225288,121.03427954149944,119.3578553231174,126.86238163355024,120.31210614506348,104.04741537687588,105.5721552677538,105.86875537141572,109.2352560982528,105.060736635431,103.71558129303222,98.95425627056274,104.57970057739156,96.67380123446632,97.10697545637838,100.77182949251689,93.39958860849724,85.72348555046631,95.01503146789138,87.60517371676917,78.9205095386749,85.35917428384501,85.91284533646281,84.37675620870068,81.22773526467708,80.53315479393444,71.51400612041971,67.51440233148638,65.35140368813173
56.062265065082585,58.63131051944082,53.20549413354156,43.59191739695607,44.750299551770105,44.46625924177407,38.77455485899445,45.049509889666965,41.29874052737866,41.25206860124759,42.583546144503856,40.03230343637879,37.59770935459185,40.76459320037578,46.695828084678645,38.89246176680686,36.775880714230176,32.76652791676837,30.484245687726663,33.163605094563245,32.4048304595518,31.306997513680987,34.95111759761094,31.51354992113507,30.322098944283425,33.54746217360397,29.486846634227025,31.10373377470757,39.55802343498386,38.13637217725995,37.86947363747979,40.549707096208,39.623126081112105,33.14012376162681,35.22397532302051,34.51980663666487,33.22098680464838,35.92791406339866,38.37328765635964,39.938029589014654,44.415346323823314,47.69175070859336,51.99225419312666,58.73688016472135,64.48413457677623,66.29118836607341,78.21044980054707,86.67523416467749,87.44944632664475,89.60468120274005,123.82036926730136,119.44760844513507,133.4112967702117,152.3308377510822,142.89352554748908,140.83086454892032,143.52882971554672,131.13885774228913,138.54444048119254,143.844834940012,154.98183966472672,160.73228694641972,163.44251024670973,167.10740887384858,166.41258146777858,166.8976821735457,170.9157790978753,160.84120373071391,155.78232167117724,141.3275005758087,145.95726348188805,147.4063450615986,160.66036928156348,155.8592782818,152.7693803928161,167.0303533866061,166.95824418060914,179.88892554608648,178.68355963421897,169.9109241373548,184.06901458849228,174.60355879715223,176.04561536573624,157.2871000780797,160.75926204796662,162.24472505703443,151.79775324747786,147.02924413225432,140.69018401033372,143.7602609194043,125.5685101630671,122.78557593405688,120.69557030309512,112.72741305013842,116.2631674006861,141.04239509859596,132.33430899167973,146.13071667192875,138.305415771463,117.15288409533896,113.8796324545982,113.27478006244216,134.81339843014453,123.91038725870628,179.92666841193542,181.95903484620263,192.3256125666249,187.60332126150493,176.16824367865084,164.1883081002753,108.0892286828326,113.79961806644494,118.53532343823332,123.3318724992464,122.13974526905233,126.107495146851,124.64260782621967,114.56251914282024,114.76290317118212,106.20316868062478,110.1180923282938,102.46162576668458,104.34717561603104,100.26274649192013,101.8804630319407,99.9578132537188,110.34850068391532,113.83810681069026,104.53280681439628,96.65344080505298,104.18822979345596,99.04680319162428,88.98495548604464,98.45659382367124,98.04586550780888,96.6762777863986,92.9777295188434,88.00745001413671,76.17891384190202,74.77511949435745,67.70955391449392
43.92682997000798,48.31003705513562,44.454599534607006,37.44792865544849,40.03921027471719,39.88783260767878,34.84810008612164,38.809734882762754,34.91482175683906,36.24809386952612,38.63760777180682,37.44347424502944,35.658068166143295,38.08947700914815,37.25479340362572,33.003619488517856,53.93383723161371,48.14969290964571,47.413274329201,51.28728870116406,50.655792898780895,49.25644645478352,53.89180589526462,50.10705668590629,47.97321348513137,52.20284683482653,46.044230563947565,47.26856992084639,34.048309242778465,32.74330777536185,32.7251023065364,35.40587994646702,34.33775087631336,42.93320903972189,43.50586362016897,44.23483456429943,43.63349339462433,52.50926168726059,56.54496314254734,57.01292558167324,63.20669467910879,65.30913987207691,70.81123511613583,79.17456818009235,85.80324432870938,91.39680303361924,106.66571878545176,112.99062689384454,111.79301798994736,117.2268887977692,93.368431225576,90.98297847833275,102.94432548961954,116.573798577654,112.2526238017739,107.465942794287,109.28881589034124,105.91119263403324,107.51511259255584,107.38124246337983,113.92058957535114,115.38629020027668,114.27029287888637,121.36528465224026,130.1424242502285,129.16942296957143,134.2166899406957,128.6181147368806,120.01695238290364,116.88937120425172,118.29005279091594,115.91853939934946,128.14563073091009,121.2521005096665,116.12296015302448,133.61541048760537,130.74953199767097,134.54923037878396,133.6976687822027,127.98913988691731,134.81659774943137,132.11001432002777,137.08336982822453,121.8607261194274,123.98853259145696,127.00247107012778,120.9657463657184,118.3586876570934,115.40259179183909,122.88270209803268,180.05230251188516,172.4077601079894,176.5358654915908,161.519858945291,157.9552680685415,185.32314609441568,183.21314352257977,191.1563913946525,173.54894142981416,157.1484611861964,152.63134879460677,151.43205823887385,177.3888196966023,168.2005175368042,114.02793463456696,115.11203653826476,116.97499593170556,115.93476308026456,110.191398980946,104.62977815618696,137.07987316403754,152.51600458574177,154.7757847013532,148.95943293715965,153.8876052191513,146.37547812628208,146.50107994524922,138.89257417025902,139.87021633754907,146.1607112908654,161.28948622452887,143.9452439204877,139.97024357167118,141.08387951302836,134.42946181352073,132.69981275993624,88.39732307737712,90.3791369375572,98.2480269923462,87.727587150312,89.29207388348541,83.80066505921563,73.57865857558957,76.9213364012949,76.4375681573581,75.23900006080434,70.19882230738526,64.06150012719861,59.10145737903802,55.825372176952754,59.5623916834688
65.51775361525722,68.69988220384069,72.2838955321117,63.51652500844381,69.0598659200786,68.00767213843707,63.05311758117378,67.9179059200034,59.66693314813616,61.17106499273876,65.82980333454489,64.4265740829773,61.29619332490491,63.44898519198073,62.158356392988935,57.56227854138948,46.14003990283578,41.74714823520775,41.7214744938627,44.85588366756992,45.34747027945728,40.7251965260491,46.21415474740354,44.70042995304947,39.794057958470994,42.30089986194885,37.59594170043764,35.36917388450937,49.10852238158873,47.35706700006854,46.22149257176074,51.29873462068549,50.46224441504264,33.936619583576466,36.09417684307873,37.07786967791923,37.418389821482585,43.09745025855801,44.868046765076606,42.029788315041976,49.52531322348478,48.570124372817006,48.83376961725692,58.30728606273102,73.78880027049732,85.88449359054954,94.64455889196456,97.51151322740596,105.42373969431732,111.48530575143836,155.51953424024026,169.55367531998797,178.92940709690802,192.68164174085575,196.39601248120297,174.73678998346298,190.32092337106903,201.30958906995397,193.3827097295326,176.76681207999562,187.1648681811793,191.0125197977512,194.2367840425572,184.72360961501477,209.46921560271227,215.03369214468333,226.93202564201772,235.1941191301317,212.5863609502904,224.60029650354167,232.62379683199148,211.27390612539392,227.0681869806287,215.58431829671693,207.26921598260563,227.4622653276161,232.0087352352884,214.91335810092747,201.2159111848138,197.04686153711145,198.7617244168181,199.10107815928592,219.0073489972368,216.92478914422392,203.6021272226916,226.7893279804149,207.02283742583103,201.54953151115285,203.5898674591267,220.90600569161768,167.73408549263755,158.56972078069623,164.54086100734415,152.52118727099344,138.31615759217203,134.36926008063122,151.99180625558628,143.18282668304275,128.55835810494162,133.26887838211633,130.24650991243357,132.52133685763727,130.38537149233693,135.05040628292832,129.86518663215966,124.3750432615096,130.89426364557497,132.97668345878498,129.10094669459892,124.12908524730992,117.15813159343404,133.82954037582385,138.46686200754817,121.3929194119766,124.7064933611916,116.40101570951362,118.15204821691268,121.12627148814836,114.77740659291872,131.62427817787423,150.77803641751362,140.90104762305603,125.0952744494745,129.227949287812,108.90515298179167,103.35785092359936,138.00811691275604,134.53514038589356,178.38626289779944,154.79496403620104,145.9366577959504,135.39223388769994,111.8612948915415,108.52436738316936,102.47092419256032,98.70490203789475,95.31145700799412,86.62536194807493,90.26826810403556,82.06305050206873,106.06118397426118
54.99470268029193,48.71587190721412,49.95397860366658,46.92756974078032,48.319214062215714,45.943384273073896,44.39009650858652,42.53460770226641,43.0488440930322,43.74156479161716,42.185319535085554,41.59718017695776,39.68445814148381,35.28046695101909,40.03079503848854,38.61464177125352,36.09784925629147,36.1203387619022,36.01546475187857,39.67730152658766,43.14397805845877,42.12904696683073,41.067537704648686,45.57573442685399,37.72223528624134,35.31684167661808,41.835022340837874,36.95594571383392,36.223098268411874,43.04515884221094,41.95099277108093,41.28111994194965,46.89679631180125,60.60998576224628,63.132302479019,73.23604760481203,74.10300456353114,51.80209869280829,54.06524020553115,50.930667240247246,51.85434277437516,54.84226117937092,54.60579711256801,57.5958196401342,76.54471212032702,82.17886397622162,77.6205137062137,88.21842025426218,94.00681589007225,104.649605825156,127.04256564463824,145.16581520813386,123.54892339969736,123.1521920230432,137.45941486414304,117.58665322948802,121.15020273416924,123.73723856660436,118.58537165115251,120.65177563056628,137.71526109465586,140.73852908725058,142.24891337823684,128.21191473822995,135.996818853924,145.0412353128832,140.58940195974813,137.16996793961854,137.5977245607677,136.4706790474966,154.17463772823962,157.8223467546847,177.6713098562489,180.7593685157332,170.95825601892332,174.69043428925676,171.95060671113862,161.37167541900686,158.5992338639031,165.17540504547424,174.84775135919807,190.0444575929396,182.4364998880112,185.45864656996187,185.2289372215427,212.1720705569411,165.9675434206241,137.67486093860776,121.48719965252342,136.45638699899942,124.88557211257886,116.17445843099428,127.00163287391466,111.39604304950444,103.2446843325933,106.81212323579058,115.79072027299456,115.53547110023752,130.10668958354316,120.2558896909442,119.2115740508981,125.98070337035172,133.76292477965066,134.67243204119478,118.55057458834956,107.0802643557447,106.35792919559913,103.25128094404812,98.6052644146572,103.1982974895499,111.95654963983256,117.28246965316544,127.64838844595944,120.09237783537732,107.2298752023906,100.67249328895215,101.92617394939884,114.62293584832744,109.80223038995838,109.7637841944948,111.05812474044988,106.74869756277428,96.26604809022224,93.00534013111684,76.51957427598411,72.27707699014331,77.10005696383885,75.54232317177168,83.43743275578272,86.28853833803579,78.58245452021781,80.24553566713249,68.34031896395032,56.31515851407408,55.8627149047245,55.75223617812468,52.63010428557288,56.43058393072596,59.8018857686092,62.66657351245373,69.39654519329889
79.09673016796415,76.10385085074508,68.26121818062178,65.73817085244812,70.39725478002163,65.1726424316316,61.239641578978215,61.69564664313384,59.5172427261901,55.38547512216794,57.91859776672414,53.32558380065028,50.33123759077031,55.238863400523,52.331161066105786,52.24426816340818,51.02090651211059,46.73857476522733,49.39668874012647,54.04072606765121,50.86072748576066,55.218777009942045,59.74544280854336,57.835311839798464,51.71251264621129,55.45788225843927,54.87698896449817,50.72541467053122,56.08659108284681,57.80167403062745,56.69483684335592,61.47659805934156,62.70627394598807,84.20584968624183,91.17320267342848,92.39082070330828,88.02662977537044,64.15220031373133,63.60154597788477,63.31875333903642,71.26687599030647,72.58417446862168,78.6283993838035,89.553225823498,98.11192896454314,112.01433202900871,114.14406224966086,118.74955620952096,137.46551259886107,152.44466064903753,187.63079202102023,215.2900282031698,202.94659082508363,205.5117845335996,212.2838168752056,216.63051104204624,206.5312337122058,206.27860374397227,214.9519954992749,215.1079805903978,226.53345599766772,219.0144213257046,221.76564804223275,237.22913995937952,239.6962541605139,221.62690030948997,237.0238427271075,236.11638682682857,235.86931790565225,258.39509536601867,233.32050675960176,240.6301955150864,247.9664657058527,235.9298972505704,220.1854574035136,235.34961109861808,240.2495847639397,233.1861982949513,221.7116287551109,221.2793076348988,209.09943865066808,228.1886922855437,224.9220569902332,224.1609251082965,222.619159284795,250.2987959049225,211.134532564417,203.95494677036697,191.59319869752755,197.3434797314344,174.771233022579,177.85911580101128,176.8537014334025,160.06803621486875,164.8251063343423,156.27657898682762,168.0989855518422,146.41326946418872,151.33035921275507,138.04995017251662,144.371789039009,152.73769103744812,168.06000747701592,162.3988089527756,196.6249291962732,183.09528667667405,197.2553659709992,187.2991491012461,187.85623698098908,186.0575400749458,146.47624812124045,138.43952285134782,141.407818010941,136.80707394533246,138.90273934968565,126.30326366964316,127.51903790907974,125.77602898984692,120.74746904358469,122.08772423327574,120.3396802287478,110.73244673672964,111.23799665907538,111.5055452123705,107.0834674159378,96.16250946365628,110.3044076737756,114.83898546656197,121.93171942690708,118.113930321546,122.37409485745248,109.69347039229037,110.1566345226494,93.48517757633186,91.24792173113124,86.79727375651554,89.49080079972892,84.4151143047551,88.92143813113944,95.2099205113898,87.97551470914253
150.9852939165471,133.92610351480997,124.86288829631197,134.20166765674225,125.4286289393257,112.29174249398534,116.94170767327871,115.71170478471656,117.8983806655961,119.98430621483232,114.92127843491524,107.47468261632706,109.35997315569136,101.49522198147444,99.35954234251302,98.59005646861708,73.75228548503891,69.92368692344563,74.19812888939511,74.03760722441136,72.13649479715193,79.09353339990741,79.08084178501677,76.72216446705431,76.04424665760055,76.5861797408989,73.78073456690973,76.59088028823429,101.12504453401397,94.89421533395884,99.91300330214094,100.52386792833803,101.3310559983612,104.31882082022572,102.46436505206744,102.0560223323377,102.14401366129358,83.67236150023655,84.11470030826858,92.96202003208695,95.2229011357026,102.37268726904232,113.41868536921508,122.61788605579844,161.4896452471346,194.91770660077103,229.263819567031,209.5429079134924,224.57593054753625,244.676563353624,317.98086941224454,346.2988641853497,309.28438129406555,311.47190403559154,341.4166978049421,358.0934002461258,355.83824613548586,339.59104033028785,345.4021047764006,335.75825689455434,317.1201541920641,316.88360383150257,331.92071672178616,327.307604684865,348.315044110698,321.87820074131184,350.3328938023165,339.7111594452662,356.19035718438704,378.93918493039433,354.38508595686017,330.4721859169609,345.02857411910264,338.2933747020546,329.6077277422143,335.8696826677953,332.04520481164974,319.2401813479585,335.6773445283397,342.08763560628705,336.44951461358465,341.72303719630975,303.68134795387334,308.59229285043534,323.40959705053285,320.6694440702037,300.2787183363527,321.2558553989492,335.0849707261492,335.47411204477595,233.99589001227235,252.9953471454926,233.12362871474932,213.8058319838077,208.8356304680944,218.65661937909823,246.4124838721939,217.432829555368,232.9937095145104,216.9317454549557,211.2723557761952,230.84396637334973,243.75167759363003,225.05064458419463,231.7251658818577,224.25462009355925,230.20269623463412,221.2880652697214,228.7411151218929,225.38273606054773,214.86854003179155,214.67439613554936,214.38962139952483,199.84106837475616,211.2894090644717,205.20516691356136,201.2551062592505,194.9517037295867,187.97840163991333,185.00722292279067,190.37709059080163,167.76428519427066,192.29924355572075,185.71379527519557,178.51760533622283,171.3620800489859,239.17820892648427,260.06269379820094,245.45822866700016,244.9485240616016,249.10003777808305,211.41216578486907,248.8859022171052,217.17343114325692,206.8442108478164,200.72996486035296,202.6824923513763,184.8402905656538,198.634551879536,194.97225206236973,178.2716157714327
78.16535680710585,76.46190573949544,74.0507060068449,76.7818736986281,74.6683323938869,67.86859906459387,68.01366028529823,67.52377208455377,67.15622828873248,70.71063805684665,66.76163455714399,69.51329476752154,67.14027625609862,63.539934577835375,65.12504896953247,62.583309754694135,53.54690323227358,51.6568682003166,52.57977272436986,52.0939036679999,51.87790312028145,55.05196664839225,55.51475470516122,55.67697358635374,53.82964437863024,54.89182255168743,56.7862657123345,57.50100755457088,69.93434892652962,68.75298896421889,70.37526682461817,66.05931455681541,70.27155517010812,58.06760862055672,56.23597172446712,57.68569973605125,58.53784490505599,60.19948357620246,59.50707579766746,64.0555912664454,63.85718167691034,70.41493053149955,75.50351696969119,80.1524606539031,96.61122132703804,96.5157401922894,101.58691175885502,95.88222883801906,104.5562896084454,111.50689406178428,134.93598464908305,142.7581123068081,139.1268423596204,134.45889124554125,146.70750207968285,158.28915953269717,151.92558893027825,148.32389936126765,152.09826599558554,152.97153120836634,140.6259079565589,152.27276963231,159.6495252119012,150.49537915377746,166.18105943107943,152.03131068711662,163.7273147675805,162.97933874203434,172.7214476591652,195.76679912472952,204.6932027344525,200.4098661302913,219.5229339838372,228.37397172330824,222.87497987888432,230.52144920211683,229.62126858345,230.14201835887985,241.61365620296723,230.96631133883025,222.13617543939964,218.67238761524908,202.61205356880453,211.51361447065847,221.7214871360235,210.77182082167985,195.18414845564064,211.4280696953533,216.45176986844064,214.66499584435363,171.74141981230736,185.5930179196147,174.66256270751455,163.53735464859128,167.26888421614242,168.79593663382445,177.68240196422252,165.84929702380555,180.6324259157877,179.35652366447988,178.50716250672932,182.78583094811768,184.61786255311617,167.7637592531586,199.48153567814907,170.3936455611808,160.38911182725738,148.91383645236505,140.22399466239443,145.84946429458682,108.67422583260318,110.72257121541912,108.60184657238456,105.22065447770918,112.6970209651434,113.29645410352626,106.52721498032382,104.28060165646258,105.79619695239025,100.82865881058838,102.39174416125223,91.4167133869846,98.69224102883398,91.44944564368238,90.26331648782434,85.40236917272107,113.33841837578215,118.0660028677498,109.04090229532623,106.89308624834705,108.58471920831266,95.53895251005376,109.0825454657891,91.99155507904456,87.25132645785759,77.33219531454282,79.24825850121208,77.90735220633003,79.45980140386287,76.18412187645887,72.02881332536953
379.415705300136,449.803300585667,464.5799797883874,429.6738990143966,262.9010721494887,207.48343420751,200.6191925607429,194.61082651145185,180.4456002371925,167.53417465858146,169.58925299910155,161.14484821030513,161.1744164664477,164.66491972622356,155.83140679111642,136.43585733709696,175.87057756988213,174.07109963446436,170.48657596047627,182.0626576112108,187.8629515901158,180.9092367236928,193.953742037406,182.23182233927955,174.1112850457609,174.43383639229614,190.1524953766652,181.90164799404783,164.75303769735052,165.98289277210208,156.31197643081876,153.46402499552772,146.36796182591732,165.9797288477786,171.53611391682296,177.23048805921704,169.46874921765703,188.85291315048585,195.8719660987743,200.2502895311393,235.45151982961835,222.5784534700896,258.7173061304658,290.72177967290816,333.3298515038932,368.1781146180611,408.8794657270737,450.5755460778457,494.2580475300963,489.9077241971953,432.3533251720704,461.82933691383965,508.8314071738,578.0904353965836,762.5576141412133,758.5926584375192,690.914284410032,635.0767816782798,629.4113140177092,784.9544241613214,827.7669642154596,765.042635290747,723.3443264918014,723.6813883526185,671.1809870525277,661.7724670385923,706.0471496598547,730.1447516601323,672.3556571751686,741.3975310853061,830.5248762048818,813.8046322006243,758.382496701836,726.5264875190273,783.1869811074321,801.0264331218185,805.2816275925599,794.096792604645,896.1039131917305,878.6939616088226,913.4299696049216,962.2658821304356,1080.7037866068088,870.659215966012,819.6803712803608,805.362353508849,721.4066708288926,787.1803434718041,732.6911583106015,692.3733805986253,841.7130742295378,840.8121397745513,866.4310480943063,807.4203017227233,759.4835854584966,869.237351716737,841.6585080240483,758.5706548691456,766.4957187547436,741.7595879249976,814.160825568599,822.6761209326298,847.5756933988536,768.7257928850703,513.7014715974987,553.8005039629579,605.7850146542117,650.6387248632215,679.4204846194685,621.463632230721,794.378092430056,761.0020247143101,795.9847036595038,788.0358001028927,857.0560449434049,845.9817076577301,791.0685527547413,699.8577834489502,738.9900071348961,738.9166723761213,632.157428023759,649.9691540374317,560.0835462881959,495.5524594477071,535.2725035064934,495.1411775676783,435.3254352849109,406.43734505510247,382.72228522439406,454.77798412146194,425.4732632774265,422.4816599486774,450.2807379658968,455.10572346143016,403.898235907049,386.77037225953137,359.23875448353573,399.38662096724505,342.76349336508565,431.331501653034,375.4428441402189
411.803148984536,482.97245629592,493.4553913289129,470.37601468273743,319.854208901011,249.67197239728856,245.8433743938227,237.35400171277547,220.0604863471825,223.77483574704036,215.7425099840165,198.615832204242,195.737594409951,203.9195564762097,190.16962704050184,177.79590437138174,220.9901384078754,215.03601362951375,211.88358549857747,217.36046802133328,218.77401950832157,219.6417693197289,225.5725126380649,215.358411242132,212.1958213955091,209.1858827994044,221.92184298124803,220.4929216977063,196.86513744212735,197.65709695053144,190.48449667379205,189.1344873932485,187.74191164043205,175.87270357274951,174.23251319887572,180.7866988225853,173.2239953490393,218.4908360695946,224.04749621607303,224.8059529177617,264.1625862144806,259.15848543762974,290.2339662707123,320.42402499876835,355.9438943029763,396.3099712729845,448.358637187172,484.8938655573115,534.587980693012,552.770607959476,478.91863296479096,483.0142466142838,529.8982811246174,599.3276896910871,802.0943433095381,802.2896558904617,744.5959422587323,711.5793928435285,707.9258676166805,842.8490261377061,932.0951627629004,837.3233187287026,822.630309161749,809.0837905983959,765.6417860192557,755.3252428259226,817.1253318286268,836.115683869504,756.9903861222637,810.8206706554746,911.1281578001476,897.095892706499,833.6872069197996,806.9214137728273,863.4278300759581,923.4827891269208,933.787283487258,909.2640349508016,1008.6893805240884,992.309143926718,1023.7165432807108,1065.883597236483,1146.2113638083715,977.4168317837626,905.2025351433804,917.9534188055223,833.1405225841579,884.0181761042927,835.7936128009088,794.1069744650632,912.3885565381868,898.5735222616074,924.8481185390422,891.2251956468774,856.1130124910908,944.2521721042752,902.529864665796,830.6737695098985,801.0416148950417,762.1152352155408,819.1788919016285,828.5178871414754,861.7452059632963,788.612482835734,584.1972908080857,613.8022215558614,660.9636445349648,697.7891444579748,730.4579855316788,669.221899814933,802.9289666448146,731.1309078603038,764.5515779640536,751.924895049831,805.5024816609078,823.7645044223938,848.5504115318237,744.7630145995294,771.6954205599338,755.0105382836238,654.3028051465232,712.895414247298,628.0930847974957,562.8957209964865,618.24423144294,553.868090335501,444.66561208558426,444.9846084538148,434.2642284392047,501.8265791533922,482.2324415769622,493.6320224226192,517.718192248742,528.8154665245827,488.4140197546662,470.7979610089282,444.3458885662548,473.2909007296876,393.32084403798245,499.2144174342216,460.3007428156437
344.8696582542351,359.3091861798619,328.92568950924624,323.44361093116544,291.5743768753617,257.82315372622924,294.9538156097124,280.1858351235017,276.02621031330773,304.87122678022604,284.2428279583091,261.85685839886105,249.34787419974583,250.96391478474507,232.59933587864265,237.18337516878333,323.9943126781073,320.3189794090214,314.2734972978837,301.0727983452057,300.47140579073414,307.38191925366584,286.34310513078043,275.539644112413,276.53898737769003,264.7330305316641,262.91552247294186,283.16666133396944,203.39211790217044,201.4698067793302,201.03901713463435,205.5600224833748,223.74638500748105,334.3562761505458,320.0784516153432,312.1448478495218,313.40115829109425,281.1434174455922,283.82776086676785,291.3427763010132,327.5762748926616,342.5065989933836,364.2952100504728,389.4700959794756,408.4325581007815,477.99936391010624,541.3436367648055,572.52495783374,621.8154241442762,690.3834126624979,489.3213916176474,440.3600298634128,479.2971953870273,518.1663836989416,667.4734771931357,631.7255227826316,610.2715890418214,608.9902684560562,631.5532187653291,657.6136113374777,726.0836513244999,662.9091324960107,702.3148246304451,686.2581192960254,678.3211696641744,665.5417314427793,717.1980930273314,761.5545899743908,682.8101322816909,669.9608924547196,700.2608541522977,633.047643893228,593.8806729270125,607.9919081202387,636.7937713082702,706.6163486450843,708.8363046897504,663.0077461866615,687.8323559053104,709.4303843797139,719.6749084718695,739.4260983996616,712.2838134725301,662.7704882399307,639.3601106483279,693.8132732013582,673.5255527532644,700.394910021702,683.9061453528633,654.9002496194126,859.9078320607914,829.4540763245727,862.5283180756533,867.186581493227,847.2512419080233,841.1246944007685,841.7949257296858,848.9026185026295,806.74508526533,748.2575901073943,754.0945644775452,738.8293218224169,773.8117820539566,746.6451514051976,516.9010132512733,533.2267837681992,552.1570152715849,546.6821750170659,554.1276071680355,521.4333768302956,703.270457564419,671.871497856761,682.9215817297505,655.8195140171533,664.5926044118077,681.9078471684895,806.5147397352878,759.9723126351255,802.1567737913387,797.5588683902369,696.3184860862546,823.4077006383467,722.8453723455705,708.8735022588313,752.7589528640536,697.5435591680844,492.272596916032,482.9357365977013,499.097482287246,490.1517569322713,472.1613729620707,513.6537076314071,497.41261720771536,504.112944475775,516.2207130256293,519.4899670585137,511.6120426763211,502.8687762044382,475.5483224321666,478.509520911219,472.8905937000498
766.33316855151,670.0860227655875,631.2794258340044,622.4399755825158,562.4439473035756,535.4385625536049,562.4826359775288,495.8261315319753,508.6163194404633,537.074075924973,623.6840513599536,578.0858637767532,552.2167456973681,507.6257361370053,444.3004568421708,478.7531124421903,389.92595583310623,454.0296776812287,425.6271674012708,378.2703013579557,445.36219312624576,445.9008280059016,384.4890908104545,299.3174710539163,267.2445407679512,237.88286715154425,224.0783920002271,234.77524481742384,284.81015808298565,273.05578448290714,289.2996659296056,285.42856190389807,307.79456770602104,258.15328565153374,250.5713257452492,241.1482988432856,261.0203393080684,249.02099014680803,244.95235632669605,267.3246200882163,288.6608258913112,306.42834944625605,327.2562281613742,342.34855723935215,398.4723013141818,519.9865891357744,581.9127269590541,588.9223882505906,608.5171462045555,687.304990679048,914.2035891606008,846.2366935089304,885.9109648398509,888.2625085079059,962.5510542036742,726.0650063653983,601.2704587891402,581.483751891021,568.5630302067673,555.2475076458326,551.6257433232905,510.4055584606882,487.8257347221719,477.3464019739347,468.0177670768934,466.5899960251626,466.0822910508174,551.5926745648469,506.5478654566018,464.91714332713866,462.9729904787018,435.5606757102103,408.8867973430887,423.57900256316657,426.4695947214964,445.0834375686196,465.6400676847396,464.3084160111627,438.8215398701159,448.4648546455622,486.8194488602786,496.5604688775349,481.1980917364507,457.6144278699508,428.5708770832204,444.7564906566119,430.6160525263348,477.9345617055833,476.4372501526055,477.29076269142894,363.8593973128134,349.4146257184583,369.9705089703686,372.30503566277525,344.2153833516052,366.78225772224016,419.3334116493255,590.6006004432468,674.2816063909698,752.6179718660327,815.0178455671696,823.9887785201767,840.8888654899565,838.9207001017052,961.9503203675756,1024.55209978097,1121.3368510700102,1155.4383498456775,1204.5675253671009,1116.459259836594,937.1177117127504,945.0693356672998,898.7054385195397,889.4716184782079,933.0789987418568,941.3471184945532,1018.9566569884396,995.0533386897956,970.7199025462168,951.2077685219574,875.5243456087932,930.4789166343668,912.4697572776092,930.8638196343824,964.0796952188604,912.3359290643558,1111.8168926511278,1168.4244635367284,1144.3118192333925,1049.6815645316,990.042090576592,997.435486209966,1021.5096455445108,1054.5335100578134,1019.9179865923902,1071.9949830529197,992.5514740145242,1016.9704131227776,1039.890776204215,961.8554666035988,864.7109356621601
754.7755947519523,660.1732055912661,634.7609876121064,615.7235193989491,565.5713725326042,560.9338881721978,556.0938536062106,499.7195112467918,516.6477719711881,523.8332180331166,578.3076351824304,554.3131602506918,550.7192359815022,496.45837985976925,456.96196435614337,472.9027259602899,435.5332219956844,487.17698414654114,451.42827939861286,413.21568939705946,462.7293684377981,477.18054488836776,416.9583908383242,349.7131067593304,317.4213451616504,288.4002965264742,277.45617646341367,291.7896465015912,310.5501569905275,297.20138674084467,326.9508052584033,314.55658148026663,309.93533016584763,404.4424667338615,393.98327766460505,379.2766314362794,409.6466611985479,300.13665157446724,290.7012366620695,325.2009704767173,341.958678416321,364.2047687129283,399.1932467900053,420.79671054151777,475.22003523022704,585.4802561605044,665.1104751401334,665.963432120354,711.5774663026358,808.6723601518393,956.9024169064566,933.7808427553808,941.9501733116646,932.5069841490192,1020.8285985495633,915.051913558902,902.5845590187382,947.057062025344,921.3638703437196,845.7776070712256,847.9258054585126,896.6081010069473,894.4734161372895,879.0639886769054,856.2384232837871,918.4130157351276,882.1981119447977,934.8308499253092,902.0184148235056,855.3540311467675,860.6545210463366,839.5885999356127,817.6010318276539,842.147848900785,822.6027797398638,860.9120543980453,857.6120007051743,888.9414238017484,854.0709449680837,849.927438597553,947.7166331368012,925.6020537571774,895.9770105739792,881.7604065709733,834.2531541797521,851.0504049180574,823.2025077817087,937.151466030669,934.7972990078632,889.4725116630044,819.6029059581015,819.1021998015405,793.8341236377071,849.6643332718794,813.5426825655436,890.6846201957071,901.589361081775,1010.7968318592012,1004.989437561944,1023.392774887894,1021.4125824953942,1013.7732323758972,985.218239959874,988.6809665154638,1247.9014959104668,1317.814566840466,1355.3626158318568,1482.852883515635,1503.9992566374829,1482.31982840425,1135.3668898025076,1116.3007936242802,1065.9026624613286,1070.770148509711,1105.6534629738271,1078.6905586247456,1136.8134689593608,1128.086202512281,1079.6460934094334,1048.2531045493597,1017.0791349066068,1067.613192890077,1063.4727504988812,1091.390752217567,1128.174466251788,1045.0328113465412,1128.783970607962,1206.6794373421358,1121.92419367013,1023.492528231888,1025.25876379,1016.6729549147376,1002.8044844654714,1031.6815402087714,985.9520852959848,1054.056858745855,1019.6847563812848,1068.9202698653137,1082.5270245175338,965.200419005154,864.9007741393151
669.8733831616049,608.2834177290518,597.6920305490938,595.3530806912833,569.4372268536749,516.747740402818,499.8757787359024,471.1421746129894,472.4169979331546,436.7765528906323,432.42894188474526,409.6119321149756,414.88944164061576,399.49054164964326,380.374473053385,371.4599096580368,435.9486597683804,451.914672824245,431.1097857827729,415.3926537529304,399.8820036640002,402.4752632089384,376.2977275364621,358.0108723903029,350.65550243868734,340.7862637040687,341.4258978886636,364.5417746579256,295.42241014926765,280.6497313011918,311.6556939345394,302.5002590258335,287.1216568396893,399.0449242293532,391.46240719,378.3992253154412,408.1446927538997,363.14608306195794,349.54758249405523,384.9996407574125,397.1940567171721,420.46371737973766,479.8356923934285,532.5676401841465,579.3968455557729,671.8975581711173,791.0568085314745,859.7414058302476,869.597057561068,972.8022437002068,918.7309717677372,901.2635630182932,900.2788223122697,894.4608350747842,992.8121042442988,1003.5970752926614,1085.8187664602056,1121.7871789196406,1090.8813411666545,1019.1668062373706,1062.681463577562,1067.1013913558384,1111.6010752131956,1112.4358873063002,1067.1842459756683,1096.7710254772162,1082.500612000814,1063.0730257059472,1097.7652124682388,1038.8795889009214,1053.5653924972107,1022.2559278411372,1044.1187380570557,1073.9841440251262,1025.0647501112708,1068.7985778610323,1101.4883129291532,1138.045076037476,1130.0058899964956,1112.761435334556,1181.584993837927,1157.9772117605803,1125.0069819311962,1113.0599013026394,1093.5229774749623,1130.5509654570003,1091.050247352308,1135.1831220690997,1108.078205103712,1037.2110684864317,1232.2527332716568,1322.0814668141052,1240.9884044737096,1345.5889635937813,1319.584790955175,1341.4535309152309,1272.2815965502318,1288.6108623264456,1270.6060606011963,1265.2189413076,1128.5801786531592,1149.075052356353,1108.7989223449604,1116.5591685425209,998.5808727090916,993.6957424115348,959.45821214233,1036.8597025120484,1017.2454432649562,977.5475719356076,1126.1777081652845,1122.635682658572,1144.7273106798386,1144.7995031353155,1164.0044435018988,1136.3604651301737,1176.6665860488208,1201.2701223242498,1153.3632203698162,1166.8694787821378,1136.2971439657308,1197.7232952116703,1147.8450679614982,1183.3845546031928,1227.0329533353763,1166.8800073594616,1002.8965773681698,1045.4465998801295,1004.579702999741,910.683995414635,963.1746666539482,931.4112607192652,898.4100790603109,983.602137984656,914.0636242827622,931.3921998892883,890.6874754265734,957.8204026532078,930.6793366952094,917.911153037263,884.8608250421092
579.8908800896276,523.8926229410265,489.5131727618416,520.0277363543106,481.01775405051575,424.5844595684501,412.069295245564,401.519197444327,395.9093019655231,362.6264674409439,349.13200511710835,320.2514944911061,330.57244369981487,330.2446965484614,307.1591474588943,297.8597683080736,299.58177703516174,311.5259651920245,299.6349728889411,297.8948099560413,272.5643608977636,271.6800083958931,260.57069297476374,251.9239069691476,247.79754215289657,243.9597829168739,249.0504555509228,274.3179714428038,268.2181206574655,251.8013648686509,279.049713107687,276.2170968518631,252.2987904327509,269.81580558425645,264.25399106146824,254.1608584320157,274.72060462074137,271.6006698083163,262.2181968875111,282.18672749866795,289.6916132421875,308.64619644950363,342.69266026462606,372.4150421604046,427.5435709339938,516.6155668931153,642.8031021791381,617.355524743969,598.5693921520362,689.6339686755001,761.4261750269051,774.6114620812658,773.2677980426688,774.4767894947504,809.4991883419357,810.5199269532778,868.9982626074271,871.6043240145189,800.6786566302304,778.4953058084278,823.9357538041743,794.3167654061494,781.3826583062192,822.1341915026213,827.0069991835691,796.117739101743,800.8885862844061,767.9454643246037,812.4165331144376,760.4576115076331,747.6837041650687,704.2655458015469,733.0886343076004,808.3653020846971,790.7118140724183,816.2469270090504,865.2070906443789,901.3802516735047,878.0443261144628,863.1485575690127,908.7923470596742,897.3340622600768,892.7187338366441,877.190436265322,883.4803563565763,916.792024878588,871.4972743749196,848.2411704472482,818.5210970633525,770.2876992630123,767.1039678800036,882.7244533705292,798.9514453267755,871.7249608824034,866.6015074065191,865.225875233289,789.9003634064022,832.8409805725742,855.1243421615067,935.9367236390398,799.338479419966,821.9756532364332,806.1976877187524,798.3486919225375,746.5137022890825,745.9248841190246,716.0487488491513,767.2530070404063,789.337041967368,726.5890406352521,768.8414723249381,785.8113177142507,832.0654799827175,812.1494490470569,829.7584694808722,792.0614418360125,822.1031450304968,840.4942105653628,799.4698527137159,839.9291579098507,847.3378247134608,885.8906727740772,823.5308851902251,838.3793335486172,876.0614021182402,830.2617844866735,819.436078302401,856.205261924806,844.640423541594,764.0038288352348,842.3922989169911,802.9948726013583,801.9110017339573,942.2678818269558,869.096613123918,845.4806362764364,787.0426462175809,844.2281684029085,784.7974345344358,777.6018545561849,778.8225449863102
283.87739688741647,249.32287579730792,235.9253513883908,251.3461032957414,240.21771506028935,220.6757479335189,220.88454312365545,214.87888285649385,216.31475383162257,215.31338744138475,197.37070863978343,192.06866794835437,207.40981318700017,207.0176225625565,205.48027191403284,192.7628519330081,206.86615392328304,306.94830664313184,277.7997058670071,305.9348539030482,256.9658760230958,217.81261508806577,191.38901818257943,186.0688737538189,179.41999196655766,187.11475332905417,192.7306624147897,198.23120342011345,175.2739326852074,158.22924875938904,201.8640728443312,184.72046455996,174.06504416251474,199.46548705927788,204.30709984198785,209.1817724777456,222.75426155086436,194.00448819666573,193.99648120922285,205.76911404213223,204.2991812758598,214.88399284876152,223.47199936661252,236.31514453837687,270.0684627710785,283.8600075206967,324.1479360461787,337.75842296056584,323.56994702253115,384.5400603442285,370.26629694484245,503.4880060975029,455.9776120146417,438.26957117871103,418.5510511285133,427.2692091192418,421.2872762837575,452.250769373336,429.83236417582185,413.8125434184664,410.92704224870346,411.3527783277858,407.8205482685061,397.3559952145295,414.7860316757129,432.593307506064,454.1028174507973,443.7320688371741,510.1631250213303,457.9176967810093,443.9084781393073,458.2752403636031,459.73135247278367,509.98088486708747,497.6440543171936,519.3873542774529,526.5473802358251,539.8769543705123,594.8370738867026,522.8453104267218,553.7119448636938,545.6556569146884,536.6126354125677,579.9327306745773,553.4575755226819,509.3491323834603,514.1013778338004,507.45060720661337,463.8923899757365,426.1886888966917,471.1158612428508,522.434523179561,474.6181341505332,484.4890009180677,503.56216088252376,513.5964291385884,450.91667657279135,453.0018892276151,483.9316517448073,484.9958091626291,484.66935963283225,468.3221386830981,463.395264771308,465.5938247204954,535.98566448811,531.3733612956164,528.6459833872652,555.1807728351519,546.8369491189678,543.5661788210958,453.04984791107137,482.63117870464754,537.5943745323016,525.6756455734892,539.1705183345414,538.0771565260113,560.4445955644844,592.1817804522648,503.01652676179714,517.3301842798458,498.08012230662825,478.84588051950686,481.3680047482741,557.7333839654726,638.6763659091655,568.875292099035,482.77818895239295,454.8559429549017,467.57091427144906,413.7822999192047,457.2193728545402,432.2675410213208,432.0725475132599,432.5336255256485,441.5970973136921,414.4233087179701,388.121710065113,415.9830537056755,372.2742854737398,374.6948125875911,347.5790714231945
436.10058621623233,438.83190551558994,372.1329065916681,352.90576617227896,336.9191602674545,292.8277871444548,303.5956056397505,292.82007338788856,278.1636178262868,269.7860709246703,263.20650346410577,243.05318315410528,257.915801470616,245.0396013674222,250.9450266291512,230.5934929028503,206.84447981365088,228.7751392229333,207.73663839961708,220.3102912592068,201.83657046066176,193.7238224167048,194.2400739648796,188.50054987945325,187.9610321370274,209.5190043841086,201.1377883271016,200.25198231069533,228.94745272044125,211.73502584752532,222.6894658052312,223.80861530791577,212.85390428008577,187.2619529684155,192.18878157031384,203.3243940672045,209.9187431040031,210.2907458309425,215.45255674603504,237.62746083808625,255.80607168055928,263.0555889299536,286.02214359473504,307.6158876484725,356.8003924124389,388.00773485602735,419.6339610597023,430.0200792431953,465.8678689720056,567.0146546016783,689.0056096333849,827.4278360958753,784.24751508886,764.0289728724871,770.6673034524714,865.2245947180596,824.7303631365568,901.1599918743088,896.2191644919534,879.0984931119575,831.8319447533619,865.4882729518712,926.023616860126,929.617975798782,931.9640155912836,947.128859942203,981.9836625335016,1079.0105695064676,1043.6447329023242,1000.7236071175312,946.2242050442368,910.5341870121816,921.9290040756836,947.9436491660474,902.3950346369356,909.5735481011986,916.8474884679132,924.1747565105316,939.5403625901778,948.323077448711,910.6349281897934,879.4759640574126,834.0173817485237,825.8074156218852,882.3964809383368,814.6302362651589,866.1042103736512,878.0733648282181,829.4210760041037,874.2499330115371,802.7173669227822,888.8460999207895,839.7234665291297,828.363383468823,831.6546722068282,831.9179780866463,733.174097722052,721.8647328606132,759.2229591134504,738.1142830084959,697.09718821134,693.7015138553323,768.4342421944632,750.9966327805696,832.6113864038022,870.452336241528,808.7457917061197,814.4346415619934,786.627897245525,743.2211796461911,642.685654695032,641.3967407043242,660.9663738308828,614.6423524855336,655.6377571626142,646.3281143186288,607.1633447904306,612.6336792281066,562.6955668588579,599.2342870286645,629.4048059642533,601.2735303167051,608.6517254898105,631.3348011277566,618.5116217329956,613.2487155228486,652.7428915560428,663.5149398578412,659.5596161823032,663.8781100537979,668.1040756789164,632.9003542668474,650.1511489386606,715.1590174484621,725.0702099769373,700.4365183428077,602.5745544321887,609.8838376293056,497.9829631415412,501.7404962978444,466.408894898738
657.2172439480712,610.379709259835,562.1343199217886,527.0138583787335,573.1801311763109,526.9950520184476,553.8483655388197,513.1992732314599,470.1689832867414,457.3821039453963,428.028859858654,402.5248038053409,409.0213109038536,393.98754775657113,405.7588703369515,390.62936916896007,343.0181498007436,349.9341104344613,338.66829353987674,330.53760923246926,306.99772343567537,298.42702206547057,296.1864711285827,288.2215671077373,284.5310168374196,302.0933142684784,271.70773865167627,270.7086466735269,308.5711925358809,300.8047276568291,320.58211216687647,310.22328261127285,321.4580009082187,293.76344812558995,287.7981100276951,320.98726330185707,309.2335853602265,304.06894319988464,329.1569238485501,337.98464405606205,368.385225411407,382.3449841802189,417.0578121145421,427.925490886164,497.0131120582185,514.1574816613484,562.9122513245378,705.1213716265769,758.9224081384731,866.2134925413077,1164.7984044812406,1127.7566461136068,1065.309739706587,1042.1235839968151,1088.9007704727303,1094.8666242122113,1079.111205764238,1128.393908832406,1150.6629911836633,1167.4833988045134,1061.7116288342545,1062.133007231339,1154.0053168123843,1112.2791779609386,1081.8815169125971,1167.684555646754,1348.8600521468293,1266.655567832502,1177.6079564943886,1099.0239221622544,1075.7794645443198,1072.7341037860951,1244.4521955729736,1231.6044758154633,1146.3737855654267,1128.744476648009,1128.502384592702,1146.5958918809345,1148.8570809278506,1093.4504546719922,1064.9598967097534,1028.3992408395604,1002.1154634598032,1008.8953880162048,1035.2331479646307,1026.8099487805923,1112.632120356248,1121.853508314901,1058.3634752421422,1051.980281243466,934.376203180268,1022.3133888199492,1209.9554766219824,1263.206546392923,1135.8992207514627,1121.0174905851272,995.8591861328476,974.7865118413048,983.4043571996232,942.434185113014,915.6975921028876,863.3993957058897,919.1117535705272,924.16681067438,945.1952043352333,956.3895386266862,925.2381889166544,983.4664549046256,980.6548061241332,948.65046940557,822.4525748314556,915.4048047320896,1006.6019564936544,927.5726695986168,938.7271629718412,925.8490140665556,839.2961665855282,823.2219628989822,770.1395411640775,743.7003753930542,745.4510717188018,742.9850561383972,712.438097885446,702.5049168346932,669.9882757353924,731.1985792837221,836.7320527641916,825.9085546873699,832.8094942994612,863.1625998141762,821.6337732482762,779.3257093838623,764.2478241956803,843.7944981356891,886.7467297153942,854.0908279739203,784.0005632115349,854.5661399167636,735.8428923241441,694.7427790259491,663.5467926762973
621.5771351084394,626.1514012375518,609.6599723781281,590.4513781397974,604.1727542906897,535.6310807079454,548.791673840321,515.4101146502287,485.38379514659385,459.1553776476197,427.1810989839017,406.7905370099649,401.8620904532045,393.299194240921,416.9615748883097,394.6776984907981,279.300218587497,296.6839664694916,292.5287232677527,277.3836437298476,262.32395244813176,249.8656144091363,250.19770409762808,245.22467637961924,244.5143666206652,251.45772373239495,231.5273727905316,234.4207626275009,329.1504273681079,325.24252553158504,348.9355303730299,335.3095997007917,361.51734116579007,291.01049258955703,279.5759778517187,306.7735998959394,297.800561778962,274.68522092782143,297.7528678888339,304.27547479913915,364.41986144058905,360.3333562006287,380.4807076403247,385.9152897254131,451.1636644360719,490.6645842443454,537.7209553396475,717.4823959471273,755.7007397684112,817.6687908702434,1336.8149887289592,1320.5102504642743,1306.9501871796415,1311.323791284822,1408.8277845319649,1376.143890441774,1378.3268139033607,1413.1937614616104,1414.8128569720052,1435.4721104759797,1391.1363697458896,1449.7443454293666,1537.778380269045,1496.3844414437472,1529.012965424748,1516.040077124448,1593.3133519494593,1524.2847803500565,1488.6766940610514,1467.3442657299163,1466.5657481478986,1490.330860819832,1659.930630308324,1605.8202041758218,1499.9063541613389,1526.2497399200504,1537.6618802581547,1562.1382706262063,1597.5578611490275,1523.2326854595551,1538.8620959697205,1487.1044664020108,1471.7765036401995,1414.1181343327485,1392.0157458629274,1369.7337342529622,1510.0760548534872,1528.236060686733,1463.251419068245,1441.4363568814572,989.5916035328758,1016.5632162363318,1066.369021306066,1085.3542387254909,1066.3631249291925,1096.385438458981,1042.9788248564887,1111.4423577913058,1057.6866721593317,1009.9805002296876,975.6995787540736,964.5940286808284,974.3820834460224,981.620461517832,988.053250854152,1003.7983965030322,997.7994547953746,1055.632106311492,960.6558629374816,913.717364692985,833.5132035849863,910.8353454086268,930.785700054073,880.6660598308654,896.721604549682,867.9080075232373,803.6033920039426,728.4829662714528,681.5217378764992,657.9507014085149,634.9730803756195,648.1921468156456,657.908555945621,649.4948144387149,657.1500478791693,683.8566665677829,996.4853146100364,899.9446875748902,892.9980897703342,882.5472628175687,865.5775335124792,835.9179693874999,788.6556068423492,822.6713395654068,814.5991329885812,829.0215635778998,813.5749692278389,857.6309182231504,751.4967909663787,677.1951316542896,692.2770571021176
315.71330135757125,347.3431213413157,356.16772770684526,333.24912380886985,300.0266274007714,245.6080045841207,236.3134750567632,215.91575105466185,211.43665131662075,196.40169118334535,183.17299266964608,183.18381337098612,180.03423268001265,184.993032401053,197.9872028085695,174.2838079629146,189.9708549500768,205.5978390688636,191.40886054944863,183.9393823125841,189.22234857159592,177.8289825668469,175.41813734420296,172.18239530798786,177.01583528511915,169.39713967885618,167.81049848472293,168.06710152619917,156.57291060806554,157.77276440606866,163.42174476618678,160.35843890745102,170.0403717963979,166.90711127314407,162.08738443201833,172.515172558935,169.9795107582423,211.9400452429205,232.9108756478042,232.0824324692793,309.9562267136931,293.1723191041053,307.3904825188865,329.48350030548954,380.7033965853757,457.53474414449,514.4702772976063,694.7909624954699,723.5331806784108,789.6662701108296,774.4412290593078,808.9771265901747,835.8660094449187,903.2613352503724,966.6736372052628,946.984600035986,949.546855630354,923.0626713794873,966.9542207070784,1001.9630776034084,1002.4533680311208,1014.1549869205588,1062.3461146764305,1042.936634231736,1105.096931319946,1078.8708038248103,1095.573669558446,1064.724199836776,1052.4224987611,1107.348024354295,1121.241447195193,1097.0450557774716,1118.6373124457614,1040.2181874669727,1036.1879403599778,1095.585640363032,1094.549529597653,1032.513873341523,1019.812614677802,1009.1912576719684,1108.7066808337215,1102.8348979461205,1062.1141348361507,1003.9045314748204,1012.102796950862,986.5153607337028,1025.8432518335806,1009.0989595893366,976.2313094451072,998.5736229353324,1074.4399569118375,1067.0238402061984,1105.5995053642407,1151.999952669905,1142.148257316,1162.6533889125717,1153.5552296611274,1292.1500848327105,1181.145323371233,1119.311492173356,1019.8077539805496,1003.2733932489416,978.5631635367206,987.3505904374392,991.139269582742,983.2154796641096,943.4644316739966,936.3611050626924,845.6870281323901,800.600561897191,792.451608695949,774.851847751395,751.3834498109128,744.9366962464215,729.9309985903589,712.5556046126958,671.2046065171304,607.8199246671887,569.604167714402,571.5612641977547,562.4160431452488,556.0105347539752,576.7489147499449,563.8894097869354,601.394901118805,593.6408218880691,546.9017819677184,467.5514506551722,461.4709450460704,448.8639927207953,461.0746245447033,435.7068385779791,415.3331723800382,426.57497332011127,401.43005730063896,412.58913018678703,405.2283884708118,432.32356142729566,386.8733171050827,333.6958096781323,368.5971878996311
291.44827891015643,285.8573032871721,290.03658522871274,228.5402854426949,255.67456848524208,202.7191129533188,189.8460947883175,183.3989774558985,167.09591030707548,168.36038000841762,154.53146854210874,151.5218846795116,150.1780544621943,144.46308352278143,176.44017325841514,148.9345317244648,116.39817522720358,120.8443913827559,117.82986434145504,115.699899505201,122.84004212176602,113.42521409212104,113.15068132611184,117.82021431243804,122.21125355031997,110.92029652722393,114.80302676126244,107.90066210628628,134.88012635152205,139.2378298006232,139.05227590911542,133.55119600407997,141.27657760615418,185.88443246173443,192.07372825384903,202.69546144792776,191.72650440981744,125.9954594701154,143.91606104551494,168.7590709169568,188.06827751803468,194.37685819012367,241.6887622886917,284.8404900983794,314.744182055286,361.72224297598575,427.524207616294,547.4346697125716,634.4546823919311,701.7846112844674,828.0819774975732,876.0102991797988,905.2045268884384,1080.8267733602015,1060.4558105046003,1088.352416909001,1107.945280620342,1073.5422649278073,1091.109544622533,1139.5373328428077,1134.9791741890083,1105.001963105988,1160.7915213894523,1148.472437500942,1209.7779708734204,1228.629665968636,1183.8372802636131,1110.1384349535522,1116.4405949169277,1090.1480421222998,1065.388877484155,1058.5341493774222,1035.6438465959682,996.2711375674786,1011.4809284035726,986.228316717198,1019.814928475454,1005.212554889888,986.4202676581398,1012.020308097715,1101.9849047758034,1083.388245546901,1034.672696257444,913.2558312676576,983.61711431852,905.8579295252088,871.4023454235161,820.5710784611001,795.1507523449205,845.572812908268,732.5984089871351,716.1524783744901,715.854158219586,690.9289087738293,700.993664005957,758.8031206389496,733.5451506112129,750.3046373326672,708.9991412793145,654.7872454536521,617.0872257521402,616.8431766677865,631.2948950129588,615.57566853499,675.017895515951,729.5574501130961,761.287502230246,781.0183121177695,709.832922513919,610.2024358377829,586.3674084607057,528.8160538574733,548.1330078736089,525.7178894865849,540.4844664883096,614.1354811852589,603.0683693631196,534.2541156771143,506.1147213165134,504.13856419647936,480.3899238184986,448.0674848766465,429.960106565465,447.6589607258894,429.6960025300304,383.7430717135789,404.6442101468158,389.64338203374825,388.6927686903898,378.5641474514119,391.7264809052036,371.1222729130802,346.1186325116502,361.4905837949348,384.9494181584341,392.9434539772224,363.5569362260483,421.2724086045403,454.6455973540778,368.18697347586505,383.4074797826098
53.766018086020935,54.231573756998166,50.78495065516885,41.37032870762253,39.95070466767452,36.1328461144534,31.305221193964663,37.15400564873778,33.598737310328,32.028783539294395,32.006505159004305,27.20819644872252,27.104324422875283,29.302843366020564,53.094044527621655,36.27199409941815,26.768394104901667,24.04383556768328,20.24276329733665,24.31760054271393,24.280694215483244,22.65819282648913,23.744468174334752,22.29945837999835,22.14798762951737,23.16649067966087,21.272743251646272,19.558844622813226,27.37976975713396,26.419414716078222,27.585347402604004,29.251151429690584,25.902958443917008,25.51422260071857,29.395516351569523,25.416633742003853,25.84305710093175,27.047015951934075,26.092068707228822,31.305169179193605,36.21620579925102,39.78915467503529,42.35137923379392,52.50860807205782,61.82339763612365,63.57221326374235,77.78468812733075,97.07708230704718,123.15344582581064,132.52165134149084,161.87628773673103,152.25402376948443,164.28923697296688,182.5065236975228,177.6673449774142,178.02218354290096,181.3995010526123,173.29317503154053,190.1238838082108,195.5971479028248,197.76879728289995,191.79939068995856,196.64246167277025,188.5735369928239,177.71113395523494,206.48141717767203,226.15575384890917,221.2130113101874,216.18838125950452,187.87754956132224,183.0913737849568,180.2312941492295,189.52474341371007,184.21179190511168,190.67876124244128,180.717606849444,183.33705457080728,195.10883544455115,183.9081160917323,178.82888858588336,188.9643744894696,177.27227377219995,179.33635873935393,170.1304289164839,183.7517267164954,175.74500898395954,172.05575024947512,156.81393752669555,152.5550647053324,143.81700824422342,119.72036637381956,118.22922975958144,106.14837162045256,97.65221956686158,100.50839089381384,104.37292076040796,98.81804436214416,115.17974996406603,119.93624412473538,101.26359316654126,92.5524060407398,98.152336794684,100.19503976886288,88.25628089335542,87.11199666391272,83.1627622691098,94.3274460046459,95.05979275755492,91.8501517709764,81.97156154846131,86.96530562363569,88.91729059064295,88.30750743194076,92.67589861585456,93.35835243823456,97.3773450109922,98.81580972047529,86.97406735302528,85.56038878997205,84.89585725598894,86.34900221623018,83.19123767852561,85.59401352131424,82.36212140585302,86.44356478279417,78.63903784423289,86.16433040234647,96.2794425732905,90.21823693639506,78.05730573277839,90.11997252937952,81.15687048350716,73.22217346002049,79.33514585796917,82.84893964196282,81.97758396570745,76.01023270533983,77.84525712760087,73.12084466146709,67.7123355705499,64.13676407683208
103.08384684734928,108.91549440928108,92.22015630960072,81.49922468472437,78.99969632361964,77.76533815399142,72.95084826869618,74.8393015611017,65.23485434708194,64.73555567788948,64.72757061723168,56.49780492600563,57.01371844589795,53.49630961424618,72.75895906668441,57.96427105149266,48.39325597215142,46.53451503777571,42.69726015434684,47.688030676080345,46.75902157791389,45.32489560788992,45.7335846039008,45.93110495571615,48.41489652487926,47.94525015406887,44.59381649781351,46.76391433078552,56.06373729764458,49.3571475591022,55.71876626983301,62.1476262754003,51.24596070356305,46.53392770047459,53.85474421765616,54.1915715124284,53.41926384204744,66.12888349347934,64.87767537016542,73.04715663992316,86.5875908934375,92.59868071052468,95.67687854048263,106.85128911122086,124.17187214375394,125.12406903997488,132.20216018715834,140.59018327528918,167.52456196035027,178.3104363883607,244.89863297306505,240.9740797903836,266.47587054586404,287.64566315624074,302.0645828914131,305.7361293794094,297.6755389529563,279.98375585450214,282.376424151464,287.3521844660493,304.1568539730439,290.6578727587489,297.4252741689749,312.9270387386202,316.4440555604097,323.0381866997745,338.5480743865237,343.1911671512394,348.63356993601843,331.3706087456007,321.7996751076023,318.2692512821308,348.64633918084684,321.60592226051216,301.80854732624493,321.0750680831756,311.1229502191764,334.76701537166684,341.8687070738747,334.53577513862496,351.7822711677073,307.688665312264,329.88584286754343,305.4565442995652,310.6846278207699,305.55368119263176,311.3673314765007,301.3564051172829,267.7483536472808,290.8806738958554,256.3619730010546,243.0644147650885,221.82240685579384,208.35104084725808,244.25561423590705,266.07420762494394,252.693691661714,299.3466234862726,268.2367046354825,241.4667539153057,244.4009518866284,235.39956000875935,241.0683915544799,239.51612303200707,157.0356273180278,174.75364166843082,197.25496937678423,171.41518389012035,155.57746822504342,151.82192597542573,197.66437444693415,212.0567565575783,228.77101115950097,223.3788635386083,235.91698388000407,219.080038244049,233.4100738266253,204.77920619076548,197.0738960932593,193.9438987327416,199.69630162661264,180.2473354914451,191.34342465990164,184.5362152705763,169.06503364947298,160.20609033251142,168.84669471162508,178.672310874497,162.2358473404905,144.4287995269599,155.39527068984262,155.0979892255694,143.56859778093087,150.65351224413453,150.8635158922029,149.49094420178582,140.93554312685333,151.26501999056012,143.79053930060658,145.1524949605769,137.57355194070774
54.76708338017601,58.26132052516148,53.07505478238406,44.48442570139608,45.31438921806419,44.564310855123054,39.44446272998707,44.840411811140925,39.40440718754595,40.22393723839948,42.58264277839773,39.29077629487535,38.76786785732968,40.57632090670253,41.417529561014895,37.11878427623417,37.40802912666116,31.950891844568694,32.55014346135888,35.73052703335062,34.60334587985829,35.58808907736336,37.14173958551103,34.80565177411763,33.748344436254655,37.33655511689378,32.35509291532663,33.777284042407274,42.01491339283191,39.60588042518936,39.56141250639014,43.69269783218749,41.82246606470221,33.973512175606665,34.952383873581006,34.6102561779936,32.442003108812415,39.30472151881841,39.62451473034053,43.649836458966575,47.6115816453889,49.28964361219652,53.14200183921626,58.79223550195809,61.342902176085,66.156740973465,75.86447841561807,82.79084796028563,83.37800106102205,84.19396906883404,110.44964516271504,103.5583202449887,116.72785678919236,132.52142738972324,127.8520843181672,129.09035122503835,128.02788874764565,129.0493052273154,127.21477419742124,129.7351523235864,136.2870593404984,139.5197109999447,143.75496788309474,147.1899145299622,153.4244712333061,148.2000962161664,151.88745208675428,140.16336117294233,131.9303940948226,126.22011004283668,141.10584157775605,139.1181480487393,157.41418979507822,140.5325754493391,131.00090962929485,146.0921937178391,140.04641690766258,149.15819173909992,152.25399784980544,145.9966879637983,155.4528562789008,152.70815426306962,155.54902505075387,137.7169133717207,138.02320070421734,149.8044600686525,138.80495352850275,131.90474921345287,126.54768316927536,131.9696206111244,129.81385415236554,117.41794986933546,116.06884923027344,110.30355336983368,114.9210520762699,141.07410081854002,130.96259972047292,140.4415641867076,125.52019331872356,117.07309365232676,113.39402998472256,111.45374619684796,132.54314144403662,122.9956414810852,130.7355285645803,129.44409569491643,133.77763871864778,138.48099605930085,128.62108123139566,122.88400141263926,107.85858342016444,114.63832832837475,119.08720843639992,115.16968670022364,121.89856032186157,115.63280550321632,117.5397319020486,110.08270158540664,111.58873106579888,107.370338503163,111.68280382680048,100.78974166469416,104.55353083089048,103.03826930332738,99.2758460448057,98.0876886563426,102.83525373120834,110.16800424036909,109.54932123344592,101.39862896419382,104.67363733730942,99.3991590232672,89.95734885898814,93.4039164953369,99.00015414867944,93.74075534478294,89.0783536194304,80.14719886439704,74.4926292443805,69.17982640688442,75.98227629701913
68.95240246284276,68.7551334714295,70.26419703789463,64.93477826146531,65.37915212404408,60.61895234108495,59.24648529799177,67.82062847380733,58.31942577207816,55.6344589768483,54.73193295813667,49.52353362684687,51.27423934551266,52.73634629606541,54.31717895177534,53.1355728301819,45.5247435715812,38.25141946426416,42.16348119275572,45.67329121672494,44.71053789728029,46.5250946198284,46.00577835629089,43.78010436705202,41.87467462987563,44.43607593683674,37.204751589404886,37.58111795775582,46.99190282637191,44.15929180796763,45.96443103803546,50.64801149134559,48.7486110812847,54.45328647589308,55.93157778272021,53.66386593873314,53.62311295392546,45.07116073592082,43.009624912203456,48.07767908103175,55.53085665926282,54.51741840262883,59.58632561617101,66.19427581520674,75.33297519254803,88.04901422980839,96.99903814776856,102.95811251768842,115.85022613770067,121.5946639621722,152.97926939010853,156.6856770926246,170.35261267728148,167.77964233436546,166.07182591892797,163.84780443649703,172.53777572192203,197.69335898160443,191.9701688036545,187.79779170100437,198.19896199047196,196.6400379536606,201.63580176991135,196.7146511192342,217.78985334294907,213.1415110304924,218.25144325054973,218.238824065205,194.19227090740284,198.3750818631844,225.70581942678496,205.9162467337968,236.51198756504007,208.70979814320825,188.572264708941,192.21529721337225,187.0226593299035,189.1393195560028,195.70960594936625,188.8581800347836,208.80390589288265,209.497942749879,211.05309013761104,199.19061425508292,182.45394745140757,229.3021449070868,210.89545959584785,194.30345988228464,190.88641196255568,205.97705570066168,194.10459897632828,166.90739916618887,167.25901593287853,156.25590611584695,160.29405970618106,155.2634628401879,152.11271789195595,158.36812679996092,142.46490956324763,148.2926151588259,164.6693421058112,159.63976366281798,168.18957481109825,166.06507661357455,146.15697318700794,141.14443602397532,141.17838759588983,149.08293770834155,147.7021674262357,144.4930236958358,153.34522081899078,165.72718410186417,169.13304621198975,150.90077063666433,160.99242099353987,149.27425539249043,149.02092796744208,138.61796137724417,140.49429259779671,141.42363445534144,153.28414178438547,141.42567448451882,140.72419158080004,147.24480310674753,135.19412485431997,126.17920772723356,146.98484526260577,148.55595387673534,167.59588007258722,157.0219087621636,149.0087279629733,143.19888166568597,134.7840243186045,121.5590663746458,130.45858619271618,118.356031727196,108.6285558354136,104.35936194767709,108.90484076202588,101.11014339869666,124.67375698946783
86.98386524214445,82.64438287529768,80.19019178935528,80.24856815863312,85.64166727557365,81.4444140037518,80.63565648474693,86.41394924813694,78.28100695871075,76.8305376380035,74.71329025764757,71.76729768028892,76.14971856243478,77.29350025107325,76.3962688131735,81.61163403309949,56.56228235398657,47.88452809260079,56.63074227013188,60.32754364054963,60.5465429987928,72.37600982007889,75.88782468974539,75.05973360133446,65.90570175296422,64.49936035150553,58.74994619450883,54.85623173840178,73.29627665659935,72.68600885324673,71.17606769199472,72.65111436338263,73.07137543978504,48.015023254329215,50.8739415897466,45.90234480732264,48.417630683813854,60.121784911742346,60.65402534462008,65.66241288431205,75.18378118022868,71.83920297539223,75.75511708658328,82.48934094328156,91.0019829039616,100.5470969448694,112.1095836508523,108.38413871637648,124.58034751526192,139.3262523239898,198.30023798474556,214.15095133737427,210.4694722776916,217.7210666704406,199.137916622418,204.64596531512495,217.03169287459488,227.41349461204533,235.52836841143244,246.2165725081558,256.2703181190734,254.65150014107417,259.07651069125023,266.7711941433616,277.0553188992384,263.1596201187755,258.6603355136194,260.1279052633833,239.94717948058752,251.4819499576782,251.0687748113156,233.4952523244898,255.4953069268963,251.44972046811745,221.4313482877446,226.81037888263825,227.20530038953711,222.54764760559453,224.05275837581988,231.26415534006617,249.36449045278124,252.09766596013117,248.2308895002016,246.16530605303527,224.10562611284556,259.7986652203448,250.5337299714249,247.4551775164117,227.76680995705664,273.007903426632,193.98689749860588,162.8985615622605,174.46773400078996,150.73339222300757,173.5357588906027,160.11761910441894,157.4902250532947,152.4603965764404,149.91878797374582,150.60399085116293,165.2400536755252,156.613595110059,170.3714743006401,167.0125154516331,156.7870108587176,149.84692293363946,152.27028578805553,155.12245761733172,149.6169806217154,140.0542664070265,136.74398373599152,133.5316755431849,138.41765112299782,136.39377408350342,137.15665269179829,128.17068725729814,139.18647683682872,144.14320805363715,145.4414809285773,138.93794837683598,133.5585146921958,123.77431404244236,117.9765970057922,122.98371366689904,119.30056946116233,110.10975048929524,149.65156418815704,151.28989278717518,154.70369011615207,149.35554990677693,145.96072711936432,132.77991907339506,122.46554333013164,108.66533661457616,119.8266601795397,109.62337799244548,98.23071863705805,106.64538108401648,105.28237509724666,107.80164670047049,119.2083760775628
59.69727009920763,56.30984136146577,52.26653841207753,54.27904060767326,58.63246563366253,55.1283325412613,54.156390382452805,55.77574772622649,52.06177379496009,51.81154721130227,51.61829008927225,48.6553767275539,51.17707986604897,52.38351819669882,49.88167398853739,54.4766264779318,46.97147419909073,39.814719371238375,46.71487487123576,49.94401497193281,49.43048759832267,60.4842194474401,63.84690427382217,62.49314743348451,55.31438028252399,53.77673825291772,49.68260484626295,46.52827617592351,51.62046943122943,50.52179306384735,49.541787464750975,49.96066131807928,49.76931469544565,59.76709429013357,64.15432374172475,56.130033141918354,59.759581746183486,50.62345676768985,50.64330777887337,54.717877800707214,61.10389450292868,59.31884506044853,62.0261698043398,68.86241651517656,75.9346656117933,85.21220562524734,97.79326481431131,88.70789862391817,100.07662872959988,112.73606294953188,129.73448079570232,142.85616362289304,134.6218531800907,142.8598797897432,132.41668228661285,142.10493800569543,145.72449930291995,145.8881970096219,155.75979857332206,163.93069931480363,164.8659597651654,165.04990936968835,169.071902938953,178.65571184841568,180.85658153057656,167.50829837031796,169.0323040500485,168.21529648615424,160.87150176896603,169.79740074312645,162.84645208603985,152.40425441458325,165.16204723973124,167.33503758835613,145.14687496239657,148.94554492855417,149.80322575936955,142.65853810029768,145.18607423727525,153.06704255756534,153.40336281437115,156.22226621628266,152.88626675132107,155.15861816867098,146.31929057705233,159.70684169080067,156.53873609924636,163.11230476434082,153.70818389097406,178.99459662834937,149.4759215687142,131.7816182611845,136.9992429702561,118.63127764380452,137.70507990718457,127.71773048689744,126.92562410733886,116.74408431188664,115.776741548918,116.77123050741284,123.69088422512095,119.77828813818464,132.23366322741836,126.74504908355745,149.09291682524372,143.49893766013795,145.91262097679302,149.65650405560942,145.01647028369675,131.23466256730933,105.0958680609737,101.06315056127468,105.73449462954332,109.05769769224132,107.31283302985337,102.86512087431387,113.71068383169136,116.9171236730698,117.50931242107468,110.44055256045192,104.43920376212796,98.0158080779679,93.38348897627004,95.48625299008238,96.14237518368527,88.18509238323354,101.23557809371404,104.16967039728972,100.14476545980554,98.7935481824436,98.08736886588858,87.90558087443824,84.49314754132249,75.28672927693155,80.27741244864986,74.45460185775545,69.44000504645705,72.05973927963716,70.42625928093237,73.94968729083486,77.13238213456782
138.4591444775989,121.39782052834052,113.81038087041492,122.93602487214952,116.948491009942,99.28478881447084,105.34570587523744,102.98419100827604,100.93373992709158,104.78708860837904,104.53458152297785,90.64153181534748,96.16617288172203,93.2536528735276,81.80888000440912,85.16896056557376,119.36243199896391,103.22635285113569,117.69054871532391,118.22967954704932,109.67917749871788,129.60585621682728,125.33741310340604,116.55528326401016,123.34044640686962,120.11294577788031,109.78680669251888,120.12818247214604,87.58803200217676,80.56166911348974,87.89373487765397,87.45598553290878,83.14522742460055,115.10337576691836,112.92881666507482,106.33895961084738,115.81940952335714,131.074181252146,125.21825072758271,150.76766447896654,153.44574888953457,160.37026184714588,183.53664301791997,205.471942103116,274.079957960273,342.06340330483675,428.0976784309885,366.2872118193774,370.6767813699975,379.4810930399603,250.01786492010493,273.57230386337915,239.41522743881407,243.5579552320769,274.9576015973672,304.0214100198819,285.3614940221583,269.3701519630461,275.99526351659506,257.6079639734712,255.4755795110541,257.05422376735606,248.11291793683708,270.9865642958221,278.89851691299424,249.3790985901809,273.10181114485283,262.5095502350569,257.73727506474825,285.35622961353647,279.6552383105343,260.22247434239193,270.6829683691575,263.8553102043019,261.26248436378205,268.3363970133179,261.261777407332,239.6059498144621,251.95087339273564,282.1748854813807,261.0838306440295,273.790641705553,236.9673117937222,237.59544219562568,256.73886186428683,262.09611608574085,243.0162729371656,270.3081339915711,281.4585534211662,269.50693791010457,367.96237419634247,407.73287097598336,367.5726220974156,343.28095569220073,330.3067133135185,340.61314022621644,374.3328172577361,320.7800171459628,315.3908254552274,315.86279396002175,320.9116047624893,336.327630044562,364.3673596030088,340.8674072416248,306.23306978319255,294.9116912917374,294.2324857706947,288.4775070949082,304.5376089364551,291.8542496389837,318.2473286203956,324.68963446044444,319.16931581302737,313.7431013731592,331.196471785498,325.99944064720086,332.17247179802183,318.8982330752823,310.903060645533,285.8847839406285,296.7099637193649,279.3969787234808,299.24324777593694,293.04141684268615,279.42376698026715,268.35909173119074,209.54003619446064,220.71187306392156,199.1726865873113,206.51352414149184,205.26100941815372,182.80200053028196,227.2222197914714,196.58677330764024,185.28115671873104,179.91120530948965,176.89750401051356,158.47036718244914,169.87263655314985,170.8092542288347,158.39655663992875
68.57514893653408,65.06147916820672,61.8790896937812,65.5165950957015,63.73853082456539,53.05762731422133,55.08027850243478,54.09818840832836,51.75358370290076,55.24829484759917,54.95527754803426,52.81388119644485,52.37224190274361,50.75111099208069,46.50823248080067,46.54849344535246,44.08288925189208,38.74232537395936,41.582114529632655,41.70178739661945,39.895791969656784,46.307582340537394,45.28278799912398,43.48669825998913,45.0928721029312,44.63621745174636,44.80059973840373,47.71792810629702,54.23456389256342,51.69005682680592,54.32341299226156,50.56100362610741,51.25277841326703,49.86158199194344,48.02780266515019,47.475318973320846,50.99022638212438,48.67611192958625,45.97158825632495,53.8624938217121,53.08733226334152,58.27067236994787,66.00009526929381,74.07602576357706,96.9531617753538,106.66419722297904,126.2396013512033,108.5367441150422,112.55193325242873,115.49552410941834,119.27417426446132,127.68426650617292,119.7442683555022,116.0312841997076,134.5439489162547,154.2625554827137,142.06450050468675,132.60068262343412,137.84233649580327,130.87167247749588,127.26312918672711,135.44220497219632,128.1018997613443,135.11214134323856,145.58989731444964,128.2257181943554,141.03211661169814,137.80514837299327,136.23656708720273,174.06771608606832,194.5260021086268,193.67356005864008,207.7949436574063,215.80021714470377,212.2459946090106,223.24097180159453,223.4840291756261,216.2121134611477,225.1345842273873,229.72418844425195,207.07340405937936,214.6171066928047,192.05692618707775,198.69419236422337,211.11950580274177,207.24497149626376,189.76745279495847,209.3933306588752,214.3287995497488,208.0926992528453,186.89981030782263,211.6728137550284,192.84500569863016,180.1452364382309,179.74754819650863,182.42636320492088,190.44927257178009,171.17830817810164,178.73915909799294,180.7031737194998,184.6082434264109,189.42481223608456,193.54372833208035,180.43510576653492,201.4610663116644,162.69540112864283,149.78462070544307,147.91631873181862,144.5904692363357,147.60976270823096,117.58194157434342,120.31383479002815,115.86186339809812,115.12731124892856,123.65269049211552,124.9770492491563,121.3574835252284,117.76747206943578,119.59253077844502,108.73270556909496,111.93537151007584,105.41734748511269,110.95825625296597,104.87746320231696,100.72617303079262,96.52980301755072,127.41347560855304,136.86179105501128,113.5558089543278,114.77632878856208,114.5533402911816,102.30709406262866,126.6968552395656,105.98209791247628,98.10865797522308,88.18114314448846,89.33037439754995,83.92561013003703,87.14747746810077,86.33725233760586,79.15166435408925
498.2136016012405,507.6052887631721,471.6484276669831,445.5145953999237,362.9400706672533,334.0593847228441,362.65123415973,369.21214103119104,348.51437221569216,337.8520438779459,333.025092838547,328.22959346339826,335.1718594265408,340.8920044853146,311.36957763847124,310.6595530416281,314.349525013964,286.04011644872315,297.2240735844439,288.24101470074214,305.05001760754465,305.4934090145894,293.9219775211939,267.3670444006164,274.7687859150819,265.09488751940546,264.3727708249379,265.7230200613942,264.59141102970466,267.03411127230817,275.312611467769,268.7569855658063,256.3089348374664,205.3995472181177,208.17059658530147,221.3850808175759,235.17062004120663,278.4929469515599,294.9847835796265,304.1624968245718,329.2397578576603,331.3135662478404,385.7483845201106,415.7788256319274,436.5184407813334,499.7805649911085,560.2570121312169,571.9844217187219,678.3354739153594,711.41100957168,770.1373759698976,795.9248167799245,826.1259869730062,864.7879187200743,972.2020879959448,1030.3224475269565,944.2630070314228,849.7400601837361,892.9319538053464,978.1005178295446,948.2703075482796,873.2565239830103,927.2334501681432,951.7968626276748,947.6994357836834,899.2021189341185,910.4107922479378,975.3045062383528,960.1881335574787,940.837378323472,937.1000882424154,948.5365048014172,898.3644280118593,919.3046285735652,951.1355990544216,961.4614299390804,961.3078601229844,924.8422014763814,1001.3762433910368,1038.186289032353,1022.6260248142196,1001.4406971891324,1015.3359470873784,1000.2372319848828,969.6134256925304,1016.8588664238245,873.0114311430088,852.4122558899406,875.1543008456828,880.1695181838855,809.8784908831136,804.4013608701525,845.4099270792428,766.3403245514231,740.5438301639298,811.5616892543839,774.253952260756,718.9721519875496,769.5248100409532,798.8952496409788,822.3997135276576,815.9303487166661,809.4281690209249,747.6672831692003,350.7414026601872,369.8405278998744,391.5068414353472,393.33251403375033,399.26524796181536,374.3419187634948,741.3435509133296,778.6042897297726,876.8973938572469,850.6861721552939,915.5978301502704,858.4463491264698,795.4691528549802,725.1274610538325,785.9384706220412,777.2546511521471,727.1861178063333,728.0413632132581,666.534936382867,605.6804125712863,721.3526003591588,748.733948948416,696.0277703747067,678.5717174265296,714.9273314393452,761.3513586935044,731.9406198251065,691.1632413484574,693.9133424941372,654.6917532773377,625.8786855070341,637.4743631365668,618.7035486301445,647.8538320705311,587.2254378775655,624.8009075464961,569.6491107238664
341.7313635657686,330.7259468752847,291.9168171791275,292.47220398433325,268.5813778250522,238.3645477585359,265.6932996428946,277.7099514949701,251.82247603693932,252.5268081187695,256.5865744106226,243.23679514894172,243.21108311611115,260.6303468773539,229.45935403666888,230.0987762238809,265.5922072924069,236.24525616741303,248.7488909805885,243.5674445006985,250.1950887140181,252.5579214576992,243.6576552053308,213.9003579760644,218.23625594740665,217.4265292558425,204.6095493085025,204.8163952198082,187.04954511197795,180.1660491829692,180.68282195094596,182.93197648029377,170.2978061044872,236.47071141156408,245.84882728742548,249.57603249209163,271.012127212168,222.4224244559545,221.355316589457,225.71950809129416,251.95444444313907,250.7785368624239,284.3540513897524,317.8122603987353,325.2429597530464,382.30656051444754,429.5685761135533,445.7256505789233,494.15908102297567,538.0741171727498,472.8780501388978,489.392859918006,519.1643799451707,539.4093021655333,596.0555164301409,644.101710904231,572.8091772149336,517.46703219081,515.3039854660724,516.2692713858237,534.4143078718442,496.5164119815681,527.0322081007578,558.1884859711926,559.2537515113922,523.0672284380813,517.4265320231282,570.0257978438528,570.6436539848888,555.2244461260792,540.7729549411438,539.2822140597649,526.5439999780056,570.6292681142082,588.4364860041942,601.7256985615899,604.1124076894082,567.90127433761,632.1768509495668,678.1627845580032,662.9210685251255,629.764236793128,580.853688258717,616.0656030970218,622.0931658925267,645.790817809474,527.8517844098149,532.3305393386688,549.0652942171482,530.523232321772,585.9000310293299,577.2119170359465,607.1353617637677,554.7943496147324,537.2627335504563,585.3684649397336,573.6230953809315,546.0010470399542,569.6150247242696,534.3365908747,562.0246814161977,562.7508478681598,572.6226817357776,562.7947221374249,486.7994905112161,497.4938762840376,529.8836959183864,542.3814031045558,541.7792953297957,505.5628927594699,556.889561244805,589.0799477007465,689.7439756870007,703.16510921606,712.0265832420059,644.8763543950173,592.7094917483178,499.4785143922381,535.0749135005123,542.5660014780852,508.29733965684,535.3885560665315,510.46271371211486,470.6475627872471,570.5772593976492,616.7768084079242,483.2350169295816,482.25220439339296,527.7359712488369,533.5679411609801,507.2780221476704,474.1557816651501,441.655282655297,429.17696192041,445.8252583278384,457.1648647577058,452.3836835900328,447.19497018391246,406.8801446666682,408.98950681829126,392.1190685451247
300.13734996839275,304.692370879616,287.3056042890232,277.1594538953372,245.78086617687924,220.6389624913133,267.31013858130603,247.0369228411157,233.88198806313036,234.93762806256515,221.9053190636546,202.7823298016767,190.6710683917064,193.0651551139671,182.7840512148563,181.3417235592017,213.4755423812369,211.0792561465867,209.84561935356703,199.56502566493293,203.704432313624,203.5590808360367,188.99101957943623,183.32879027474496,181.23133462584255,174.57082435020317,171.23622827434107,177.2800642304613,141.74662278627537,140.57433098367557,135.94485640900953,139.76744983987587,164.9005230231614,222.77093877345357,213.32230000746117,211.8467666731813,222.83995169640357,182.53667191430424,187.12055399414012,186.60261196879003,210.7640428781005,221.93384911338336,234.91952634863472,249.5968921866971,265.73953564581745,332.5928979743793,367.61493214904857,416.1949273451876,431.703736081365,485.9989603501968,404.888879609592,400.5468520595243,419.7817242597349,449.7700423626962,527.3968479992916,544.4164765179975,525.5198476451135,511.86342656748,560.2695994842314,609.2929794563005,608.1479167342823,561.6557155383252,574.5186587491752,570.7116355257992,580.4896016747379,555.968061616106,567.5612939671523,612.338350073546,595.4975228613762,579.2426041599056,584.3855726214937,551.6562861752918,535.6376075845384,548.6277226528468,604.9943015254657,611.3757082591355,630.5983608468208,614.9915528413759,607.9324295243146,628.2536671992192,652.4098397576851,678.2936978510246,650.909549205899,632.6255979138989,605.7947514937845,624.769293366921,585.2027388830751,613.5799934067278,619.7022670345616,580.8899532597915,696.7973187461206,685.2398897437913,700.8774966008845,668.1796850889614,640.3561052156839,636.6555103071673,639.3637911090094,624.0751154114539,599.5752776294141,561.2233529498143,579.8089446826673,590.8057294806085,660.3618820568362,649.7748708841397,628.908272521795,665.9943256419862,683.538690753794,691.549800808867,715.2185488367608,674.5722367892589,648.2282222063811,643.497437155464,657.5517075069712,606.3481891344801,629.5926491804613,642.4399633320539,647.9460513400749,609.3323829697414,646.5128981694488,670.3253817609956,596.9918476937069,645.9794561784844,603.0778506521696,622.3181606859447,639.9036258378941,680.6912511889369,520.0178366945073,516.497912460001,561.3535929806069,513.5606871260188,473.4998310838936,514.0138492272267,494.8349399147675,484.18763281937805,483.140033080748,477.8130788848608,452.4114101462869,439.68831068434775,420.1253763175974,431.0175532606705,410.1247809148964
644.9600002753876,625.9354676614521,628.5181045582333,622.564545085415,593.5300517102671,529.2411775500443,557.1803740529635,491.0968155758264,478.19862059313294,464.6212223270672,429.8260624674016,398.8156713731672,389.47054465324726,366.62997773607066,363.3244098682237,363.9056757071038,272.3861515693793,275.20534697812286,266.7067208167761,254.68356450911168,255.15172675880132,260.1230788887312,237.65266143347787,229.59544341610456,226.9717090900161,218.50436968679384,211.79643604659893,226.40490158934423,281.8846161254722,279.8608261440492,280.9542300643295,285.15343412533326,314.4685794993842,279.640017489622,274.74426889398484,268.0069698304736,286.69556025787915,233.58110373795012,233.23360705595533,243.5809216876806,264.9062834045212,290.4933615951,299.59214994629065,307.00091213130764,349.0728912377307,439.56497317945735,508.73908368300016,592.2525718266808,611.3096904256073,659.7811770459914,933.6607420044554,924.8708253562652,902.2885364321114,1015.9512748272916,1090.8134956627537,1075.030388059397,1052.808978069888,1049.6877736077429,1082.9485037404183,1220.843842590474,1233.0673868911647,1155.3353101664495,1112.748929749236,1065.4999829165804,1067.2392498267918,1111.8243295428858,1077.206239342483,1103.3969940458849,1083.6992449865377,1154.2866157019778,1180.8297299581518,1104.1412091351604,1038.0456933763835,1029.3841944968472,1084.2938146343406,1108.4679529794098,1106.9605002951166,1156.9101347396538,1130.9917891577677,1225.179993514727,1306.4876917715044,1367.0701211342916,1446.305554564609,1342.3687028384024,1193.6582377196814,1190.0566154109686,1150.2543188660925,1256.419769329439,1369.0751280574484,1215.6669860153252,951.7760575226888,916.2726228171506,880.9867396225927,944.8104146409725,931.6368780001112,900.0356280950468,898.0851969342622,904.484900668792,913.5369900862628,896.8054190177091,883.4811417822027,852.7768326359801,896.2727024064468,900.937901037812,660.481664469502,710.5477882583916,673.6401259510304,767.4271817275495,790.2473478585739,778.3911548250488,909.5736204825848,884.6803491139827,880.2528041918529,838.0476621024292,871.1575736110378,918.3854503834104,913.9470947350436,871.8030373645636,889.7430999522715,878.2077510941075,823.9569926410055,860.9273978570313,819.8141092954404,871.9558784053194,844.0074449272721,841.240341145563,1015.9066826846904,994.628961826608,1012.5913302427084,888.5142012704966,846.0110886066799,924.152771709043,994.3951764025732,911.7146176646456,907.2440274327632,904.3528413391332,849.3384180081575,925.114116173338,864.9858314668874,835.7983965202926,825.555925707573
915.303966837097,861.662537672563,873.6518951163821,808.7388232567691,782.5147668945401,748.9700668076097,738.7476930210111,675.5095935354458,680.2395539273247,650.4055022279053,641.1682757403228,617.250408608528,618.093112679635,575.8288562476064,571.4744428730542,557.6237880209387,447.66864134302256,461.7725513466905,435.3380536461893,425.80616310153977,416.9852198218496,436.9454194582758,393.8987930396726,377.8713683710961,361.5698696808848,343.11501223542547,340.51546034152955,357.50159575266434,423.97325655396463,412.88173274958126,448.2817723199216,438.2762059700624,433.0822360168776,391.4249767469979,383.6515588563167,375.4882947716239,397.3810171582707,357.80492904496583,353.48427733620866,382.0100037763117,403.1177238355981,436.4530614334668,481.7122572182221,523.3528500015042,564.4392232544861,660.3867482307826,768.2099861498933,868.1634124955528,903.5267914049624,973.6523197685992,1324.8513921482604,1333.6047503418408,1297.7154105645764,1305.2862587350317,1475.7615530869243,1539.2443214192283,1646.9430893839565,1728.9879594113129,1753.4164368373738,1636.7761693419568,1648.7173755316223,1718.8642403983756,1786.6853853562016,1712.1747005904697,1672.6829951801824,1790.0263450440025,1738.4473307846529,1737.670112111027,1728.9193601631869,1706.2827196607327,1744.5116595625525,1708.8212437726197,1670.571672442598,1665.2773722345842,1633.437793646799,1707.8011999444043,1684.0410466947976,1735.832079087742,1708.0071342499334,1737.6542894362256,1899.203260913644,1834.359521150096,1792.430333184123,1760.8020643386742,1645.0820875324562,1671.4245854158255,1616.003088500944,1799.6001003676408,1808.5867434371328,1677.6776744406836,1401.8493525973108,1415.433642270662,1347.3491612218847,1456.6792660538508,1426.6786598292374,1481.0718167745783,1418.6575065257814,1372.9568537070495,1314.4849230984055,1227.788717899149,1176.7192057504924,1169.2960090147767,1145.4545264076548,1145.6800272590283,798.5964964931227,842.4009136445065,807.9885203930437,903.2082339958712,883.200773309195,892.6626232844297,1257.690698186557,1215.3805735092333,1198.0574653842564,1205.386039141723,1262.251283597948,1214.3605815392166,1220.6077836497698,1218.504007724426,1208.6864627009115,1166.0287536551227,1144.1540306276088,1187.5705550493865,1176.0952648462844,1233.5826531411096,1249.8886895967407,1215.8334914397265,1492.9791401608877,1531.6904546268534,1467.5660272450075,1315.3096435688287,1314.204268789483,1348.4099787322552,1306.3212221968734,1305.826191075879,1246.7414777026331,1307.1596893337037,1297.5372780433606,1381.494239319594,1374.3850577710998,1288.6057620820586,1197.0556061056143
881.9948561542499,821.5180997647907,885.3399321591088,868.0449603935605,881.0894150041509,763.7122183588643,705.0816929636388,697.2441141165787,677.7877562983444,617.7373203777659,621.158119010304,585.2203570055506,567.4123628112777,570.9342892561449,551.7874957832295,543.4311442774125,478.79958555873645,522.9097470536788,488.4923781608485,469.4380719540009,429.05562467844646,418.7394293499463,395.4072991317494,382.4887213701001,381.25931289333874,369.5237783625743,385.367152393831,410.72372558731695,449.96785355526174,422.9342714957091,476.2052066041141,478.1126878417695,450.7908239439549,395.37326205928696,388.5103711653785,389.7220288982535,406.08559687924105,392.7056584808877,391.1005059063069,416.43240441648265,427.1979795040775,470.75236993415,536.7345322568196,625.7172535928593,656.4532250762771,747.7443835107922,935.4069424572424,1141.3164886433683,1038.9769855581997,1087.7573694041705,1444.1509986743297,1413.0289309190753,1397.642366742061,1356.4953076076451,1488.8306465269557,1535.9337256827123,1638.0651916390143,1647.3309256825485,1636.242818313406,1503.0911424541473,1525.897948695567,1501.8402201099314,1681.7948146579035,1611.1111990680922,1512.990544912002,1540.8228007574776,1572.5769661417817,1522.517212348297,1611.2823080996204,1511.1777399201617,1578.2614481301944,1583.788978198039,1628.6743024983705,1554.9248520253234,1430.7844676586233,1507.9977014473272,1513.1735783304766,1501.046580583784,1585.2446494236306,1604.895584272717,1702.114050680044,1582.710223908348,1515.359285428759,1485.9855832367675,1493.3420734304973,1529.418237354901,1452.441747776472,1501.2459192269253,1441.969486571396,1382.9980468369524,1220.1804630817107,1296.295108158302,1263.545692739829,1341.3014137658286,1321.162940734213,1255.4236870944117,1214.0094575938665,1246.162516046354,1312.975652763373,1236.319833900235,1097.1883771283824,1134.2362317236166,1072.8208738108049,1075.0042637253457,1509.0641341387602,1468.4348373723335,1443.9782350293765,1499.4915669461268,1404.816486455902,1299.7879952691442,1039.974195467536,1059.0984370858848,1089.3220293718698,1145.829044762376,1157.4928786451055,1146.2510064310893,1200.0738898563006,1242.321186504422,1203.7778880235894,1174.9109840807653,1134.1278713430524,1189.5399598695844,1154.3778344859118,1232.1401080808462,1259.112287350007,1212.2420284981245,1457.674791403845,1423.464516550133,1450.797084217558,1285.8562228734245,1287.7934635937256,1290.5823931734913,1255.358085845527,1413.369549493092,1234.3758657125152,1252.1862582293295,1188.4131666844771,1245.4036943790943,1263.5682882469498,1368.0084099681717,1322.5273969455152
494.2584369469701,442.7093563828284,434.6695428375828,495.1243746000059,449.4433182961002,414.7642739837142,407.477364025857,421.8892928021032,416.5229145087361,373.9087598401201,343.65791397524504,322.82041537312364,325.9281196021857,331.9013531863713,316.3796948351702,318.42456951563634,357.29396789664355,365.5968146361277,334.0036022837862,317.0493278790285,280.2737149873824,296.7563834442297,293.5999571444649,287.30544895428693,289.18749256670213,269.1370206208113,312.8488006617549,380.7392553725184,378.47060376862754,344.70208398696485,391.5774982048161,422.3186814353029,367.05647631639215,443.4984610478458,412.6719680420766,394.8894832237552,420.0952437509469,350.63620451366785,354.1508307423462,362.0990899954336,370.4324996726456,419.6999716831183,439.6110590618702,473.7528529790877,524.039236347593,632.123900369828,866.7941026802674,789.4829188889427,713.9636041446937,813.7525672590816,851.9206236364997,866.5387078599239,868.6251730783832,854.4533579575248,875.8608857674004,875.9211459404455,929.4291508108696,887.2189542516704,797.1624053510272,793.8090884410575,765.6718150804959,758.636703584323,746.7356916979273,786.4383859960371,843.117881271498,804.2330239122019,829.1214633388912,775.406810551616,836.4074132679015,778.4251952567566,763.8400468710204,770.2082929855835,811.084318300782,870.8725902533444,866.014305700494,912.464948640392,883.7926825793244,865.2597734432784,840.7330879981203,917.077130926795,1093.1925358454992,965.4949786036736,888.9810594751232,840.8005115370664,898.3321989862684,899.960051613227,805.2569713629026,806.6646191373472,759.8300209570301,732.5798496204158,791.3068508357333,963.025199427337,892.9182970548694,960.4222307433688,930.1605031595049,917.2900440964574,866.727629564504,936.4922810564094,992.7684221538512,1160.256348768214,918.370132013767,873.1959732290499,871.5811706742788,834.0938165564039,1057.1140117928974,1072.5800192473234,1030.932925894782,1127.8026151078782,1213.2790758828244,1079.1367388205954,865.0307271784152,905.2477742532672,911.435800064065,932.8221627600389,945.1935321637357,858.9236963829414,871.5714700407361,885.7967386222397,863.2274816908125,864.2817811117519,957.441225998044,986.8563047619168,959.5934627925844,1002.0998963884103,1058.2713561539215,987.4629800521124,874.1611550550496,847.5982801786445,892.1456758251362,777.3249608488555,821.800702508591,857.9767685449465,909.2870228216912,1186.409505759298,956.5344804261314,934.5034267133224,852.6377541946046,811.1698030085568,779.561242637922,791.4061917347557,773.6975067493054
421.02555477127066,390.3149379689186,362.9338366877252,384.4813764114966,359.08699242365805,331.0885742525622,353.00754690416613,327.9994278768413,307.82759152230153,283.7683225472482,264.5736684012029,244.0590812127877,249.91506268782425,254.62748855801735,258.7084332458668,258.6271112796181,314.24446768587813,327.4204384121628,294.40887212516094,289.0553685050449,259.0466642176586,268.22255443902736,255.62135283782783,251.4456811869408,256.6760371724461,260.1500856243181,279.87896360864954,316.7948750442984,264.0720312700552,242.3709830824833,309.0922307068429,307.6694295000163,268.3378150877678,305.33244484120706,290.97197233150234,304.3586998522858,318.61233526932887,316.46692097460453,320.99325059600045,334.7618344264802,334.72552246462755,363.876714638302,385.0114667495979,420.2080925247041,477.58796824144497,568.7250759024532,731.6886566554591,672.378940127219,630.6086298896109,760.3237139310155,691.7512581184141,762.6536761633382,779.3542704365208,802.3506994389002,855.1147168248864,910.9356077150404,979.028727183505,1027.1845790536504,976.4297604830724,979.9749637811402,953.9221027431298,939.7780648669196,932.0557018041204,1029.177737343275,1063.249231081467,1039.1612671971436,1076.183272702605,1015.3049256108444,1059.265056554453,985.716629068706,990.2028135293722,1012.7693064428544,1068.0654958186424,1163.0103550713627,1111.0824381002512,1192.514106403541,1199.4481205844168,1191.9397053782088,1170.3307841168703,1178.9667985446465,1229.893722075605,1135.9264242184245,1146.7155881906092,1109.931534699156,1200.594479044323,1149.8185049760027,1051.5673327615175,1012.531784138844,944.5845638641938,912.2628083743384,1173.0936046502447,1270.6050335797786,1176.9850924826544,1211.9564799475831,1216.2494954433942,1173.105316403661,1115.0428866965894,1162.989839425659,1209.281215336901,1254.5594224593149,1093.88784838404,1061.5533650811778,1104.3641400363103,1085.1048853932075,1158.3933910575154,1141.491620552394,1076.3500336367636,1116.0033551505053,1185.074125579603,1156.0777629870454,1075.4189081301802,1100.5300710831332,1078.3840452013192,1080.8850492446238,1085.5249429931748,1027.9928916982217,1029.6166569531551,1041.0492440859794,979.7300949510992,977.1831170377908,989.8516083401832,984.9178696130908,951.3210096840812,1042.9255951908951,1102.4778762448511,1015.911421223586,767.4610278463758,730.6014092313163,735.0304982045377,646.0211939732832,678.3735122137499,682.0980551964703,710.8051759261435,837.4462133973283,728.6806156664202,700.1921161849704,667.6460684247603,662.3977284551512,611.1107448126176,623.7027051475783,629.256854935503
496.8283034535128,532.3555380928728,470.370850991197,464.32574884749874,430.8704541333293,367.9729156386297,385.69382587973,348.12118088802214,337.61585023659194,307.73004197742097,299.80418320500587,292.66524402220244,283.3315592229828,278.8239898035364,305.05673205452746,288.96458217453835,301.04593595761605,326.1370559018887,309.7162785649696,326.24534394763214,303.8789826832428,303.45184846800333,297.96744459976657,295.298357902451,302.4722486454152,327.00977101327544,327.97101308796147,330.5012587394532,295.14836033564734,269.58523340696496,290.3874272634294,282.2005948215976,270.6567837267699,274.2318573128512,261.9835120111986,291.8605358666711,305.0792309537987,323.61478335092386,331.9927502363576,362.9469303134049,372.63924018498426,389.3448197863464,405.4704311356023,438.7588811122027,505.8292603257596,542.1393286057171,577.8315140053156,610.3345212836567,683.9275756348084,891.0374469191386,941.352338418961,1189.2181905208784,1189.1149904196668,1192.5790662323002,1243.001439085841,1340.7788480024838,1433.0953797647137,1573.8030925382586,1506.9760249231367,1512.4287074864394,1470.3725650967272,1483.953831425927,1562.960942712426,1687.3096313213985,1688.314351556246,1691.0847514213417,1734.7732406441116,1834.007819204988,1851.2726911334917,1673.6323269616537,1645.5085147166972,1635.4351754035988,1677.5929811476683,1705.9819339206151,1622.166139746962,1699.6940268618746,1656.7102560371725,1705.4525252655944,1763.846695443243,1866.158900975836,1820.5838610112864,1651.6058336098183,1645.584442930159,1564.497121045238,1624.3112762244318,1538.2146580767055,1525.4079672745272,1520.493623779715,1447.2322823401769,1430.5468041094282,1633.1258506642291,1743.5198591002736,1680.6522068561403,1645.4744739803034,1677.5574216016523,1691.0329919643757,1515.886202533076,1453.7456677303103,1602.167391566682,1582.7886288108914,1450.5368954828675,1435.4116462624863,1574.3274698235932,1507.8742489672245,1955.2170307215845,1920.9493184926887,1876.1546650594676,1858.9867983080592,1797.843716419166,1773.0985528552585,1348.727618582605,1353.325683176198,1284.087514560304,1205.554964620288,1194.5579197417562,1137.651542140458,1102.861288629107,1097.0727770292517,1012.3257832644078,993.5046452205996,932.4221969087744,884.2388640010126,915.1422005059812,963.6938525101936,979.0413389847891,973.03245457223,806.6074752997324,787.5203027500645,728.4502186669063,660.1274938643558,633.8925353874566,632.8852801091934,674.4019436540153,684.8597308975844,716.9892401529106,725.2878248978186,645.8811540285353,679.1686635997078,552.1310233038732,548.4068306200842,545.2665316741002
551.8208352330662,506.8016416388112,453.7196227102767,429.0214577823461,422.66386938636936,376.407766683216,411.1937526980889,391.64970615648167,352.6994068346114,342.51797123646423,331.3218389875043,318.43363192330287,325.2673126073228,317.62370495125305,330.2590018629052,333.05195154358785,262.26414790668895,258.1761317024097,257.5337484171902,254.67283756842883,242.65342264745615,239.03553068762963,241.1778725233591,233.2318289389401,239.21039415913188,241.6992115339532,232.01842059331955,235.0193338486725,286.9962345840471,275.3131582058884,301.50591455985386,289.9425453743956,291.21165659563553,268.57669199428324,257.7264510667745,265.0116438594554,281.8475027768705,253.35695369786296,268.3110708796532,284.475929219719,305.66088761486566,315.8699655429955,328.80561189765444,340.00362375857907,390.35587642887214,418.54943102016,446.8289032637453,509.3575473493719,558.9107974849437,699.0103915796882,1004.8993769361912,1127.2138148332706,1233.7773563147464,1332.800716026778,1419.0085492497276,1485.191887273199,1493.7608890112745,1566.9875114017398,1630.0397485960475,1727.852629456385,1683.8377712929778,1734.354346801142,1755.9081431816553,1799.10975579867,1744.0816837347795,1835.5039647673411,2120.953376754282,1923.106011731756,1957.189777822691,1829.4350584865656,1824.335267252489,1785.328210265248,1959.1139651361348,1970.083094672151,1885.4386077224945,1856.2707861096435,1844.9415095135064,1901.699858948236,1914.6843030736984,1913.020427720371,1904.359366075391,1775.7921069479337,1806.7950949285064,1659.8225357827134,1685.885669788163,1704.769226908109,1696.8722522901926,1742.6583558415402,1662.24989462411,1614.2283703716762,1351.4826919206969,1439.5757859545677,1624.765950272838,1686.868353846561,1522.1635291919254,1482.6451192018085,1364.5889146452098,1361.2562244464089,1384.7700525620596,1421.1709452702837,1306.3204482371286,1295.309390556374,1329.365509669696,1330.9637698763984,1544.0007222280335,1529.394612346513,1501.9582578811433,1442.4188897565562,1483.5901931634664,1385.6837924727529,1126.2743197903474,1121.326479469756,1168.4266357866916,1090.0656495774558,1113.539807201038,984.2565299478072,914.236425131495,956.8233200833612,852.2812744081498,775.0473119397934,743.1039554423486,720.6180379688775,715.0649028555928,707.0982914866082,649.8736597194672,793.9686468410172,847.0771051360412,788.5916464705542,735.8176164152628,722.8233933809095,694.4046370012791,699.1597566178343,688.7392416765599,709.1442617115938,769.9654904192292,769.6232512492242,763.9352624017362,799.2629928785767,675.0625454120794,589.5763377025601,557.8891868656684
332.928030898399,322.7256057776404,290.573033623408,269.4324136200072,266.84635085476066,242.97561896073415,264.9977124808847,257.38858867243863,237.66490205079032,228.52642584617183,212.64110718508272,197.18252023368356,201.1738855749657,199.21493365556248,206.4887490586181,200.7064671969809,242.25588605449929,247.46529011809795,251.85751338179625,242.21977269466947,232.1218520309422,226.5955481137256,234.6602222613372,220.71149218861865,234.0367936270993,233.8397959593645,219.69585234496856,226.5260638604484,183.85442562280744,178.26342169889222,194.2389997372638,184.9955804991908,193.72634545158775,275.2557129109967,256.9444443670432,279.1708121074426,298.9377591993566,266.41666800813545,285.10802090731016,317.2585959028853,331.3610730837591,354.02798876971417,381.1784581109004,389.9860090107225,466.53063015855054,553.355020435002,606.3040410379837,802.0086032123231,842.550730793926,934.2332505423772,818.2259870119042,871.7651965151543,939.3686846886984,1017.1912707217896,1150.600968607473,1144.4882577318629,1144.9764468063936,1128.5742281128023,1189.5944924684968,1208.241180970554,1220.5486052051024,1264.2231458457989,1280.6525809858028,1300.8900294665025,1343.3111234367525,1337.8490898271025,1396.2719289001193,1281.7435714558655,1280.8676248802435,1313.4680687170446,1328.3061050066483,1290.5064087939247,1371.5792751615998,1366.809593596193,1371.028359833878,1486.260644337165,1440.9672273619478,1374.4618260307134,1375.9331634837572,1372.4124166065562,1409.994530299678,1373.606874082945,1364.1634746765098,1260.481148831568,1247.4614066356232,1252.5182164782657,1315.7300650243424,1330.74890806334,1248.0235645230405,1209.6940643648477,1479.9842227963916,1445.3244694755128,1486.4529394288315,1552.082611738267,1520.7921719838614,1491.91560096665,1478.1399275364784,1482.6587427505767,1460.0431799444125,1444.987730724457,1320.5328952941302,1304.230945212011,1286.168093938252,1288.7439949069712,1132.2625069793594,1207.3532938074425,1138.1873742085809,1105.6968555468277,1110.8453403383137,1105.8718587939911,1121.9692811256764,1101.267929536203,1116.1385652292347,1051.6095956350189,1202.8546180488972,990.8920060138736,907.4000625286304,838.6822297965833,804.7141160053192,780.939812535073,709.8859679901195,702.3039273042293,745.046413348461,777.7768620110863,743.5933667202374,761.6212260828514,541.0407783316531,487.1235796237369,490.2597896096551,498.0264963696485,503.5993194672792,519.4448326535609,476.2342838619572,457.1331083744604,479.5572032725569,498.0811146846979,494.0690110024808,502.4933034443095,442.3196392714148,410.6037818668852,407.1020637837182
453.2681949640723,462.6232412683585,437.6362984700984,382.8818253172382,363.9260759547155,309.2176609336312,341.95265100770786,358.4609111077255,357.4017332596492,346.63273009455867,319.56186159849,285.701694673582,274.16827115344233,268.7559059618184,280.6807116154424,259.0953878772443,237.26483627970785,245.57938530421112,244.41424245351504,237.3815000071415,239.67293401564348,238.15957951057223,222.5319863106289,215.4941564330695,244.69091325906987,240.78984768000444,244.23122323839047,237.1081441310936,229.61533386251884,227.03321478029025,243.5313967707349,222.8973935983572,237.22587086906535,267.24757447518937,256.0359012458509,299.042368958018,303.6610956612116,263.5984121007616,288.8194416343709,306.5895820180276,325.7839396642337,374.3356891335277,419.7701151947096,444.9576062097228,515.4934171728536,640.2527124247176,719.2934957944055,982.7573450439402,1095.6234211263468,1191.4589425372023,1230.600281479575,1285.9291773694704,1360.6742087137138,1554.626151240563,1717.6870956209048,1752.7865475888825,1766.8844150490015,1746.706042286905,1835.2859411265176,1899.3850307478083,1993.444720383903,2001.044659845543,2070.4735218495875,2076.836496996977,2249.708741685126,2162.210343878948,2206.0837819378885,2122.7767837337424,2175.5345980121697,2238.763350948362,2251.64921545649,2195.652737221714,2208.5367808047163,2157.8589065467645,2252.466787186651,2357.6524969331635,2284.750326889863,2166.043418604634,2077.7430344015424,2045.6359679671016,2166.325972462276,2154.4203133651,2056.634428508422,1897.051396304276,1962.827003518483,1888.540641010503,1952.8571236607368,1889.6570684794103,1801.3977739360755,1875.151889672916,1790.126279536214,1797.418114528686,1878.9970582221304,1940.0250040603703,1867.495999695585,1853.0720324761448,1861.944222835492,1871.80628065823,1789.4833527515905,1881.0181895188928,1688.27368923787,1632.9160045172257,1571.6548402117303,1621.1784669872454,1482.1389810629364,1528.9447159705744,1438.792658803396,1365.5880802057227,1344.2049059632732,1271.7151890939533,1273.5972859589613,1218.2022811653812,1133.0042057199169,1019.852696448727,1062.3306439160976,1009.4136056304462,930.6534363324106,869.4554176669635,810.9160204732947,828.5439726264173,798.5064018205098,791.2093085038491,812.7677664843853,784.4735009832191,789.284698138672,742.0460400089761,705.0465518469668,646.3829140834629,656.8103762108071,647.7080853159835,664.8438733957003,634.654564321641,597.6397695345128,599.2889283410198,589.6140896346442,620.2351346871764,630.6657463155295,716.1432616762763,722.2863229692022,602.0348475571453,604.4743147665519
448.5719731195807,450.62596421185,454.6876698968402,363.4785175294636,382.91962313196376,303.6129381246406,298.2616107205113,290.458685768866,272.3164168484555,277.80029066723216,248.44754194449712,240.65508128924264,235.4075532272187,220.6405335914537,258.3050960145643,233.17374573237493,170.1803700348415,178.41984718528084,179.92468756914698,174.3435914130321,185.0861512686748,177.14330760320814,169.53796696304693,178.36094974075715,189.3778766623063,171.1701954932236,176.2353658004773,164.88497269474786,210.4342432980902,216.21221907789743,220.72533844960745,205.52453182629347,217.49669559941336,175.07869804011474,175.65228159998685,190.37582891017712,184.79281830160832,181.78212148065307,211.1879514127265,252.7213346495623,270.9507538486693,295.2796442644608,370.0827950696272,419.3776160071805,470.07305954544944,548.6625426238198,638.2734512085686,822.7838936819184,970.8259782071008,1077.77385580303,1284.0174289722324,1341.8796221097627,1434.8237161553632,1751.2503589130822,1748.9551729982,1788.955404868114,1784.7788043734986,1731.9119858974884,1736.6902053833608,1818.288209018744,1832.9670889101624,1794.4894883103257,1856.042425501452,1857.1951265991324,1983.9729482763528,1968.3331071979196,1902.1644541940768,1791.6770675856544,1815.7480768148812,1801.3722616598316,1771.788452557239,1716.8084897336807,1675.8437191958856,1628.7011461781576,1663.2482634414653,1634.9206667547294,1647.7412161292257,1641.2605519897245,1603.0088595117734,1639.186074802925,1768.220620774166,1763.9581905849436,1692.92363671174,1489.478032740355,1592.1400458022597,1475.81169148824,1429.720781371186,1348.500874522871,1315.2937647829085,1403.4705475864682,1186.4656119525057,1164.709606363428,1153.8402891895155,1144.5283873165424,1119.048199391878,1187.4995479078898,1151.974340082793,1156.8946285723696,1109.56388197223,1100.6859565520274,1006.9547278205054,993.3919729030836,1011.3754252356456,1015.874289723556,1180.338574287122,1266.1179350581494,1271.3092028485682,1244.6238349311805,1188.016377765583,1062.567227778189,941.0267753833404,801.7207272322609,812.9486566101538,769.2031094500594,800.5852050849553,891.8297540387432,891.0528202369835,805.5449052456319,748.0960678945788,746.686972574688,700.3334693086252,653.7316969678602,631.1171773189354,643.6328999600164,619.1610515267611,553.3986708225449,600.6966160376987,593.2968892076059,591.1416315985514,575.966099536182,592.9854386511155,556.8947104303592,503.8837779893866,520.8396280790142,563.2164886365127,588.4924513691468,550.2614205764258,631.600209428423,709.2039982441207,574.3533837526365,590.1110910708082
50.216409356790585,52.39612489204036,48.05820256660166,47.19599025065771,48.055872990266565,39.48953866085861,35.44814151196,35.56888472645521,33.509725169342786,34.44271228543103,33.871931968386136,32.01846817771181,32.258396005774735,31.477652537767916,48.19554403119449,40.22468350043199,31.69825055933481,29.309561041454963,28.818654889937243,30.011920645060567,32.167667220441764,31.25499544383616,30.631350698766983,35.69972105661181,33.54872748778348,34.38661583492597,30.187400494288077,26.73956102832785,32.64054908614008,34.32515816654792,35.616068520355654,35.68253435476766,31.57560875042616,40.94359818020928,43.04349112608266,39.3106063536845,42.944549039582654,35.56124463839913,37.198037423268985,46.37891731172911,54.03465096194105,60.634859514768365,69.34777158809578,86.94310911294433,107.6809368425345,121.45133143086682,139.40630158786306,171.57068354045177,214.31020388548492,242.87847546883185,273.23172247468136,275.57974072357376,314.7803795074669,359.3539961471978,372.7538028189348,383.6440457503793,398.6326479070968,369.75941018724814,374.16168567530656,417.2227426666323,416.62034567245,434.7218442768102,440.9598607000098,449.9420140610649,455.25600535429817,473.8167162112151,496.6154258030788,486.9768119363307,473.53039154946345,465.2704386570937,468.58074039159584,438.056910186571,438.2541818551522,417.4096831848241,420.9457701196026,407.9349340287935,396.1111363981101,429.4332609147207,431.06128843775696,408.2076837984885,427.4998826278043,384.41643850244793,400.4251084700264,394.5464121626285,407.3374212760217,386.248850942236,376.3013363577117,355.91026172466155,336.3286565333782,361.2898749914866,346.04604022915856,321.89525045898847,296.1377724080562,302.2286716140823,278.37881465875955,283.8171239566584,278.60316426073354,293.86952559587763,282.33405532361803,268.8587525379984,244.10444893805555,244.09981191335916,262.2851896508016,264.2677185580285,275.9981443317235,250.602397439944,240.73263992802575,234.47628145930025,227.66437070934,209.34339286537784,189.2438162339232,165.73588687829914,164.3729513086781,156.4714705175187,164.69718983826704,156.88582930660203,168.25093284400148,152.35819867412252,140.93453204840557,136.00406923933366,129.04314912166066,120.48256534758544,127.497804647376,113.04308411465348,116.83961207294632,107.98516708931754,105.31053839671962,112.7811092521918,108.4295782356712,97.36731380576322,104.07190155710848,91.73648617900363,77.64086603836584,79.39566026310108,79.60134294668971,85.19615130364606,82.23101506467688,76.88502771463949,72.74232170253869,63.71462746688818,64.75200080260964
51.58572583079155,56.92724019796,49.17771695312502,52.0160081336446,48.10025903061742,35.173746735184785,32.30324151703297,34.75418317645674,29.7161255943803,29.722272642189125,39.27399085122829,36.772874436759686,34.23929956411262,33.18503328514056,50.28252937814082,50.31115271565356,54.54574392570476,40.65431170047951,39.09673914139381,35.197551300565934,30.58531035774225,33.49660979921268,33.950196159909865,29.99729446955032,32.20569141319994,32.11829224315899,33.4103040979092,32.83277838106745,39.69275130654069,38.82179305193655,34.04546291454475,31.70541431188662,26.191253689112603,33.441743823212924,41.228493102444176,38.27416988985079,37.317126511616834,44.75309446512385,40.016288513798585,56.905034805731056,75.56440623667532,74.79511152658536,70.2988722063948,84.98170688306587,102.37764816423343,122.09828250508689,138.2032355393484,161.0036838841999,189.1108555587145,222.4931265887031,189.28522015230743,185.5208705775389,223.10288260756363,257.4740431046246,273.7591704636402,291.8964115861058,324.8347324217903,325.96942619303064,335.35426069398375,357.26404996463697,390.64771107899776,409.0718526077135,405.9461793202484,439.6963526434256,434.4289615192941,424.1415583154719,458.34133354806255,445.6777549680533,424.0874018017631,428.4223316719402,439.30802181799953,416.2587683120541,419.42834891838896,398.5576778123154,390.0443776577376,382.4802002880745,366.8551704539975,351.57238820437175,341.04391292853416,329.07973436361783,326.44108959020866,286.7214734807446,294.1372854382907,290.4612954932058,283.04788369588334,267.35845400311086,268.7572720706532,260.9776477941859,253.72155090496636,261.64892429439084,328.1549371373229,318.6316785357056,300.9526373087851,313.97855792850413,304.3777172916389,336.6315126906459,317.0731481624005,332.2811156791748,283.7168217845113,272.65760601037863,260.3153616551725,262.54546207464693,294.06987812081496,264.69691433194606,224.9001254436279,221.1139992665363,221.86426051968812,201.5123255611024,203.35440393230567,186.1838992836279,190.98363812247797,193.5450890446424,199.9040477409875,182.0344430049383,190.43001426876452,179.77474268832802,176.48532977824513,172.0771854854793,160.5034542058219,154.6431911590573,138.24538182605858,114.46628546476188,109.63978292243372,109.25664883319588,106.67949855714438,98.48674686211744,67.03317896818895,74.39025979226258,65.87293055686597,55.87758611616414,67.1951337339541,64.53481776750336,56.42245357591796,61.39147090966834,62.03739034913463,58.52235715909189,57.47795824136012,52.44272653513983,50.952363524425415,51.50737961163611,49.13301072169779
101.09111119051325,93.34753470433016,79.22624956792215,79.38451405241545,73.454365919116,63.92667560922827,70.08092670681093,67.07122853976364,58.070821540007294,56.50525380147943,63.00599054413658,55.74754569252272,54.20831232631328,53.62538313203931,62.76113006769401,66.8396202461995,80.69483440562522,64.36308614299,68.10341010035343,65.77281655386372,56.41827212583364,63.05480947320464,66.84882634008316,59.549506569752765,64.21370341996946,72.48958037431856,64.98341761858396,63.85457041854997,65.2674904853319,56.66379590333681,57.63704194976899,58.924369777732295,58.5536143279786,61.82337665890376,67.42673176347694,62.965337945618806,59.76288815308279,78.84606433336273,70.86304821925447,87.46340246287902,103.20387582261264,95.5392632327856,105.84732463988736,115.0553951842118,124.49045878209375,152.30802967948054,173.9029248879127,193.6942591184689,217.04401945910476,234.7316617541049,220.2301421795424,229.1134911736057,271.4613846455241,290.5948439250611,288.8166522450162,290.7835944415584,310.18426069795333,324.5383554630192,313.25051831607493,328.5500139426121,342.5277031007496,341.22675885548256,335.8599254266459,347.7061242904536,343.1800410300902,345.4077173561612,358.1729740445677,345.9855391138437,317.0847928325592,339.7532444855713,368.1825958130764,354.52578896750595,376.2591268572046,359.2077911424039,337.00850394979346,323.43117215038035,309.6299343036364,309.73543504977204,319.727535770012,330.9712227394671,327.99597284416404,321.91859476930404,343.3818494835276,360.4827936032249,320.4891297781928,324.0259968320806,321.006996322324,290.9818569308188,299.4104517771258,301.3331038848413,403.03989019728976,369.3248103922492,344.50501237617374,340.39639833113523,339.8900717319435,356.18053379638,331.6394278135343,333.6744654876832,286.2835833666171,284.7391813434363,309.09248120472193,300.72876704622394,313.31834772094754,292.0600300787273,288.48963134298856,288.83952535140685,308.0026760967576,310.8967326821408,320.4384516629098,309.5185444611841,301.0402049915958,317.00240996084483,336.9486996169591,317.3453431556684,375.6347423115763,347.9985854059835,327.02873797951,312.8157868090166,297.05609905849303,287.44842904443067,287.266638069499,272.6297162195825,262.87983344222846,339.50480820080975,278.45177044052303,244.90368965077587,196.02826928575664,196.08777584554625,178.55073197752614,174.42950912327095,171.7192772208595,173.5713176760322,150.14529876419343,156.4962536225625,158.60016855943587,144.30376418794543,136.33622543951654,121.8374642572619,125.28995498419698,126.58549820662036,128.35759626600952
82.87208472412017,77.31019317387148,77.06890666999853,77.39181177106154,69.46079585311627,62.69664279802861,66.56041927011567,73.06671102652032,61.83083927633661,58.03769909981391,53.64884548429882,45.18532565722543,49.93579547626366,50.31608405727336,54.185420573189226,55.02927200904367,51.18916671707604,45.10247272853145,53.74557406655635,54.56566205529524,50.57741139236805,55.23757506288866,49.83263286179331,48.79582475451384,49.193659144155895,51.74716149702766,44.02022227565624,47.61118603768636,50.37188981268625,48.309100565080186,52.54333338032924,58.419342342867296,62.41728093870538,67.69064391388831,63.8139959560848,58.7053343581764,57.02228166638562,58.87488503834594,52.759321118064015,66.56051832144692,71.66727499056327,70.2152090909382,80.5807375430919,82.22322204140777,88.25442517150547,107.4006911947798,120.50651469881004,126.54711966374492,144.7523865408517,148.55359807099182,164.78009178496046,170.83058830841813,190.9315706164749,185.91706394841404,182.9357691365809,188.8451966696665,198.04618474862423,231.03970621842043,223.08488430435423,231.63044535179077,240.57797036513605,242.95426940408092,249.4316051830577,239.66354962193324,255.90609683208643,245.32504873832147,249.706703987228,242.75240236487608,218.16379922499075,228.0790766480779,261.3594820485861,246.1036232215684,287.6915917123547,253.48012650073372,224.1768012361945,211.38493940136,203.93581339497047,208.02417407540696,227.30952971821887,217.49274442862844,233.77542689302544,239.205515810704,232.7447665310498,222.80027746245557,209.8327052889732,265.9186877406136,254.5039937657804,228.40743843272128,233.65835840487205,237.69390750053623,257.0536226946222,216.83202770699623,217.5185358192324,205.9993639701275,214.621366621202,207.652304234647,191.52833883300576,203.78434743110856,191.1643429782714,196.68661996730305,228.4225105939194,218.17588669983328,231.6402761303696,220.38713808147256,208.4160962544334,198.95315107623887,193.4550430589935,212.96354123494268,214.61663724651424,208.4764259652594,220.0605095375121,237.1013813446825,229.86585125076013,213.0229013954227,237.32176627083396,216.5141673570694,209.7096047765707,188.3187509063132,191.56966995526432,175.40658993389977,186.9963570765859,175.0910149063301,183.0987218752213,195.98261579418516,185.60469418340875,171.70778466162116,176.82697724893706,180.2550237220373,180.04767063684324,177.17587706875216,165.17612406115836,166.00449082771058,161.54314748142673,141.75485509770232,158.63644995389774,145.42801388016238,128.6371935505499,124.81158842957296,132.42042524504652,121.76616016730485,141.95666536267572
105.78699621410642,104.04539366113204,105.41831655858113,105.80788431427725,108.4075402911564,95.59464862029616,97.11848880720724,107.82223914771129,94.89664755268696,88.51476945301356,87.01876073094827,78.32150085932113,81.89580955871068,86.1182494436832,84.34833728837593,85.6701324967235,82.3317184456885,74.27168028326832,83.75008890929224,88.02231938970813,83.20387435424306,92.079661786113,89.12280583611962,86.60697999231837,83.91419581870987,85.24162397034063,78.41425238328378,77.64961375286633,81.94205471193882,79.6209823038454,80.18989993277587,80.97981908076042,81.63565593521274,84.23006534043355,84.1815630284072,77.9363007813524,82.14731526497656,90.42350364243843,84.30444631910096,97.93928612116343,110.3205714497527,107.51925799939217,113.47286649959617,122.65476863128292,132.7978860927872,149.32689611360593,170.55385810468496,171.62808450823644,193.1044522923345,208.88912910829387,216.7977989104608,231.21187936950392,243.4068575427027,243.46520412192265,231.60760496183056,247.7434810018495,245.6879284434817,258.25530710996105,261.9060002024967,264.6303546646109,278.5105679958193,275.8499258702729,272.92294795359544,287.2621380946312,290.5420495933925,284.97666015172564,281.87455044183093,276.92696132533456,260.8903525008015,268.42904494307305,283.1714584832173,259.2029978977969,287.29002430208885,266.8653764450446,250.67192682927245,252.94131620901285,248.61293745543344,248.91822511754495,270.4941540586232,268.7737563234778,300.8010900956908,298.3981591925184,279.1091867767279,269.6533173267569,246.7991652324265,289.71756259725584,279.34178615586404,275.1575686538226,277.9595297882596,292.3505389807854,291.7879000877817,260.4472902069974,268.424350182874,240.66736779510185,256.6602835166239,239.21477196660317,231.4721157907792,241.04607079383027,231.92575506147307,234.2432856170776,275.3077984605998,262.19843961685973,276.4433111856176,266.4442045394964,303.97961187533235,293.2051031027796,283.58756946431646,296.8462240382842,305.8348906483393,296.22333386533523,233.28493488056037,236.44406415290817,243.60084658900263,233.78699627992384,242.60835124293936,226.17076738116305,231.5199316668978,222.09023082629287,223.52382227407017,204.66495750454703,206.46424498514529,198.3731746001798,203.63515071719615,213.6352539410438,201.36804670096336,194.79129292906336,190.00189568204055,194.37155883450333,196.75070246495423,198.4881724336699,190.21736124882483,184.15659220494356,180.88011771115745,155.910694271019,169.36861014311702,160.0647616167143,144.50213843211623,151.62744004932398,159.26892089898195,149.06619917100426,158.69079018689973
107.62727066422444,110.54868275676876,108.04156609275232,109.5100081647739,121.09672877043135,105.49090630887528,98.34957264488828,103.33601380695696,96.02819061451802,90.27730725262198,98.76732440670791,86.82948980787265,83.69292217951408,93.5962792311713,87.90171825022283,87.84465435778178,82.87841848784784,79.05578436382925,81.67843436222893,89.42081101724713,83.23378720616272,86.84213282492341,88.58560952030456,85.95056546866815,80.56791760326186,83.73676166031379,82.88066139690221,79.83347996116849,97.25438970991527,95.0431154300086,90.78118387891006,91.43026777720011,91.12057200537708,86.1775654293586,90.80228365896068,83.13963028053328,85.42398873836179,97.62426323680766,91.36503310231498,98.14331275600074,107.7690772838326,107.19267199144248,106.53173860134012,123.77193605063286,130.84327171152424,145.7995648144064,173.4341939636154,165.9677072494483,176.25893753854942,191.19206425709424,212.45328637990855,232.9162566091081,230.15307780019603,241.6925574031081,237.10595684651037,262.15706156563635,241.3022996905854,227.0212593001028,235.07803046261563,242.0355986227524,240.92325564370412,241.37737931685552,239.25753106983632,261.68203257812723,249.60491660069664,246.72886566520592,249.1140392092312,239.98092971022905,245.12900440288087,249.8589211416292,255.0371518157592,237.6122940172609,257.6779585832323,252.6129996233145,235.50828468537864,247.5049754987921,247.16581502063025,230.96710211900728,250.17835159972785,255.90247683554423,254.604798766774,246.76434469670824,237.8685353825188,236.36273575027812,226.17115597499932,232.0699518783564,223.35263058084087,241.9060950428393,262.3876871616802,256.0805871947784,224.87431194049145,219.614265847725,221.8413476731397,200.28120915355893,212.72935221472923,195.67497500666292,197.1354375412857,196.29559679383664,186.9166290482248,192.75654561975264,208.7303872757692,211.41859503882088,225.83629858901185,211.44995942131115,183.2941875226412,179.91620704741513,173.04038587087206,187.8050917943293,194.6599156946249,180.48443933920728,192.4584076414484,194.72005911783697,209.0700498585428,215.31241693142584,207.36345338669716,202.08393590916376,214.2780826264145,204.9053040594987,204.3654691070104,187.56341050937053,187.41895718057515,187.2760811270661,181.03898121888017,186.58512826931536,179.3595228107846,175.55197633397478,190.6699063219729,201.4554614832322,196.5610491007668,201.07925278999505,192.92674147778632,190.9532543664945,182.58867166981884,164.11350773238792,166.17963699413613,165.68867154237273,162.5476156822356,158.15242845344684,162.65204762491632,157.87491503220792,156.33439990664965
96.010497349975,98.0750000467333,92.7343281213017,97.2830992968984,107.60174349900944,91.4435696826935,86.42455487738083,89.31875089361996,81.42858435284913,80.6459413566885,90.12506124803676,76.77545230929213,75.31028482506058,84.0402731927502,75.3321072574451,75.1479856589357,79.8799201812433,72.19792650964054,75.38252614420294,83.99518659334731,75.28453646606363,81.24494072397299,82.99637379698119,79.40768371820313,78.7783287701824,81.46925130986023,78.66026781433224,77.76023487823137,87.99812764673558,84.49315448734441,83.12446597179651,82.95518557451588,81.40051852799779,62.54386468013783,66.63803201965733,61.33813509854723,63.61498716861748,95.8159820637464,88.16444458064939,95.17257806714126,101.28690396353296,104.13834052762336,105.8444206635927,123.6744925407537,136.22792218135848,153.7501213404728,185.593808753238,170.803346694843,175.28518062640018,187.64834513667736,186.71012739477283,207.6867478798415,202.2970560498972,206.3813727871853,214.3472204610765,246.2854188059605,225.3633107408819,202.7153330423116,218.3771006542645,217.8690505642328,213.1870577957119,211.7913621549328,208.1554642570166,226.05096020830385,228.37062317888595,210.6793909283083,218.7424156758597,209.0003905364623,207.6177207162436,221.98764972766716,229.68569389480265,214.6678637109081,226.5519838583204,232.8100828778952,214.4509771246301,226.9161299600596,229.78073614154505,209.2178305554616,222.30838049789065,233.82473447397703,221.18501251084317,221.5527880822181,208.29401545773692,210.3094742478213,207.1774241884699,213.74223830553183,196.33321809497025,205.19877971478908,225.49841003816348,211.4141945803519,204.448464232877,221.532370562204,216.37789150069463,199.49910221898696,210.11917434503653,197.9192932538436,198.3807452867541,184.560640678068,176.36835212724537,185.55729409204093,198.84697174297256,206.414016554445,215.1586365244769,205.822547043863,200.18285251581656,194.2299161208917,183.6802164506472,201.48703701727817,212.512861403266,199.0238676109738,197.6054095257167,198.2556176919431,210.8648518807087,218.2443938074113,209.21302331493655,209.93822546074617,220.7999700044956,200.55005599771707,204.4884125108351,183.03455068106237,185.35835310478367,184.53512473640797,178.06846977989335,180.40966175128491,175.86249320429658,167.9646992844656,188.345988820054,217.4144837218049,188.2427990265504,181.60785120310936,174.0193786956035,171.8579149577776,173.8951875616689,157.9513985469564,150.72482283994273,145.5795395735836,154.2296708284663,142.08124919290412,145.71129369241967,147.88145852129526,139.83344695552256
95.96573501260056,96.0675649362047,91.87088069116469,96.04379078149816,99.80545180613127,82.75582522106025,81.59555468933549,82.70776664717422,74.13414995809835,79.88476219185385,88.79453849615028,79.01515228730736,78.65819024551966,84.05226827222462,74.27258793453998,72.30691061746549,72.51199114088715,62.4348401625281,64.89090122601256,70.11997324571855,63.82847915250024,71.31601453386457,70.97014231222695,68.18472246495436,71.41967409166301,73.19149580268689,71.95541884312412,74.06553268839657,90.26017655051189,88.00066991469707,90.8338864239022,85.54327739067134,82.09406339947095,72.41739756509622,74.2479986141396,72.72643142951515,76.75077790151013,80.85628546896055,74.03501642703921,82.11138727665114,85.14509862838102,90.96068722658856,97.00906520025936,112.40886171487716,132.94223968150328,142.78065256987242,170.60756425704938,153.51111616951488,162.75750232651276,175.31518838255533,182.54018841010472,195.06909505763787,187.09162550519545,184.2162385830383,215.422799536938,250.94747603011493,230.8424095750752,203.95224478471656,217.68245005487972,203.4192408519069,202.61021736935373,204.9166486213328,186.59600740882624,200.3206147291531,216.5803647879424,188.6410862121533,205.2924509556828,200.25993116216,197.88802227257617,241.6210775983014,265.7085904208587,255.9430364760524,263.7506128159747,271.7221418456868,262.6131349603824,279.3380072570011,282.8281174911866,259.95075426305976,281.1233536674713,289.55388377897543,252.69572938670655,264.60102539947286,234.70324370398257,241.3924749925996,249.42773062005648,256.08601185240906,232.85690116597988,253.78700846091272,266.60478645077825,256.8864670997259,225.59630938472048,271.0180798537667,250.66476146276645,235.05630694965475,242.01402945969775,225.99465162382717,231.3524984015324,215.13793853767936,222.211065374795,227.34259387070503,235.03123927978436,239.74830552921327,235.5786084713434,233.45182797593847,227.0833066874896,199.88761981196225,186.09097431986157,197.54801387204316,197.83039156086983,194.1361052591415,185.2334957448832,187.8706531147864,191.6968241557644,192.4805799205624,192.4950348563468,197.1536586450111,199.93756978453888,184.1409257259568,188.5437589219701,164.34700710585875,167.82798938340622,160.32275729568465,160.43285506070174,161.58608595429118,155.2706519817878,150.75501819033732,227.8026190383367,289.9967450056682,214.34960985298596,193.67441497628772,183.33067451962685,171.05696429908298,191.46340594698947,169.8474727107178,154.032603609442,145.0289597008143,153.6753570843666,140.10600744169162,144.54933523792602,146.55777714775778,132.2627068057139
267.23016036587103,258.90299206470434,245.0079646523596,238.16184036813377,208.93948750455868,205.9506311637278,228.04888837057217,234.7317685011038,222.1695292169912,209.1994013272397,196.2261326703637,194.58128099453563,203.25543001140616,195.95755090780708,178.80607761276377,185.5997913631364,265.7437728276429,243.419962615351,256.9712730376542,239.89564513346892,259.54306773295843,267.50770632297844,241.1479523659186,226.56279563549597,238.05439842161587,223.70540156886307,220.40926793373544,231.0766329859999,148.97336120239177,151.49021212611294,167.77504602281806,161.47002180689577,157.9204805307919,187.48740513432256,182.30093218861947,193.5655875789536,208.26163618321075,236.0274671166236,257.4652090948123,267.0356280317844,282.2853182852806,292.7964859948065,340.1973140911726,351.28196222138,365.9264267969842,425.27265116253807,469.5850592262341,507.15460713493457,595.5641658367217,613.7800757165883,479.5857300284122,499.3099833875339,489.882600767408,474.9827090742373,499.3047561341524,528.8222645058453,531.1765285018912,493.8810248030407,522.3156780658832,559.6806963675477,516.0745479023426,491.6517156182561,550.1681053327934,556.3536876955533,560.2186087841527,538.7722688625907,535.8043670589068,562.6512449765579,534.3728923860722,514.7429718098737,509.1828597864141,546.6226472022636,525.6557910208952,517.7843843945872,535.8459028617251,555.9641884466766,562.8414222353337,530.547903016713,533.3678975206523,557.782785155888,515.4754138451392,520.8495099411025,531.7927567434638,544.811690682893,507.642749586172,528.9147441241844,482.9822528304021,452.3176914977,484.0478879855005,503.97872820690185,645.4859786219686,656.5026689536239,693.1216851409063,644.4726862895882,623.2655911779802,658.2477460498095,599.5336420245842,565.0974086869605,630.0360530838368,719.796255619866,701.414609046323,667.0276693011716,676.2373696586924,597.4124268441675,469.5786405873615,487.3621117780559,500.4066904935252,469.7809920842181,488.2288817832172,461.79184042385015,576.7165094914774,606.656836848378,629.6290487344244,612.5378521470076,653.9765563928491,658.4265202436605,617.5472554049471,622.8981115237979,683.1333366460453,681.8821720925126,661.568323016273,640.5655514235282,563.8947694533853,516.6844377064793,591.148164940789,616.4884057690076,413.05256971585175,393.0442594034849,432.90646285740326,443.9498145081665,424.2868454622712,406.8193967960767,418.0956216007702,371.35123533285264,339.24154679295384,357.900144695066,338.55995701542747,352.4080855367948,332.96228898721927,332.07271599812856,309.5273678975029
449.7898337791107,408.36825292704896,411.59868441673694,436.2055320997068,405.5769576193794,388.5309220709702,455.5303805403379,470.566872427929,395.6522447056212,359.795065281075,326.7091448506217,310.61439779662817,320.26766570513223,323.14006082073536,280.2715470008061,290.5751136258468,254.51386673100947,232.56926791376188,241.56764671730176,236.49948019362697,236.8512937914184,247.8055786508412,227.8943247389964,212.4933589721257,218.57875184068976,216.9494350265563,199.40667320966617,214.11060754311916,240.07404142729357,219.109127380338,246.77898844448416,243.26908608466144,240.08897260238805,204.5618755461037,201.48194836368668,193.58672981169252,205.06384507791407,202.9831384637487,207.0042457355401,212.056427927726,235.1813421460551,240.6090192405541,279.1527187888466,299.8753440507984,300.7920321518328,368.9644833949183,407.5535803051434,517.5106474323884,494.6608603860448,504.1712227452141,606.5260442871299,653.6960683323114,653.26780835265,601.332089273333,607.0579886136414,625.7485589614644,599.9472616199384,598.2278286722284,589.9305922642878,611.2261223128488,602.7607428591141,592.3458048174701,638.9228021685119,685.9749896886754,731.8394031561547,734.2374511168601,717.0375933293766,731.7141828810404,688.1007084341785,676.1546955247665,666.3387718907961,677.5484210678571,758.4948241852793,777.8282666159955,819.4469688317224,931.4069557802568,930.6355102495376,842.7969188941494,863.6904388298242,873.2697611122211,763.7463523787154,756.5059733782679,686.8674110133944,753.0004817703457,704.4189077632561,655.2741106357647,601.2735869105168,624.0233468534564,670.4203557091361,663.0057983315628,549.4763557706857,561.1781517294421,547.2355092926946,524.0507643643193,514.8490712755103,561.2345680730672,511.4918680111036,496.40685998722057,539.271013180191,547.2518189700625,591.0652626299152,560.46447510735,628.9528753036087,545.415978090856,564.3368705888254,586.7124254726488,609.5262061238014,586.4774209965408,614.3649749741809,558.0887605139775,558.0624418650852,572.4964237277735,545.7683189687426,520.5418070586437,548.0943366990817,523.6218852498375,487.3057811125561,487.0620655258063,515.7167912411841,550.6972649488243,554.9474326574392,574.971806340234,532.4916407985588,487.39683919565664,501.3342781290112,507.9462237490057,548.2937328527735,550.1796864550938,681.5803762348223,655.4518015727559,574.0159920996645,563.9492954460097,535.908199956957,499.375479645625,445.46314099852987,448.67520762706965,420.5363482471152,410.94875270206194,404.2981382849417,408.0271777541234,390.5718401821775
263.0784791715803,244.61468680914305,242.54851484257645,250.13619268712972,232.20181930557695,226.23493643335595,237.97899388324024,220.7856878124175,212.94031673534624,204.8064943427657,193.3305436552993,181.1680727329864,163.90924790452794,164.18602584965652,161.49823768737522,157.81979950770585,153.33303331585395,151.54652316696266,151.9413736560343,153.30928740321755,157.04965315186666,159.82354658965852,154.095580425617,148.28232661638927,144.1070402046744,143.7254794869591,139.99727795718653,145.1303188255001,145.4763378894543,139.8606997860458,139.7468069069759,143.50568766082463,144.36733282064114,189.6431113607161,187.01915379935448,187.10926976817208,190.0711067548624,143.56634117121175,150.26235586390592,151.27157787242768,178.66229477420936,200.91897708581504,204.90741150965889,214.8871354158796,224.1954763071178,293.5751747923777,316.28982818543955,355.380600053858,364.4937962435888,404.79286018797904,426.6852088935137,433.18383275172687,459.5615511058083,471.24642791530937,477.142716727712,480.0344910283159,474.8640319604757,477.0930867063095,496.84912893503,510.0275816727959,540.958467163218,513.1599045128986,509.2385207588755,517.9628321930257,547.7765964316753,522.3066606662151,494.7534878625826,523.4280061869299,512.361999247947,492.8113262952026,514.7227386227878,520.0647410512676,541.0150539764707,532.9026385698787,710.5852146887114,636.4470995722102,654.0375863133925,622.9869185121026,587.1461597946493,574.0345656681743,535.8086805497479,553.0838753425642,543.6467756777201,565.1655837047778,525.8078789981454,506.1080047928981,489.039697648387,544.1518996844156,546.9496236195124,515.3898621208849,508.3646784935929,496.93766763451055,473.3316494770576,477.1958968490143,465.3836398261379,472.631810637833,431.92043952542815,421.0187341766957,448.1396686901518,424.9622905996816,437.72933742244345,445.3719900069269,482.8097515912479,457.0318276485694,519.9054883325523,530.2006376880776,540.9886196733637,527.7883583061137,566.4433573215133,553.6829939795057,461.54153417437664,466.1312583885501,500.2463164536797,475.2188443322882,461.9244730005392,487.5662901270445,459.86705542842753,411.7044664531632,428.9795864517428,433.62005576217473,411.3184137742151,424.4233391062828,415.3878803174367,401.5010426282093,389.6945195481843,413.30576587371,409.7270111003997,432.2845934296555,477.50871418745874,419.5175380853636,376.769304508421,376.80542481407,385.34523851729017,344.7740526562472,342.9133011779076,359.81207481312055,330.82477407738764,346.3601159283171,338.14428827777783,330.4175461758045,319.17880527303333
603.2448366036252,582.4302379340538,600.9484027935748,611.3419406683529,599.4201286928654,527.9052291840978,500.19720854678496,446.29507123302113,437.6291093184858,434.14093322530863,437.66642323035927,377.2573054249125,345.04363405744164,335.82921466514694,338.2298765648186,334.579915756769,309.76910252253646,306.7829014987194,306.78122958952014,316.6041665858319,309.1286386534597,314.26369943870344,297.88482955488223,286.023538263098,283.5494036433664,281.6545245074882,265.2753761945943,281.0953640580133,292.96297527402425,291.5380818657752,285.2753039603604,298.5393975004487,302.94793254256786,315.14227607741987,318.82365478425703,315.8352484378002,328.88595720126534,298.3044816837903,301.76676045762144,315.321642436553,352.63928878555504,407.300424493889,397.7074239586215,402.2852497876751,463.1818921386377,620.6391095216452,693.8657554041121,824.3980191477772,837.3574626655014,879.5303234884562,1041.8713163814382,1031.4038792799263,1012.7245254148876,1128.2922555866496,1108.0295564894975,1080.4105188398376,1033.3207251194422,1021.677199692762,1022.1418565322014,1158.7904136229213,1242.552854741525,1120.786937824386,1044.8947168643017,1012.151231122303,1035.2736385746873,1044.4518555793666,1013.2998754266794,1029.7051804912153,1039.683259196357,1149.3284620880852,1167.516194999317,1077.2723865540836,1023.9589506314186,974.7785196275514,1182.1789857803296,1089.6181786310387,1090.4002953910287,1106.1506127179632,1079.5652564868826,1163.3749702341245,1157.9261456888653,1227.045776784369,1358.752905383391,1275.8333657288922,1112.6205150873311,1056.9060716069791,1009.9540820824694,1096.7631932047818,1222.667253317862,1086.8994306829122,1027.6367413743246,977.2925534848628,911.7043779737216,1016.0613596613068,1030.1104807546442,934.8686566127052,918.6054592693808,938.778213974324,1039.4709463562554,1045.6906330312916,1029.7622560575642,960.7732065627956,979.5670633867436,985.1507838774896,985.7475256103384,1018.5293097357128,952.1385096703876,1072.7018004080094,1121.388411258116,1108.8551714985226,952.7562186264896,942.895393888326,997.59354944775,967.9698048638348,1006.205877848736,1045.6506622884312,1017.75650318388,948.2070827241912,990.432089034502,932.513876274697,890.8896628165759,893.1610753293996,839.971042813235,874.808399970514,822.8074622671502,817.0118670154068,813.4614235327282,791.6853517798642,827.3565328629137,726.0694397447868,675.89923850594,706.3050600047037,846.932346660906,710.0066616067086,720.9460412896515,735.9501694326469,662.8664731053913,772.3313361887806,705.9901315144103,716.3742155310111,754.5983127337249
824.7327795285393,778.2044136810617,777.725297919881,703.5662916004279,685.8115841365678,619.8646611868614,592.0388465973314,555.664180271845,548.5489769725995,567.2003217337905,653.7811754120354,527.7388047246391,470.9655001232468,481.86274896828405,482.8927831046762,459.7293102096826,390.32361423175297,377.7913844933821,377.6405128733073,424.6771130403146,391.64320156753024,421.8726468442837,367.4741008885137,343.5801648213769,329.6075504228818,312.10016178435467,307.6890640863414,324.11452143389346,368.8446736426876,368.7408297442464,365.62181076764335,360.9178129097478,370.1192997254449,361.3160525669212,346.6778949749454,361.2259962197925,377.0291347788316,320.7007830239261,334.5812014990391,347.9240113124896,337.8509578624936,392.23101866733856,406.1538001801514,431.511022576124,513.0228565050859,690.1369163696048,743.5780860421106,944.7309522571798,945.5211396205854,979.8733224680276,1285.8317927383464,1274.407568185255,1220.0383957394247,1275.527384065561,1275.503864528955,1334.5927216790826,1372.0160505859644,1403.4762211867571,1465.0093987094326,1437.2426782292025,1529.351989322098,1445.978626326804,1574.176942935927,1499.1429701534794,1536.6198261369411,1519.6523165580547,1574.5575804291166,1667.6669906501018,1684.153098563211,1812.9091626909933,1747.0860235257096,1655.412584782325,1530.2452650440318,1473.4549836646224,1441.898062695713,1483.5975288775403,1518.6117246647857,1491.8207356676562,1447.6657590677214,1550.4609681323866,1538.8688292192428,1479.2506389426928,1571.5435714331006,1541.1568823966688,1410.437866583298,1327.8861851583647,1163.729224952005,1151.608463023542,1143.0194751954502,1153.1830576895975,997.8068660680216,1026.2285663539224,986.7471762156785,1054.7592409003696,1068.2451307021338,949.4341630929132,950.5062286611112,984.6295347983672,1020.074707210627,973.8817864783458,959.9360506161968,946.8001653301296,955.8104275961144,961.836585721125,711.1827407620751,749.0739566903178,755.0674483636864,795.9450760102105,771.6411125622699,720.7913452246264,912.1554258989414,908.2055057878624,938.4638321220976,940.777813608204,966.681988244313,1011.7896703929875,986.55023104201,941.2327561493544,1037.8391790611922,959.904087796506,856.3448626353166,844.8742557406114,793.5191847444538,822.0474877533459,827.505334624016,800.7478406602353,953.6577430681764,950.976409727456,978.0665425330336,948.0607138326552,930.3816256688835,925.7433475267704,1020.5792540034678,978.7043435099832,920.8798719102726,941.2875063104212,916.763930908581,1002.0257387861996,1011.931831114909,1124.1927870439065,1215.4593770147449
904.150418813228,855.444493477925,1009.3063317401936,889.195260917343,820.9822860315596,734.2115088037847,692.5794615068858,665.0449722955325,651.9313314217789,637.6466244946251,705.8354196493219,634.5919764013555,586.3668516056367,612.7072555370634,609.0593060284849,613.0694555288903,567.1521930690561,569.4700387990963,542.3102079571736,559.8302107788787,523.3193916880969,552.6859219669581,533.606635357962,504.23894137417534,502.5629535102681,466.44645821158775,482.4262607280384,495.3565602770024,502.660780459671,488.87432831176346,504.9323262420492,507.1281339719639,492.5557456527178,448.9874710892473,437.2614960116828,446.2412450237882,452.96551254607584,485.3667217940628,510.277497196185,520.0615112814563,522.7531821986302,574.0109951790904,622.755519372923,703.5780029978591,794.5413689272949,925.2603088172724,1075.1974633890736,1349.725532943784,1395.351828033971,1504.3592921374238,1808.8602269429,2026.1586718049184,2152.705705549125,2213.0009918493915,2318.800503837236,2417.5624017485843,2677.230828888972,2875.466227643751,2909.6356514324675,2863.9866590481347,2927.476044890356,2909.129929339555,3081.3145463743435,3049.39068909369,3114.683514746111,3060.703736688875,3205.817660338352,3110.5191412711724,3182.278500868533,3182.810054187198,3114.4149532839087,3013.282664993985,3208.102016364633,3003.645755956224,2936.448302630603,3128.607891384328,3010.800482753007,2935.095733691805,2910.573568699765,3028.9500462462083,3157.4548588635257,3147.2315431496413,2969.7121303721024,2794.0257188591445,2755.26961993702,2854.311953112042,2749.7760407106225,2737.4926632636625,2561.3835503409287,2527.6895681569404,2542.766083441647,2650.935062901884,2613.597957257961,2833.109782980576,2791.441146298184,2611.549934095707,2430.843974088006,2358.845413822338,2490.050056819602,2451.0428494408447,2293.177966666909,2299.7730106290505,2220.409141616483,2140.0461586662723,2016.412221962404,1942.063776611228,1947.7508808393875,1915.674665060624,1854.6256768208584,1685.5015511145723,1867.6623249152265,1799.8707850322362,1709.5214569836628,1830.7357864343144,1790.4368885407691,1727.2807959053955,1819.98589888841,1753.4270183206702,1746.7731569775185,1609.9605369226272,1636.4573476251123,1587.531421539736,1502.3243784491694,1485.320046995363,1469.546329837464,1401.986947996256,1477.7898805504155,1430.144528178674,1432.2254107245062,1339.6020799797273,1342.0829860727033,1263.2602916393696,1336.6557731554149,1422.734549313551,1282.177646131905,1322.3589738571568,1256.7649795252048,1338.317291012201,1356.7739321247434,1366.49073637358,1331.7562523945844
918.185741600101,852.5652031921223,903.8197214242252,857.930497888169,783.6203261543646,702.7780438094217,685.1307359279443,651.1215762701154,647.3306771275087,591.6429940048832,606.2733778442839,546.697926394666,525.7031753273423,560.239913889106,532.7700723731149,568.0326672978546,539.7201088007464,557.8924943102164,535.523337795389,504.5254453317762,463.8487742635028,492.7587444620021,499.2923287685759,474.09868821356247,500.3177251754054,454.1229092082776,478.9695802070212,513.646032015356,511.4397396473373,485.3895148755332,521.491589205656,538.4136382010396,491.58850389238967,439.9523100077728,415.6554927871761,413.0991726105686,424.517233078788,471.66476794822233,488.5822542949263,501.9918995956441,517.3145971942051,561.3149408410455,596.1303339684923,657.7772622874007,748.9661725276527,880.5351343204671,1041.3934780299633,1132.3454484252875,1199.7615766131632,1356.963419209313,1529.9657272263587,1742.5405732293748,1954.087962430806,1966.5295951459225,2074.723839244774,2103.101442008714,2187.4472913208065,2320.817218791696,2280.149804413272,2294.3581875217287,2322.5326880467387,2330.4526823159977,2388.093641443881,2503.5696360107167,2547.7052272493274,2504.836291414116,2636.3498237521244,2529.276104309233,2598.6554842683613,2622.4662045994305,2558.0791478909696,2525.419548660935,2738.752573502564,2627.939685846853,2556.634668389059,2735.3014747133325,2594.686762936926,2567.856784999657,2519.0649078523406,2653.372062068258,2820.23933375292,2747.9448557354604,2708.275337054936,2466.914582270128,2496.620543562405,2577.8540494419512,2431.707720229625,2382.5128612604963,2312.7193558162303,2287.897937349837,2354.143287896223,2451.733865168261,2406.100242292041,2566.4613903397394,2587.446575158291,2446.7929951533915,2250.044497407486,2167.041936735789,2268.173606659544,2420.833148311709,2192.4674867501208,2147.07338389325,2097.26093700756,1984.4804660549328,1632.5143972899607,1679.3223846872993,1597.8204580129875,1686.3481586360076,1735.325072502501,1519.6821730272486,1773.3668608703647,1734.9337933218062,1671.5002077980555,1759.7739975456898,1693.5710707652256,1572.176653672968,1658.6042029232906,1742.4476878049036,1607.3830304559888,1611.0898771134691,1698.34727047885,1597.322859839932,1543.8295441847995,1608.2268853651597,1592.0356510726665,1544.3348911972391,1522.03991779913,1416.4679384726687,1475.7968978240197,1347.717988213795,1409.093303476562,1379.680002288978,1452.4836377028062,1684.8700600666848,1439.0068563174466,1479.9630201620553,1398.7769265722488,1403.7536898810222,1297.3685581579657,1365.835311180403,1262.493666724513
987.26735297281,902.0018296272914,832.255500113227,824.8181866485337,793.3057160970938,705.9536051498451,699.0971409641317,638.2918001307252,621.8684888132685,536.907208454835,536.4541333646862,479.30933513223096,476.9226847805445,517.4008468062456,496.7220826191069,523.0023871488327,353.1756652702725,380.11343552125606,366.3966331316333,358.7805667483402,319.3200854209073,321.8090164722154,317.8865234539958,308.60402533325447,326.74646297752656,311.29904364052146,318.43409378544624,323.60919682816217,414.8602343741812,399.4997847107033,441.12521956998165,442.1198502246187,399.4531221790765,278.68604287419987,263.27864720862414,278.2736073112735,290.0160825759512,297.88286577775125,309.93449036725247,330.04054995715506,353.0713751027655,381.4747835604153,403.5821168540406,486.39520520283577,567.0260013485391,645.9612243638679,675.6639063299767,673.505283443928,748.8320214823476,875.1520223959284,1236.777427698171,1410.9511730560914,1547.7517110467031,1474.817816750788,1613.2966977521553,1643.129727842933,1627.1850545433897,1647.1590415792573,1593.779077731223,1605.045984755763,1649.7679042059908,1639.0755407569657,1682.6905430061909,1889.9688339148263,1807.502220881406,1818.809537809248,1885.572470239623,1885.6883949152564,1917.4959059690384,1870.207892294452,1842.8326322016223,1860.641023133888,1899.179492540832,1922.771957767108,1903.305645914048,2039.7293302936823,1966.7018333660285,2092.86820114195,2077.995997303424,2176.942228981153,2296.076281224963,2128.4693639800853,2327.1388950263727,2137.5663672926157,2180.00587013243,2149.481377660986,1893.4441999376013,1778.085195269745,1817.795974959216,1850.051045123,1371.9075273100138,1317.2464680959108,1281.207828616167,1293.5380902431873,1340.239189739558,1300.2821626924404,1201.7648444688014,1247.9785242969565,1287.0613081366582,1376.2765755588523,1268.6198921796324,1224.3289436555156,1237.5051804245657,1195.286344292873,1358.4199537762045,1408.0941358085768,1385.673522923652,1453.3904316872106,1570.8451668849627,1400.9945478509155,1168.1018293563786,1156.2149841318217,1117.2837401584557,1134.2389241652102,1096.4848398754752,1047.5015711565595,1045.9177964826413,1199.2513476921188,1107.859412708866,1170.9676722540282,1118.1089345092555,1021.084747831444,1051.703261215848,1220.4495625424315,1176.8092622128215,1140.943686185104,1410.379361729608,1310.1329558978812,1385.9064924403965,1275.5220547119154,1377.8855257788534,1370.3449493361718,1383.4496185221203,1675.324734523116,1403.7613703920651,1448.5561373961195,1406.4763901425886,1380.9586707717156,1284.5748540902346,1320.02933916164,1321.4659842424076
424.6800220884964,374.4681827458989,385.8817266277223,405.4108544508536,396.71790551877416,358.0347288455323,349.4027414881837,306.1208958173284,271.1526808743463,245.22925223092068,254.22673110837596,245.7922735270355,249.99572723352284,262.64156323294,272.13090290705827,266.7773818463067,230.34144222148436,222.7886498612025,220.1241380821008,252.40145087961392,223.5816183137866,214.90909454641783,209.51868249095,197.80523608960584,197.4786027258744,211.74353078758028,226.5571781368306,224.48358768730057,226.4784869573883,217.38297954622607,247.52787754319647,244.37752689822491,220.9783508901372,216.0862273207188,211.5167520067529,224.5226973326509,242.45471745859552,213.30752471319025,217.9760868161418,241.11674182807369,260.835870100306,277.63683993419323,289.2895137008296,404.2066015007696,471.1988998429612,469.4683372112373,457.8145892953345,446.64372825204674,480.29572909882415,596.8048659010373,758.6003289945046,862.7842076944517,975.4816632539251,961.8246161827274,1062.4516956421012,1168.4206678870007,1208.665941826597,1244.698764168128,1249.5252327424744,1274.322247814177,1319.0679744641493,1328.54501262561,1312.7842922506563,1511.4125271529576,1442.0825135777582,1422.1756911008956,1467.5572332216789,1434.1842358199815,1466.1922849357854,1457.163775520071,1484.023588158791,1456.5849878315153,1484.603155671897,1478.405836339159,1460.5576226828473,1484.8750207079893,1469.350281959367,1520.385668374892,1533.8610410850406,1508.5281189124437,1615.5776634313568,1522.332239349125,1570.4977862261455,1457.432456248749,1463.493824531131,1437.262466477163,1302.7507758513302,1268.692300740821,1239.133103160123,1226.9712850922213,1125.4134732262075,1083.0020127232594,1069.850542246308,1084.639639371586,1098.635562940039,1039.4155542709243,986.0305839835846,999.6309014199662,1014.328100955522,999.2863952430632,981.840392740824,921.8693215487418,993.9199729388192,991.9863421366268,1067.6299932628306,1025.794029790022,992.28945285691,993.9306115595969,1019.5891544859828,963.036216902432,902.2307103515304,916.7075114446952,832.1559646090379,836.650135381492,822.853754301503,789.982604761847,733.0778151241769,788.928703316033,751.4734471749612,791.4742511924325,688.7091472194459,636.8300659172043,597.6626170631795,653.3954136161184,672.1696881362321,634.3820211687976,605.384937919001,582.7042106234529,560.6827510503721,495.4301965180607,541.7455457832318,545.9559963122063,544.321693576453,592.1569293130403,545.3608972639639,557.6476137230375,546.7991389470018,516.2483216125728,474.3794165212623,513.1333141426809,518.7072210221403
300.53426691470924,284.01957128727605,277.1268533547416,271.721626333265,276.6365888205366,251.42494760633116,282.8315749114738,268.94726637402994,247.6169614389172,236.80776638897424,221.90585702896644,217.4956018413621,208.63546877326115,197.28367834846355,195.23785776417887,205.86996585676465,291.3419092613008,268.83608255931904,259.1407023486206,253.8831332139065,240.7913232407246,244.29271478857532,243.19314921297607,237.4500881645861,233.55342972756927,238.5390768744083,243.28213295697265,245.33408795947403,190.5363601476625,189.3695887123397,204.04803926253385,205.3332995316429,202.51594273599156,169.10146975485625,163.31457284242276,170.28547095058784,184.60790239528083,274.23643812067496,276.0007736138584,305.04132302009305,324.4427505390209,335.7492168335366,357.49062067732103,379.29452911748353,435.63556381609817,485.47773199285774,520.2647694027941,623.7621820464598,662.0089450270036,777.2389803731782,703.1959321196053,746.1072515588718,819.7586398530599,949.8693068012404,1048.62061318183,1091.367852132438,1090.0585400593225,1164.2271550875057,1210.675548026517,1247.2529829250088,1262.8694079735103,1329.5992869826182,1319.214815853259,1407.0148298340744,1407.9003533496425,1405.964960590224,1473.599794734258,1388.3855856036591,1455.5751822862517,1405.05379151162,1443.1389135441457,1382.6759362954008,1430.8613178601163,1457.1604566105295,1451.244130137844,1512.5883268549187,1509.8330897406445,1498.3642323125275,1509.0129761531002,1511.5105287896545,1505.9674296389292,1434.18739229655,1452.773790222166,1299.241055750126,1346.8868518909508,1340.3084203114238,1342.8532597742087,1373.601201950486,1339.5586954377948,1305.3015695869035,1677.4959036469563,1693.657510102557,1701.0252105145037,1670.7104533273389,1578.5962836881,1580.738367274747,1564.3722645567266,1600.0549881696672,1663.6674097858397,1695.1471975189625,1573.8775515331536,1527.2070205178625,1538.5037150365547,1541.3319696330573,1282.6647398413256,1304.7533334521863,1272.69652879945,1218.0423780754322,1255.1638106581886,1169.0296384260273,1352.182268618724,1260.419117449101,1124.7661351202958,1098.7796219800348,1234.2726673491031,1039.687186235483,997.5708687091368,1027.8553771682498,999.8553875518808,909.1629451948684,814.2161046474738,860.1642864519401,779.4793693547755,815.8845996513353,713.9568624845219,810.6080895822578,569.3434151161833,544.8986403232642,519.5212376737816,486.2356007749374,478.4010392547612,508.17792319118826,456.3843323103363,456.85810302814895,452.6241100002547,455.1123838188072,460.67800810420175,464.0678916901288,449.1354121869937,463.0422691214681,426.66962642401023
203.100120661747,190.6404364657109,179.02884358867877,174.75919848742424,162.823513074846,154.037707819819,173.33997641471058,168.98703248774746,164.2021273422721,163.02608139349823,150.21276732337145,142.0219312056508,147.1524456207299,137.8982925965822,137.56820242991412,147.2716504217458,216.36282893441347,217.81569072150043,237.5715352326305,227.7686484018622,228.32775551739604,237.93306403898472,224.14615615553004,221.2461519308877,238.40051976821476,232.961125787422,232.39643307740243,228.65329267481437,133.1527962893077,131.85279515902803,147.24084031093145,145.7751548593503,149.18450672518122,311.28851674339074,292.7696553529449,327.07845050640185,335.0650423882106,245.44124052983807,255.33634953130763,285.454225702919,297.25703599219514,329.883722323796,346.6657990171672,346.9826997245186,430.5395162303573,483.1289135229689,522.9645010708253,644.9096712553018,690.0081115767464,769.1329567492213,526.6125996339007,582.5820643695554,652.9518588463603,771.0641268913078,863.2274745163481,874.6577688509117,892.9470776030604,910.7200385989456,961.770298301042,983.0416742845844,1071.0846107516863,1134.5972128162618,1123.075188590929,1173.2215244452616,1171.5054951758991,1150.1446316960803,1176.1222814347636,1108.2116008281844,1183.582806842201,1161.6049297082689,1173.6922573307174,1118.3442383121626,1151.6076677591689,1176.8806950592566,1184.164153709531,1309.4381562585083,1276.0065393449474,1251.4574080467885,1229.984226081457,1204.7639916757878,1208.8034458072398,1209.98677407601,1192.595521346387,1074.4464738033505,1166.7636432317815,1161.8885606931826,1231.5620233635202,1274.5818187725115,1177.7571269485434,1112.2104505325674,1768.4408021003203,1738.0258394042453,1719.4098194283042,1688.794501327332,1590.4432658738356,1582.883244937119,1580.849599095953,1564.9851134906532,1586.53255051895,1614.855892910394,1541.838322378139,1441.3355790787116,1451.2860858586437,1481.3752073891162,1399.1110039637235,1477.7708527656623,1379.8484130405534,1324.305977789765,1418.0242094793982,1312.500762542947,1220.4167466249437,1119.9393347506582,1021.7451258685746,1009.7728588300646,1181.4693405321168,945.4101055267096,883.4545541251271,830.4202907589366,804.6013310891716,737.9211362379091,688.9172708309358,743.7926927116426,705.4285707581042,771.0955579326835,682.1535560731771,707.6409839700164,399.7898679909399,387.35799653140265,384.8944426809304,404.7553261220967,403.59796966127954,451.6548916007235,379.9424603638767,351.5966352868762,359.51036639571026,356.427929998855,382.47953623088415,477.5691368815197,373.51492161978894,326.33294650327025,312.6408411057966
352.19524245758095,364.5237772328044,339.56510495721506,326.8274298673139,290.00964098802314,264.0816121448146,335.1639676303408,378.7005564073647,400.0660740190117,383.16420537505854,348.1417066553925,281.89493827703774,247.27511338775253,230.8229984733797,234.47858352080547,234.8150584684728,199.6160217799044,200.39287542218327,218.08581819085867,214.46922476795888,211.8466649911313,228.17467464075415,203.24916453104365,196.4437240881792,237.06497348424148,239.77606085551955,245.08144102467463,230.31186168699315,224.24007803123703,214.26552843461764,238.07154349512948,215.56838448805476,224.237012619104,186.67445068913787,178.38420923622755,210.27711584056985,212.8955139988088,226.8997021597509,234.6236894734319,256.52238767153966,263.6801173539045,343.75688495229724,386.9210601285797,372.5308583348264,438.30610558642985,486.0939488063234,528.1955694938492,669.3065372501253,821.5825704240624,893.481668532784,994.1045977843636,1067.003193574969,1209.1566666659016,1365.4224993932426,1517.3033238656465,1649.1218619967085,1689.7884564655062,1719.6096453164605,1801.6633529659168,1878.5533240535456,2066.8325648739824,2105.287691176223,2124.167977765624,2221.3251682269674,2390.1364828752344,2284.433850274232,2367.059789240692,2296.903390593563,2407.2955752035264,2345.547467168285,2392.439574926669,2347.525488382088,2379.293639262339,2446.9974176554288,2539.099551221416,2638.664542937408,2518.852085652381,2466.639773337611,2366.7724210058386,2243.473866377716,2190.753682169643,2120.301359782916,2046.6218023725312,1932.5594743265208,2051.7809417936387,2029.5142126548824,2126.094588350724,2043.1517898006568,1924.7258823796665,1950.9928250165035,1825.7497251476848,1840.471663636455,1898.6360861541257,1868.8332896015156,1773.967893237737,1759.26506165784,1779.6585782324366,1765.59057678405,1723.2287864564946,1925.2076789343475,1768.9119918937015,1674.807666950073,1588.487561354617,1710.9788576963256,1800.0445948977858,1857.533593282479,1705.5638876750445,1610.39234045361,1759.7143999572831,1580.8601202709222,1283.4782967144097,1211.154477259931,1078.4224493841982,935.5513019822204,916.0620968291864,835.5407960847376,769.2943949955263,747.966129231081,702.6605287313962,702.1405018355541,675.4302494072759,684.0329086897701,648.3457250787432,646.3182575788513,627.2162706163724,595.8185202861957,593.1282292208787,586.7389301808238,573.4265153764765,558.411805727847,565.8281680953888,555.0221952031571,486.8825937797416,491.282174272811,484.2203827320417,499.1260739569414,544.2568211633151,666.4736658426483,693.048697672357,598.6422384425387,547.9719524489881
135.65428025201314,142.14332491715797,128.33037335572408,126.0137294026672,116.42996749489676,105.43413954775777,126.95783184295236,138.144954058411,145.97139307318304,139.8086473022672,131.59173065363038,112.83410920840728,99.02574566484569,93.05303915046603,100.60068893056967,98.77280587354578,121.3302658080064,119.76423356007903,125.50659217511424,125.34613526684858,124.8763791182494,134.04329574523456,123.44904529089958,128.05482292970044,145.11079851946516,147.4813992390479,145.6024672516399,134.41326923289628,93.9096730402854,90.24922412567588,98.5347976340029,92.9682416776998,92.6754436562961,110.47530289874614,108.1251471170621,121.86834962479402,128.11484065896832,143.44710699324511,149.75210694110618,171.45386902299654,179.16256865594633,234.24358349391733,269.0872054495056,276.728339321622,334.3260918499757,363.89779913006527,405.8606199843712,525.9462662564802,663.6079067552859,733.8671363000474,549.174972366262,583.3811137398324,673.0488949908294,755.7192321737372,810.6769254394289,872.4328788184858,905.9941184710616,894.367674502125,929.8287911727424,987.7182808607224,1033.77595876981,1077.8075776834155,1081.1563400120178,1126.9034189582949,1203.1790703680877,1179.5424779333166,1212.159402911668,1183.9489582430938,1191.9844420050504,1184.317692673238,1200.7935730330694,1163.5516752699746,1179.1631590331697,1176.9914448673942,1215.2543336394926,1248.1170218794164,1172.7189176676186,1165.978379347053,1158.597996357594,1097.9963667619936,1073.5894880040237,1019.416376344744,1003.7971964362354,971.1633695728732,1015.643627817482,1016.4818961476898,1038.325576405369,987.5035049705152,949.5952745274996,951.6133132905684,1301.4217983547032,1264.6967488035305,1254.4064383199543,1262.4199022784558,1194.652095083766,1177.0152349786213,1208.7768512977295,1196.636362466152,1142.2045105606194,1252.6989562407514,1125.1918562284866,1064.7126209163175,1047.8515382917617,1120.0363662756115,945.3093577283272,931.3742520977725,865.8512310726679,828.7485008062952,878.1232884443714,796.3727764402515,831.7127647393618,754.0524153612739,680.9773071788436,599.9281079105327,590.0117699221304,543.2727928618896,546.8412100419774,552.329518233402,498.6947445660154,475.3878174404612,442.2586855842328,420.327771365144,415.3012453621521,394.5989838966467,397.4292824100343,360.6730190023157,250.89939105659576,283.38033782488424,261.65747487756494,242.96021590466364,241.0595485981688,224.55579327907205,197.17661030480508,194.419188198412,188.3496564138161,198.6365189143431,205.66272600732023,226.8374816978965,248.0794660731485,220.0889367634041,205.06005437299
85.06802129830642,84.8151131788794,69.09613944515712,73.312139236756,70.41972177534961,63.72907045890664,58.808120444473424,56.19729757149754,54.952159947864814,51.80754957123819,53.12102816750305,57.93770493302844,55.27307985397918,52.77201015076292,63.74636821704736,64.3433446443115,62.69251459256984,58.859565350110046,58.441197291460114,57.66633300271841,58.41400822888188,61.89395844534278,60.31195840563937,66.0138118547148,61.77038080866127,62.397257752564784,58.2225863276215,53.61703439012423,54.26438183407696,53.88947564550608,53.89730590646344,55.39134236298896,51.36058601063496,60.06244979338838,63.34038156437705,60.67681284731778,64.23125065022234,67.69136867101061,73.76276229126779,94.06130649192352,107.47811995148828,130.05551343917207,151.70537921961508,190.2390219929945,254.32760030241332,285.0608693873685,334.682226028592,474.09039622364907,596.6076976433962,676.154068369659,626.935098740094,658.5122150164059,821.181668654365,983.3121181914662,1053.6910866993,1106.7424188744867,1160.876024217545,1160.1005449779536,1205.42718346456,1273.0410778286066,1287.998153864409,1359.539056326249,1388.048578373984,1407.5652795785302,1433.255100121804,1439.7768466227092,1501.2830086349954,1485.6860118011482,1435.8653325373375,1465.6956523279316,1452.6005959657764,1364.165600722985,1368.2539811543272,1299.8202247229133,1295.5465344581894,1287.1841260475762,1206.8308957344475,1214.8787471057724,1237.692547713911,1209.6709182636096,1214.2375443754922,1131.481754991894,1102.63647471185,1066.0066633582585,1090.771392843175,1080.8211411145253,1134.1889006052522,1083.3210338266829,1041.3388286369195,985.0444609601468,1100.014174133927,1033.859358489095,939.6482563093776,965.2156359521504,916.0527405970236,872.22532449615,920.5314201158068,909.8557692608732,836.163947217149,849.2689909603621,754.5744625143759,729.8019235946568,771.7991095990035,793.2599836394812,652.3753604224144,615.7089439690137,582.3181440514711,565.8801501831314,562.4234565208321,520.3796677110843,588.5659081969764,533.8417678710529,496.8657207728578,464.9490392120596,460.2162267199193,405.3804409074469,423.2780240562061,432.38103124055897,403.88835651267686,349.872548113619,342.1847796011945,301.9098345516276,288.1941999370759,254.34079990062304,251.74117304025688,238.66808023109755,194.57777291009165,228.5166967719705,201.7875104790589,201.7675177952876,210.7243157958608,204.13254800201017,158.77503512513843,142.67050591190076,128.11541178122096,141.19838118430533,132.11186525900405,116.35271088740492,117.16237832877708,117.25040771446383,123.36379085337508
54.05455529454549,56.76559934943779,48.54826403185657,52.59119580879409,47.56182422930959,37.83213645844958,36.07329838437668,36.23887303049468,32.71185984299504,31.24712204083993,39.9724639363204,39.88184339669734,36.42550231850922,34.85286172856812,46.11394920544416,50.069440397587,47.78753355306966,38.97077663179695,37.56961861079738,32.94280834835726,29.35487866809576,32.21201877613986,33.31015987725166,30.632498876859025,31.576698196827124,30.911176939987715,32.44461268633452,31.165654551931983,40.54760153101756,40.367893950840674,35.34456452679984,32.16547000406172,28.460901043315,36.60608445446457,43.64409012902034,42.08939647255163,40.74002015589505,41.441788381138736,37.460388345929736,51.21689350319104,67.13505036885988,67.87356855974363,66.54064186461144,79.83648932041635,101.00197784916236,124.30210008948096,140.88645996886632,172.15036758372892,205.1083022656063,245.35742796622492,240.4290455312804,252.00420051943848,310.933438734189,365.3072409239739,388.8981552212385,426.3208483234257,468.22533996739537,491.4551431748852,514.0437188515386,547.9644956485139,579.3047617648301,604.8315313426398,597.0141852078671,635.1188589165438,641.40372392729,645.7695810547417,699.8607695216576,683.9319624300779,649.0871043105283,666.7631454111763,677.9994471069213,627.2714167753267,621.26588717492,594.2166571725921,571.5077071427864,558.6000069006849,525.7041616607785,505.0610145361362,498.916957528766,503.0683926979644,480.8803111688836,430.0695182733105,425.9315111860773,435.4479666862961,414.2614087142642,389.7946018375218,407.2808433259372,396.5805141122706,390.5906594107119,390.2840410841388,425.3188405430665,411.899240333816,387.2238755877101,404.4924462103865,378.9313964863443,396.74263948027857,397.0428847542503,395.0988941757461,345.33779232506606,341.5865864379235,318.46252296476104,322.3594388225789,349.2161151447383,328.2322478984351,338.02792165269943,331.15050767611075,323.089898605207,310.7730333822738,309.2940200787048,285.23376449675965,249.18340068915452,238.1317695060604,230.2000303872813,212.26520948986763,216.63305378811117,195.76136433319076,188.64499327903908,188.41350078566185,176.0431642086303,163.97868013324972,150.44267910699537,123.22635989110378,112.80205008722906,115.55697022312008,104.8780331852074,96.26119263771284,75.93499192068144,78.47073924061284,72.03691264539148,69.69829270186831,79.71850993961989,78.45532758990923,66.82328061095997,65.86902103446027,64.32259074367126,62.46237413341709,60.35470942381436,55.5044857511934,55.7838884670361,58.28773963169154,56.50664741251619
152.64161467220543,137.1691350605373,119.1689664462385,119.9430029262442,113.82603283609708,108.32276852684424,120.77496219213764,110.44296111741176,102.08830893906104,100.89707874211882,112.56117759393234,104.60161681472565,94.25324830498536,92.87143563379436,101.2902033094689,107.5494181785066,124.8720972066965,105.21893831533804,107.64765114807852,103.82900611116948,91.35222194460914,99.64470295026769,110.68945715711314,99.55981734752226,106.05982950140736,119.65995137079496,111.49993459818606,106.16759417173223,108.04525100071028,96.90107520321352,97.98628367025331,96.38322223341969,97.88476344907718,116.29184989454136,124.76816582947764,118.0884584174053,114.10788050893906,125.53114477308382,114.74766492433926,141.939589208539,163.32110056422465,153.93502861964305,167.13697681270548,178.9772122552902,197.79830239379385,238.2280959154186,266.20719809197,293.4619188066381,333.8146759207468,369.8976003281656,355.13844324629656,382.720424614207,440.87047984818514,464.545616458841,463.9274459063403,468.40941943945455,499.3648529285185,506.14207613452425,509.0886622155997,543.7363514700759,555.119207542145,553.2058376411876,530.8000772727844,558.9918274967667,539.1258502932645,557.7176032717583,566.9855998849074,556.8880204138471,511.2847863621553,543.9085196174527,563.7381207276351,549.9693423263097,571.181226415258,565.1214288395838,550.8966972673629,522.7340769967882,510.23556842758,501.1806482315986,523.5674763029139,543.8021837608992,521.0956539999052,520.3205746269307,535.7041611673952,591.3995844337426,528.6055111364686,494.29465428977664,505.8110480352154,470.1878849899432,493.4866832636699,489.55886117228215,580.2005876489842,571.1814778091635,540.3066662624514,544.5400085047442,516.4886504955357,533.5418446612172,491.5039495942341,488.50993843572274,443.4197571647234,438.73521715165606,466.30206740039966,456.4763684458763,463.1319048049909,436.7492076133661,338.7819151006142,338.0569871600771,357.4765024712887,365.43009390387016,379.05922526839527,363.3495079842255,446.1276162452901,450.4083156590008,464.94853581422245,452.2844061820243,521.697765552598,519.5761605044182,459.48981253364695,454.31139721637766,429.9620034534006,403.3032792400005,387.7910355897645,380.1371569406804,357.2711161084628,482.6822947240892,380.1766297250572,328.6370993858618,277.0574231342701,267.49128998558047,237.54596192784769,239.70256823066217,238.74294680439093,243.5733891115391,205.4839494202497,216.80076677340404,209.18593321791892,201.1014114346579,187.1067126578588,169.9322744802808,175.17448347212172,184.70778789471427,166.33038106020612
86.6226069252506,78.7973593230077,73.34755966859574,71.82796529792692,66.00614200287023,62.80713424890249,68.17125395859084,67.74020147392041,59.33550929099146,59.13430035500973,58.40844005255939,53.99900171225268,55.407990846274416,54.59769474421808,54.77800441306903,55.53002255196578,63.324793953994856,59.75407857928029,68.85855881066128,68.11283179114919,62.16749440982687,65.67493121835999,64.79976041944289,63.65434371230206,66.58215573490433,67.38441523593876,63.08623897214535,66.73551354592374,56.94160956739806,56.32291453264612,64.59105117738291,64.31874524936,72.31098685325244,75.34876323677206,69.8607090257625,62.10545724090064,63.67972088342414,80.85055570343661,75.50516474490811,96.11557325801924,103.06271744797024,107.27746152972144,107.33895011591956,107.22539780996584,119.32546101172582,145.199153131676,156.6874321493588,160.96658706478007,176.8025281936471,196.2435395291868,177.96162870399226,195.8940242298193,219.6842692837703,220.5838666655168,225.16640891862747,233.1893279556265,259.13704622623186,280.58998713918726,285.4011858879836,304.22184507612565,321.4184556267242,320.8408407671052,316.1152725421059,325.3510070292993,316.87764616887125,320.52962373914704,330.2288286924797,315.6278977630238,312.8022048328039,333.5914280936135,343.9093437244174,336.7886374702329,357.36086346304825,331.9616117737693,318.56349218306985,299.67462727095955,301.20450657919974,291.3123802800048,327.1821278015906,307.3363907487838,291.01389205101907,308.4166015365393,293.7970763651807,307.3842024536367,297.9350385276688,295.0371366957946,291.41182559968473,275.91721454183335,306.4782738010314,303.01863195176645,345.8352494619526,330.05382234449723,340.10684365184886,333.18549737232433,314.0657689599214,324.3187590651676,304.1526015062264,298.40458923284865,291.3575498720335,290.4811724755352,315.41657591379385,295.80599259025405,315.5932039176592,294.8651275130626,275.5909070686394,269.4534774377909,273.436074494795,291.69618012675545,295.1001232908831,278.8895368695626,287.22596088255614,298.38216724434994,287.6263070324296,273.971978841834,280.238081790505,265.36923352352454,270.28012108315863,256.41862918151844,240.2976603036929,213.3926099408848,207.23755215912385,205.2686658826773,202.9718357760737,212.7695292501714,187.974444487532,169.65073551814396,142.1115251325284,138.57244751518567,134.81758483531263,129.95699900675615,123.93005707314973,122.7116699240173,114.19274273744604,106.51411941778484,110.62326445746784,109.0171142960326,95.78526536107763,91.96304403770137,101.04120876122964,100.10524957521254,97.54115627635454
124.56451088239828,126.17670247613871,117.11435886458668,115.22587973518944,112.7800302610586,95.06056223414647,99.4132622643293,100.80000017347469,90.61426275234552,87.31722458736543,85.31322899634381,78.63833119344771,83.59833825638175,85.88298481322462,81.79345078137605,86.23874101710143,66.13096590494308,63.93531966076289,70.04003046527062,70.89569267654203,66.2457941720199,70.90225913232621,66.23114553819885,64.87613431388179,66.18108835522976,66.10976464959869,63.074974937746674,65.23438369239544,85.16389673700982,85.64097733425291,94.1079302757205,88.85676311906562,92.89508584843068,67.5452788506691,64.11796359663784,58.87072725048551,63.42642903470883,80.11105872218982,75.07899983048632,87.57627516176971,96.3182048749458,98.9920417992994,96.81750301917904,104.59409215685729,113.97417109574728,136.62155074141802,146.6461230427445,158.32919171356568,172.187568005935,185.29778865939463,240.23385192920196,266.2737644754608,291.0902825841096,299.40788092109733,305.1104099434258,324.6726654377207,327.7980830202796,338.5961935889499,346.12413690961654,370.5051881227256,384.6080855689262,383.78221580996654,378.807510346202,405.83041175165454,378.904871834754,379.7104362237474,399.197185527963,372.9327916472489,390.730529656125,404.4906793290656,425.7021637171136,411.276653838636,431.672237892962,404.055431939581,384.3809462822578,388.845626285368,380.1386644959255,359.8748463400003,405.48703254318895,375.6254393816589,390.20619602362456,411.5524341483213,391.65031019464607,393.2962707770549,370.4792732851096,376.53765239375554,364.0942382096897,355.6528429747231,403.6044239238906,400.52073990904114,311.6925230067312,297.2003415028095,304.06519141553355,288.92984578213174,275.9152813331856,279.3571140576939,282.018885749477,286.55503249100383,277.25563824408647,275.9926891719033,310.9659701277653,299.0713771465509,307.5271954808304,284.5256251959255,283.5756939675815,278.90895366482016,285.73455415894006,274.3425180096873,287.72806277767813,274.217751253845,254.05446802617217,260.660980401705,267.45417682560094,259.8606071771414,262.3406625965684,258.7802870982219,259.87782451459367,247.43754745315505,239.8973896579476,216.3832113732009,207.4119526391796,205.63975112808453,208.0189857766321,206.92527915516789,191.9764609153065,187.2909937792384,218.42289743310744,223.34549222781988,225.8179402476077,223.18700887524267,217.2442921402665,208.29751794985157,199.91115666678883,177.88303123783135,178.7521108987394,179.27915168749954,165.96205798811326,167.0868406269899,182.4018726074144,160.5979948573682,162.6065969546524
103.882464806466,110.03746822201244,105.78658617783528,107.74807073250348,114.37736464626028,95.00921515834092,94.3478554285011,95.80379047029376,88.36803131832825,85.12307499046574,90.44971340439028,78.35462525955226,79.05198717488402,86.24272264976648,77.9173445457648,81.15421193656702,78.43101258634343,76.74642148794328,79.38876223082725,83.1255269376889,76.09147020756016,81.39397003071386,80.23610623732849,78.43203473638367,76.695171067163,80.85674933090188,77.82757738561887,76.97678223074973,87.85874693121458,87.2701811604946,86.63875792530725,85.7363246368718,84.14995874049401,90.42421417782438,92.230350367567,86.43294404222019,89.61374198116073,93.77997756918988,87.7320081004893,94.92945182331688,102.39364726663,100.56526772135356,103.54476500567591,119.05087641233808,125.545881404103,142.25659895521872,162.54225153102246,169.72007217462703,182.72064842867005,193.9779706577152,208.58231699217623,224.5995133382879,237.17441977702947,243.88115571784093,243.8115387706873,263.90707714755047,242.3461097741352,228.76298487597128,238.804359430882,244.91812957280163,244.31633266028615,250.32876641730024,245.7238482330293,267.5819757787143,255.91418214355105,242.683031082994,257.048725830667,246.43562141682827,256.4336987264976,249.1390457786948,261.9171314454814,250.422938734086,263.9113008544336,260.59323664354645,249.31716230082185,266.6189632170585,259.0661057005187,235.0942734217305,257.1345280100816,247.23031078447443,258.5771347331946,258.01703271384304,247.16659581588,249.7159267698351,228.67662765662936,238.5844751921823,232.88750061025888,233.91176316162876,258.8359139064136,253.1007155866699,231.9454946010542,229.13873649657265,231.1599377239613,216.653470587118,219.1541711289067,216.7356731185764,221.5961689072369,221.9232764500163,214.02609439010791,217.88126498271828,235.2860904086205,240.09211098908696,239.01234497414785,223.86439191700836,288.91585658388,280.3468787054824,279.78129064933444,287.114299602622,308.231978640658,289.53395805413084,207.5457130171151,211.65653386944456,233.01150107809465,230.1852305548495,220.5550820573073,220.62408713361057,218.16851190711785,204.92701143624143,209.6306569043647,188.42002250378715,193.8045523514982,188.813269396482,190.9682311663717,198.20416606642596,186.888087370714,188.2469019529622,190.07725885228663,198.2616482800416,191.5181032750768,198.41343539365084,200.04011779623585,198.0124752935436,185.7969497531104,169.30609096161376,163.4211279510844,167.70505215546362,163.23095487314822,159.36073939156773,166.29673960498468,146.93889504034487,147.09658726293253
150.89579768281297,154.2386234678081,153.83344857327177,145.77043047194368,146.79737223374164,124.00318745817763,121.6540244088927,123.44585387256792,113.35193841965392,117.49546617512154,126.90737577563408,109.63385490771196,112.00171273037664,118.3301156107182,108.18374300994633,105.72640889741324,127.3882926804307,119.8950694830964,125.5444985459698,131.22509546078234,122.1314894961482,126.77980590404404,127.53559113283312,128.27052457131555,128.64052040333138,129.47835182747454,127.49076355794652,127.39027886072414,115.43854599118303,111.69576364035056,110.358548759463,110.15818321542724,112.95239888285684,99.78928145854158,106.127497192521,100.83146739964876,101.46861602765644,147.80717080486608,146.87461866426224,158.32813133182853,160.48903223753567,169.0587373544492,171.28226142129546,189.47200697437816,207.92187978139788,222.92727612774945,272.19707610535363,272.5104531080502,279.59011378589184,308.8064961721547,267.1931526055685,284.79082312402545,289.2055815054904,295.5427221075633,290.92108559230894,313.0209241868854,303.74664278947466,275.85953579942253,285.19113223162645,295.3795146725991,309.0964196368284,298.9499641901732,298.757941869123,323.0734301810673,395.3781563914594,326.0935865474707,343.1158318538339,311.659758304423,301.0414358667875,303.7438642143979,298.62324848507825,290.04624037716906,287.5683981482771,290.4860959660145,279.62434140645814,299.44887448700825,305.91854280698993,280.40214951107816,293.8406631972926,285.9312357004241,281.388106060923,289.7038397640732,274.5177520827472,289.5474247758498,278.8935311780264,287.34548064363565,268.1514178465685,274.4016346487549,284.73671674993625,272.0705727137963,320.51743134641384,328.2571303158756,332.3036660568746,325.9002637253594,353.3933965008092,332.3376083507156,342.1777947659598,325.93292444199074,321.79599854311584,329.5075995253499,336.2786083723832,335.59613182955866,332.2123619365009,312.7339427772383,299.6280640142455,299.71645445413714,286.01938140967457,307.3514659957572,323.7699379838852,314.101673964545,318.8667993682584,318.04496311488685,333.1658443416417,325.230662218714,297.93975949363715,352.6301783927911,459.3310733433573,358.31396843252355,357.87393855467,296.31937099616545,309.9263215839901,289.5994853762775,301.4110528522196,298.00981905848914,280.6131435905111,270.5029624600965,234.48017893334483,265.1515940041063,270.789400510592,245.50230739296973,238.9860371745636,255.02776612519105,244.54462006961512,231.61934192139228,218.8588231839068,207.62730743410992,241.36452005039095,216.58938334888168,205.4492299610714,199.0663195264342,183.34731176716653
137.54648974340242,139.6886566392817,139.4216220114353,135.908066771195,139.104563145208,119.27438766484184,114.29692152239376,114.82390839848688,104.19769485302244,109.89377194160576,120.88243751867677,103.10435511120836,106.275265097103,109.90878860193324,100.34850902989194,97.00963941067256,112.69030372087524,103.85714643718588,108.0329110462028,113.90523096651197,108.0093353115654,110.07986267657668,112.4830342498756,114.19585354157884,115.1366110101105,116.35874624355178,114.27225948155022,113.8852994970341,109.578624743153,107.5574749218154,107.13137155671654,104.66157414953923,107.81108774943382,82.04076745807575,89.142496771111,85.89690607789892,86.14800801501299,132.03153081356731,131.07999858243548,140.32675237175567,138.87973428615695,148.09405047094776,148.67580682316722,164.27096453103906,179.41102833739015,188.05967228114872,235.52234717738529,231.72540872081817,236.9975881779955,255.6070917893285,235.0762790506057,252.97379878942905,258.2277307214879,257.2151192084735,265.72211464344844,282.35759703285845,278.92730288659413,246.90567028846763,259.18357684451,260.7976622926526,279.9805770392014,265.88891779143165,251.972366588744,268.8213793116346,370.8909323487039,289.9065682015354,292.8507484037845,262.5641537868201,258.97286381976016,271.5195725988826,263.7634620711049,256.6466162053175,252.26217585529383,261.97534841812006,249.0652823040952,266.06226374806295,276.4615662429313,254.4245292851864,268.6327964992649,264.63057453547367,254.8056698552177,262.5847295764206,246.2308036494212,248.79352657672783,249.43668382068597,255.411674072198,232.7773126246416,241.0965148931081,247.59499644498632,238.5955932538492,265.8649403147518,288.9489385612401,281.4676252033862,268.6775904988292,311.0583202086528,278.83597709743583,278.8345160360929,269.28483258013506,273.4396390669608,270.709729355312,279.14297429255697,278.26560396080816,269.3948669359476,267.0808066249527,319.4578127570689,318.4397109280204,300.51750187827406,322.60473199518606,336.4677625514324,333.00550608681084,276.2761082593269,269.9037904802199,274.39641356842,261.9396938788525,245.12117843074805,308.4138076650625,438.5021587016993,317.4100742947056,317.62154017484545,252.6439201476172,260.3733592062265,241.48180001818943,248.28564349926316,239.2101426850219,225.3465903019593,214.47065737830945,224.9578746639013,280.35643036939103,272.6139579465642,223.64354205707343,216.5096592851244,237.22025466431637,230.93664997970072,212.7846584095898,192.76838011896027,179.41618578238462,223.9004971928625,194.1339096440153,181.8104746564852,181.5714603438442,160.6309676806932
248.93131087985955,238.5825453421708,233.9056815973213,241.82160274313412,240.4604611815353,214.46504190205425,216.75814523783671,224.73380606707647,205.7695733374344,190.26502612897943,186.07235365621756,180.97915485522083,179.99547619379746,185.3937420595098,164.86963329263534,172.67003982292584,187.23786696508023,184.03659170485443,188.33188683994237,175.48608629274338,181.73373505205143,190.7827016026419,169.91457908375784,166.81607033818506,176.74827207865889,166.2100853616767,164.16553401429437,176.44035465968298,151.4531456381644,151.95297776518478,162.83514006380395,150.79554503501913,151.14523723278816,201.0628380794627,192.2244794252001,196.597403630128,215.0831790710892,186.1960704637374,184.30533991970196,183.20716830106863,190.03190908087225,196.60130366760225,217.27257215097325,230.9082375993025,244.80728238848724,297.5627073649447,308.6225917558407,372.6177393523168,381.9508655097661,403.0582716773405,391.237638019478,444.1708550198741,422.55282106273455,384.9753860564066,415.6991501313415,457.27422344221407,474.2021507179901,469.4466080969225,503.1912442465746,480.33951390788377,427.7731952374444,400.6177539364326,433.6892631629745,448.9250212620936,479.9795226749264,471.7277017836521,449.4214950057574,441.4388662555628,406.57749941296,414.6487639227916,410.7676743340061,436.9696915416151,434.7596207690112,400.29363064301697,417.8185771258118,423.1214737500716,414.4640019279647,426.0485532636969,451.34164866429376,444.3282489596508,397.9352229128765,393.2689592123941,406.69590159297593,426.2516497262508,416.05274380399976,395.1043820858688,376.2641197038631,361.84032544733566,370.3143016522035,359.46894166733074,382.13446053144384,408.4432783504165,431.056544538674,418.2108149717034,417.71200454687175,444.059386765132,428.6304775262983,420.73007682183766,426.9404984450122,439.545673099389,448.8300049812229,414.95022034019377,467.38397815152143,424.36330825915087,309.9894354473973,328.2529233946468,351.80134575937416,319.2520543214046,323.4873884010496,289.6820543158915,396.36975547471394,391.4902282967514,399.1592980303506,398.4034249656085,414.8568055286448,396.2322824106776,375.5800309813357,377.9369102789667,374.5841841773546,396.87705183706015,399.2277148642942,379.2876065634504,352.44310238680754,361.45124111505646,369.94242886486575,393.3778014977925,373.490098199168,362.2876574501535,372.8107775023507,381.3678043530814,375.4534404213068,367.5185729394168,388.2011901643559,344.9042335489555,346.2943908220914,413.0113818899519,390.5748280100481,357.2624163002876,359.4155370315115,338.0395401396415,334.91644403788194
335.891275988053,289.83524744177333,300.97437163057947,346.8203511049267,362.73990969812655,274.5258086946185,287.59433390814735,254.66798345753423,235.7922484676426,228.3616738157049,210.7032362098652,189.61912391213883,202.28439750104585,210.1090081346169,179.94787892340338,198.7667971664815,165.7876231673367,145.0329848519854,157.79744853191806,151.6381218176628,147.3493308318394,171.67836785489058,151.97110362200283,146.32478961360002,155.33193202939842,153.6710905846333,139.0603705643782,157.205637424692,176.24800890240724,162.31089183365256,185.584396797025,182.7383348087528,182.67649496544132,182.1877334213517,176.18828478890643,167.85991185342075,184.89863378216583,177.92222854484257,174.52755965918035,173.55434044693277,179.85441223863032,201.71830815753816,215.37166829611724,222.54022106361916,217.5095804276112,277.276328240583,283.9467143710949,341.310273464803,357.0043834764633,382.2517510805848,534.6453436991713,540.6593290262358,512.5965860985248,467.2226401383927,541.5902260882552,615.7644470325085,634.0326562833902,663.7647913417624,628.8075026760189,617.2998355727315,640.8266028357785,620.730202461135,723.3319846795279,746.633862030952,897.4533538221314,887.8673124455328,815.4926512314557,762.110243891534,658.3493601744923,647.4256201077382,661.025398658776,673.1192780398708,702.3121299119447,640.7369402956768,661.813820982227,649.6527999970924,679.4289261147068,611.8523078786435,661.8893784002454,687.1958511310149,615.8550779167629,610.5041148159356,579.977319689534,666.0301974338628,611.2254590790228,576.357480617136,498.1587967014194,485.5378675199956,526.8218064456238,490.335274411012,412.114413348684,411.4197538297209,407.51083330569503,377.8846122935101,383.2371508359563,409.6352174893772,363.0537913136052,357.8307254033991,380.9683910012265,411.9059243285628,410.1559825563896,386.5682121175201,483.15937688193566,412.09744830612857,342.6252609571802,359.2843272492088,441.00846209484416,401.4105111656487,435.3086426892623,356.91729732844016,380.9919643187753,350.6651529611168,359.5537486335928,375.0739186261743,393.82553135845376,354.0211258216902,347.09506764698835,350.4886663151072,334.65919196058024,389.3909559988364,382.48757644316487,359.2439219415441,358.491327909122,319.3762459681038,296.93885630249565,314.501843572765,394.1999955509566,412.21956783679207,450.7928984157098,444.83452495797184,431.9660775209441,394.5105911115733,396.2198861487352,363.706844449871,352.6180452643956,380.247176439788,374.86101637025735,421.8825942302949,465.42187598803,409.4798921112762,374.1117985543113
383.2372052635751,347.5157038224302,396.2065380780125,393.829310134652,389.8708937095138,360.5084509659659,348.05253178917565,293.62997705063503,301.3707255635148,296.636795954805,310.1092483085721,262.99371600466577,237.8739544938905,237.24706614546804,230.6605341705267,234.3305624028081,202.8229368956873,193.30929261045907,197.78497975209405,194.40228935914615,196.60576803573613,233.4037706508173,213.4067190468719,202.3257294403004,197.03487035807964,192.3733299134825,179.71953817729806,186.9837271033534,207.79606955338343,202.02165687136605,207.53022682204,214.6045279422328,213.3990235868048,207.45611880059408,202.3812027808896,196.8451967389529,207.84534548013724,209.35459793105548,208.01732164059143,214.44912967318183,248.9298489004711,305.2072731967868,295.9229979788756,297.4078663447706,311.38810725504743,396.573574150284,420.96073462969457,490.6687716178101,529.0610110136438,557.260502565065,672.5747801525589,688.1331590286869,719.8842469653637,705.7636450535116,772.4722867188581,820.4823633016636,818.8179787305342,845.8025631335349,864.750665071141,832.5123157843822,918.1584738439652,863.5307292995665,858.7955491382792,893.4709072626279,970.5854812270464,932.8660904501972,912.8631341423916,909.5093945120432,894.5164176695981,865.1088815232916,884.0354395615719,857.8848779784346,874.7472466894125,831.6191880831065,1040.074474287468,907.7442302314836,942.9781500480832,885.8705588499388,859.9621769151892,852.5408308516757,811.3383838236405,848.8129782760753,841.845574030391,876.2398850275811,851.0778949677574,792.9119749843173,756.0439788375854,815.8560634493163,829.340409168636,790.7226879839719,681.1502248561067,653.1575710061803,632.7723076625268,640.1010977130677,647.218205650239,654.0932276343999,610.6819454646132,580.060763858569,627.1756071172522,608.5656322577669,601.8488342946719,593.3141617299812,628.9861627213586,582.8871216658227,678.8729272047037,687.3908794922753,710.0585513276781,674.8206335181444,720.6451021069709,687.5616423308201,556.6318001118458,557.7047027198449,582.7395644857655,580.1593561496655,569.4199444283101,526.4715469200894,527.5025459353658,514.0166997064466,538.8370456237185,544.3269930402854,531.2894681816326,499.626807832042,479.56209064429646,463.66380727187465,446.82925916192704,478.9975196095917,519.2661461654667,537.5865006244288,575.2368004397781,561.572070887463,511.43458712676215,497.5098700505207,529.2003740783275,440.3820115042664,444.64988224656497,481.42615000490287,446.5000508836228,462.8838506910034,461.5571851525111,441.8735800116516,413.0756038410736
399.17037679830906,381.9509609957654,380.4691920140031,354.08189598056174,351.67378819303656,368.9313001670062,358.19752488164914,319.69214956065935,385.5344253847634,400.5269775660399,519.5305807653363,366.4676884271096,291.7736808995594,296.35783417062686,306.02737290773354,285.6859471700793,252.9074127555064,247.8479814744733,243.25678547322465,248.13102966542485,247.6151838614228,247.63757376013723,231.37685903659437,234.89356302576812,227.3151345954217,220.80347638257027,208.5090634758449,207.4100282514415,233.88207392856597,242.2266029399328,230.17608231411683,239.75845143594933,247.1199481169884,327.1539194017725,317.2768607993837,325.056069298768,322.0131008597323,230.8130725021269,238.00345782025943,236.0207416891927,272.09724259422194,342.294082011804,324.9464416783157,344.1184901952845,380.8857432041958,474.47985183413095,508.6004286936701,611.0463328311416,671.1196153275336,710.7425308652962,916.3466470673296,946.5356331503644,1046.4692314715935,1086.8146167609784,1150.3752592636235,1269.5419676237616,1255.0241063574526,1309.3116486138174,1419.171656534086,1362.0705902407767,1517.3520482711276,1402.8299617150103,1419.3028368684538,1509.2010814613998,1613.4213788123957,1552.9609118727683,1596.1730504893137,1619.6265718952973,1701.5705429675977,1681.7727667814886,1686.8813664860804,1603.2016625531323,1540.004241045823,1482.8031403160576,1621.1819238789049,1482.8215598505053,1563.68895434154,1525.9781076035702,1435.2678520746692,1437.3677145911145,1422.8463586915695,1406.1806740286868,1434.1639564266457,1422.3185423866455,1388.3242270873377,1329.6797384610668,1277.2189481411965,1375.3070756321524,1360.497677842459,1367.6244682300055,1226.011349429058,1140.729285800222,1122.7921305662446,1091.6245923407726,1157.4759806099046,1162.9397784605762,1145.484546965448,1066.8836325461075,1132.9147831966775,1032.2716672990653,1042.1114001228548,1051.7525840889832,1028.0202246226495,985.0583490014468,1056.047554576372,1010.489020652422,954.9312517954522,885.9338416078527,887.9089504683249,862.9894486942529,767.6161375544499,744.7421063739448,766.4879456571351,765.9650089823906,709.0175104846929,688.9259937383741,676.6710734728323,676.6752045064809,770.9882381109469,718.9859611941114,671.0057690628471,624.2737614127863,601.930118361058,596.2882861315315,570.8143567517712,588.5277245837411,621.3010754101762,640.7454209750879,651.3963689113589,625.3949247146527,602.4237186775508,646.8106571304393,644.6439229691223,541.6737719034338,539.2211210065551,551.1317506202196,499.30552330959614,506.0875600192933,508.9942741332085,556.8597958648236,532.017791080193
517.367130247615,534.0499107443147,577.6524382805417,518.2272044822981,481.4719604237761,461.4250265017637,420.569421294128,390.9281202043287,404.62389696626457,404.62140422601726,488.1654710256001,369.5257239586911,321.6822095544882,334.2925563796,343.68299518470764,331.14970816095064,271.49900515074296,259.8441029877801,263.2420083720963,289.70362017893547,284.29318265823093,297.16180170446745,261.5722832419856,253.84374348044489,269.79172677768315,250.7072168859148,226.1961931838169,222.6575620402332,265.8799596351778,268.5033235983528,256.61661467253947,259.8978194375194,265.7137565354557,301.7995016403953,291.27992374737585,304.1108433056966,310.679708333898,227.5901905702474,236.14400384228875,233.37590673605183,242.9614372651652,290.6189106539053,297.70029848070664,320.0873100774808,379.8162045799901,493.4174475789363,536.820360553417,683.0979365188982,700.7746363140899,723.1056041844756,1016.1301249833568,1075.7369629573775,1190.2802989932418,1237.950675725855,1254.2710532047286,1329.327817980229,1397.3184814691442,1456.6973651460555,1536.643360643704,1512.4418515950767,1634.159096381081,1541.4024300697504,1669.8480927323387,1677.7730075185734,1756.2974448617977,1792.3972319825095,1758.1523307751768,1783.4534098558024,1846.2094465254224,1896.6634448897128,1808.0778264036344,1767.62304495453,1656.4302383181705,1626.7541894597052,1663.2802140021745,1638.079419535398,1631.32474738625,1628.341057156567,1574.4581072545543,1636.090043970505,1659.6501048213065,1612.8330699316095,1657.8010137466392,1602.3185852842987,1573.2476850596252,1535.3018954850677,1370.823549884214,1354.971067500095,1324.2559641889566,1340.2393990807832,1125.7445607485065,1153.1439682210282,1197.4606442934603,1166.831418782081,1221.7675911279105,1130.0040870325108,1133.729739412356,1088.1427095907716,1128.080906329711,1095.665243531755,1119.4696470671486,1114.9331960996924,1059.1014950849644,1042.2399868866278,1126.6715424073464,1106.3169585280398,1118.559980354767,1054.9076204397463,1029.9716892665629,945.2705223365368,838.5410129925468,832.7758737770678,833.7260825936344,821.3853836626888,816.7203873381898,807.6133239853767,765.8180035438726,737.1114669908395,754.0538296512899,701.3157688419478,638.0622278078857,594.5906811698449,553.6006728153803,554.2690962150116,549.9831770877955,548.430016878744,657.5463373724058,660.942627884201,661.2181123772028,650.0203437368212,627.7044839767193,619.5716757047898,661.8486504310608,634.5246757798812,618.6678943211094,647.7623718504097,621.0345219094866,667.5817183040174,671.9326556805635,793.815951003325,810.0583771783308
357.87343889111816,448.2500433956674,616.0922930526098,563.3958421655939,442.236066916021,406.5244754966994,342.020611458175,292.7959120276662,271.4604788641251,255.2619936163225,317.39696935469266,268.1159026911829,249.70322133507705,264.3723140770068,270.29046595130217,293.75248729784784,337.80211547060475,313.5817707702471,325.1881769190028,324.78925616674223,321.43644967986256,334.7890723954475,328.9803583479462,292.7155485789968,282.3125058073522,249.0705088212056,237.39344431466188,239.16863506300265,214.74563499601567,211.80057065731447,208.87012873096705,215.1943190069124,207.45640242380432,233.89966755114023,231.80696051872908,235.46650577139167,240.50353202119305,267.79060020892274,273.67782651780306,267.073076135976,288.4561442795139,320.6246869221547,349.7225245203082,385.7908195341624,468.8277309740976,541.7785970260524,652.2053749804485,858.0841134751826,921.5870443653378,1023.4685446854552,1100.0081747463607,1390.903769365107,1737.7931103935505,1850.981588997076,1925.9032892915168,2021.90400927224,2260.4057016922,2438.573914952239,2550.438452120927,2554.372500463428,2720.8127708446727,2640.825296422713,2842.657907500969,2880.2678625647973,3018.69148555603,3107.83258407274,2980.1507432496383,2873.5557765471217,2969.071288691688,2983.6619041086774,2887.6148379011,2927.9053207772517,2913.14415331271,2757.3022201336385,2923.5108221894766,2948.626499921416,2767.2498366753107,2778.0572688510942,2661.213368775629,2788.68442272228,2855.738116813337,2841.4613357416883,2825.898328804912,2622.553134543504,2691.279904730642,2760.2020418943744,2567.185219281177,2575.239871097197,2416.249908493014,2361.7094286851243,2801.549486969319,2886.893499289385,3051.553390114611,3043.432204536988,3183.8821963775963,2973.732971464982,2945.273733069274,2749.312004421949,2880.020053756812,2869.501787332883,2878.713233221651,2834.889317556699,2620.902920957384,2437.1950219964137,2449.867741905961,2321.083297656992,2142.8206926050007,2216.1415405183684,2146.2201524037414,1906.218088167024,1807.3433838407657,1718.5770494284816,1487.2664900318564,1470.1527298415597,1513.185905867482,1355.327867158747,1308.7795462534918,1255.800840969626,1166.9653606114855,1124.0037489686476,1114.6010744655948,1010.9015252574502,938.0001228011912,905.543769780004,854.5285284239101,844.6399829851249,722.9834637731291,688.9611610599125,674.6461514407597,641.8144432146357,605.7388553139843,550.6071248534222,590.6126405352062,621.6895124860516,588.546252144698,673.4979344092833,633.2287448115085,699.9570305220624,657.9490529992972,617.565018437785,625.2442092221246
929.238346543105,901.7149115082484,894.5932632531466,799.4757667929805,775.1304614985607,710.6242274682327,747.843638486058,685.8873657466578,679.9004801166013,626.4347901885485,618.700967982022,552.1443433760121,518.5440371873383,550.7414831006093,548.6209133603063,614.5453694949887,343.9616760076082,359.20616269368134,347.4299293913775,325.062083610078,305.00551562815593,323.2567215217938,328.8508035511775,312.8401841723033,331.63484181272634,301.7852959525619,302.1255263563724,298.3456971585904,494.04334877942927,486.0415434728122,491.9970975089931,493.9903774448424,476.807043937645,265.23478813461804,257.77587150615,262.5694193504723,266.2294010064237,311.34903451653435,317.0206850615352,318.69252572791885,333.87142204337044,351.6572717049469,372.9368297414081,411.2122086143913,479.2435735838993,547.4128349596356,579.3195928308692,730.2727722830524,853.7695338965233,1104.7999746269738,2233.235965233686,2887.7536452965496,3531.8817702562333,3854.826647079255,4144.211684115971,4229.5534654604,4456.854525101658,4879.987793089012,4987.22988124202,5000.968669468657,5441.471245648279,5385.654867964593,5760.726090262793,6155.115390417203,6131.447401445767,6144.564432586867,6129.524119060192,5902.004583695085,6365.513248302294,6432.162197072948,6372.558398851344,6282.741652079187,6716.791293449152,6262.6940043829945,6180.670509869098,6618.73539857546,6388.030524204481,6267.268581088753,5958.355283146914,6311.11545340857,6286.907648308188,5888.558053349711,5830.197279511832,5397.23831102893,5299.79884670009,5323.639399135113,5204.119589220211,5365.691128987756,5205.436957658521,5181.25109300483,3093.599922183546,3062.898085105176,3121.6855071489986,3284.3344980522984,3445.5610372086453,3152.249941381585,2900.572875418853,2750.918400148956,2843.833655112061,2885.357190742616,2757.649100107866,2680.405973957624,2619.929499467079,2371.7219788010284,2490.844726095884,2470.7952589627407,2329.5883228206862,2337.7557845517736,2218.6647308792085,1835.0497215967664,1678.278635229471,1510.79306073234,1314.38222895306,1298.889170376914,1232.7963153550447,1100.0280413881076,1069.6473957812302,1167.5307345851843,1166.70218372951,1223.4789476085414,1257.5530325260706,1108.081435779466,1048.8491552677367,1072.570110583817,1037.294548556659,993.964422326036,1519.639442368848,1411.5240537693203,1333.260335428385,1277.5622949941994,1418.4637063086684,1326.051316359092,1315.016178085853,1387.425724334677,1372.9169465127668,1449.2868174437258,1418.568603744153,1417.0170679605412,1323.9697007675495,1340.986353169512,1345.8149737989258
642.5497377960385,580.5962175373062,546.6340735880652,528.2092428217908,504.0192485802309,467.52451876240985,471.7394450958855,452.1711450610308,432.7143330111404,395.9104435869895,407.1667501344119,363.3969554159413,370.15483370928814,364.5616057143886,353.05120223619,375.00533240436,281.80180845776647,302.26265288454823,308.5360024377773,292.0409746800566,271.2486314782599,272.4404656493952,272.9353467712795,261.90579890679453,274.2471389122563,252.0913814561644,257.54559150192773,260.8538828094649,281.76511841652683,301.09033935189825,310.1195259279035,310.046867244614,285.8141999528567,278.9211434421626,265.20178556677865,270.6060232965232,282.6097965447093,244.9249054062442,253.06170876580683,272.90777015920736,294.2946144164867,314.63450171546447,323.1108951046001,379.6564429091704,449.965144524604,498.6676094602432,488.01922351268126,552.2874330864048,649.7376504473846,760.0430074967043,863.3377951983064,952.4577398694772,1055.3986613099844,1046.275011403538,1129.9461397408263,1107.8900955695551,1093.650388533551,1105.4701362135054,1098.2506823949686,1101.4909004876454,1193.011882481627,1201.559117931471,1210.6180118038158,1343.056937203727,1303.387897245385,1337.3117263994534,1372.3463630755268,1373.5301617216526,1356.1558797632706,1416.100215715839,1456.5653860878608,1379.2071078944496,1365.894027905111,1367.8592019280682,1395.7174933419203,1441.6084936025927,1399.1218744382393,1429.8231854646529,1417.8390977214451,1478.5577594719823,1542.6403246932784,1488.5494329312196,1612.3302490313472,1509.4086896758806,1459.778092919452,1460.6187635421245,1356.063837089093,1320.1631797740645,1347.1407276809095,1400.9822057341007,1184.9956442019063,1116.2944810209788,1143.419606313383,1156.355276031228,1148.923130089704,1115.8066869255044,1070.8610255081812,1077.7017373285585,1039.9345905731811,1099.9113490654304,1062.2364795524447,1005.3259124497724,1005.5701504753106,958.18368037025,1051.0379429196107,1041.5615522150945,1033.9073127975958,1121.1979542074978,1168.9092896467296,1002.6637201814286,902.7142399881296,908.6082856615776,851.4235066162721,878.791936483967,839.9843626466637,782.4761689186929,804.5627181359577,924.4245205922208,829.5692936318426,862.7103779366556,833.8521772605222,748.242094383661,753.5696649393749,792.5311526224258,764.8147529076822,814.0970497743075,955.6513128103034,892.4890766590892,923.329593120778,859.4382091568833,921.857764922048,922.415105130972,904.1878646950186,965.7710871544404,885.5819971715865,932.3454480810002,930.0921254331306,909.1254563677712,845.087865251261,851.3745537193778,873.7381407760788
523.3465168048762,459.3083106405317,463.2522371360631,477.45979836776,443.1494142911839,419.820796868106,414.0547390111424,417.2685586699161,389.0839109437852,366.4374113228185,389.5787442911292,368.352098979796,390.6225801367667,360.3028841536681,360.4599654526996,368.572142773126,279.91771790945967,276.321379498005,281.8359317107179,291.796636814716,273.50299552414344,266.8676173030195,280.25575659375403,263.81996516994616,262.0308466201119,254.94603220093668,269.3419395470904,266.79787956300424,301.5690690229422,321.7652168150716,335.89636546966057,341.871772255523,313.8182475426048,288.5602670087447,288.09424264283587,298.9577473403967,314.93310408727393,267.7277170674341,271.8426401116151,290.8486051000373,313.8376237872569,344.01520493199547,344.01498183773947,439.4938691679279,531.7002271389066,541.8420513603324,526.8472804692838,591.4425096058266,669.2289409998926,777.5641309941636,941.6724549605384,1030.5753385303185,1167.8219359660516,1197.4457869516589,1269.6060325119445,1262.557920701928,1280.8295791998248,1289.9511065182546,1286.591562967563,1304.6514968981865,1404.028468965476,1453.1203943554106,1445.556605512145,1623.673518561295,1581.2869993690915,1564.6428055278154,1732.1395017065945,1652.6174830039322,1622.9265552340132,1726.5361512228342,1878.1651417778107,1709.446043737932,1685.961264242962,1698.2406427432068,1754.4676989438408,1758.8581322752325,1692.9011109840271,1708.9564677727758,1771.581870946252,1815.304447233457,1947.7928994247973,1897.244327372806,2022.613187444371,1854.6365452396549,1806.0270719654025,1825.556520105078,1722.463281656981,1678.081973439875,1640.2623248378395,1696.4248160412749,1443.861006736892,1350.2305696791518,1396.7767579487895,1392.0018170223286,1332.8515043985994,1321.9494057495288,1296.2330939718397,1290.9642384927067,1239.4006004715093,1239.7852297322506,1235.7654249671891,1189.842339062972,1226.4256189361097,1255.97003417371,1003.6941778387474,929.9665135267996,913.0170610655754,930.4735560955623,941.2678411901728,826.8989535300724,1027.032815133435,1034.9285031349862,952.612389472814,931.8782626431176,950.6312124863762,881.4535536682467,852.0503837613193,925.5002700813596,883.1356690336025,857.8540717383237,787.501769287788,724.4582430415243,716.1580814385791,698.815936012441,678.0828880868481,694.2606976774475,860.0908261413256,836.1927483609414,812.9053983539076,749.8666341497387,797.7637604379402,820.731074258908,769.7364693816977,800.4051381992354,737.645840033863,792.7051623359838,786.2089090933124,751.0446424599596,680.1844749800736,661.4842637485082,669.7953538934092
254.01416985335376,240.46199000099065,217.4034999870109,219.69308615598771,234.64109998859865,220.3212442960221,215.7497367483668,215.16828313782497,217.51630711450284,204.2734739383644,209.46688965542057,205.88074001768672,193.2956305634167,177.46808432967848,161.96911031901854,171.0223288506587,277.2076466281575,259.3103461052668,247.57572801070145,242.15382624407772,245.65764288583705,235.805289184346,235.2982133944592,233.5201865705984,222.7766163511176,226.86879409581013,236.54719257856465,223.36539877790776,157.56668606522842,171.12760720258007,170.46517062769965,185.28119271950396,188.2032233240089,176.50103789787977,178.2877818263742,190.81769344045324,189.6576707535245,259.6543043805225,266.95395121986604,278.256351172463,283.5570759415877,317.8410950432984,317.405630004537,329.8591537122996,398.1415702109852,433.467865567641,488.5859322642632,654.3653237968301,651.914292818644,741.142548707329,587.6533913229587,602.0757988313561,702.2370653954207,858.5042873214296,964.2335046324922,955.4489927227202,964.4363087631916,1002.3745711839262,1021.6201199527748,1068.9066961671213,1126.2081954919563,1216.938505221391,1184.658947017758,1285.944830436556,1311.7225609471957,1326.944126157142,1341.3140123842302,1269.1118574241557,1283.441894433117,1300.3465327089789,1527.9441772241685,1438.8729747020288,1407.6297402233329,1395.4662892736808,1516.6436098428435,1498.9650240062929,1502.844246172565,1478.161364823449,1559.9669259956524,1555.7333712286686,1594.4879036361406,1599.904635941793,1738.2859417862628,1493.8501986554545,1556.3775372821156,1572.7103451900707,1567.5547088349758,1572.3086956560044,1578.7028159954004,1503.8887449970996,1936.3156692597988,1916.4152268617008,1875.545127455341,1781.410241866231,1696.6896737056672,1661.090046613414,1619.8353818864591,1633.988514232314,1710.6400425742927,1700.7840504418832,1662.7224002215248,1573.430591798836,1730.620764121013,1731.1148753199516,1555.681733511663,1429.0637572681362,1520.1508197510564,1435.3908554063837,1376.531134452766,1237.5224592728196,1286.153593481135,1215.3299035871985,1131.432779782096,1011.2517181653265,1078.5682866026991,1025.81654080148,936.7851875961488,908.6706178571528,942.3530188951576,795.0402272306598,761.5126838403792,779.4088249540038,721.5801311843686,663.3149884711133,609.7867648036977,574.044766442434,409.0622889721918,397.1080661173297,366.4103958944757,345.68800009888,357.86789479154515,416.5158955463245,362.7750512239856,399.1999450701977,357.0458493799757,351.35986563589614,336.6944801256005,353.6942176450415,310.553544531861,301.67912833996724,294.56238875295975
247.75969184449227,244.14501393480683,224.0136902359864,227.1547396704086,225.85475700540292,225.3000249038776,231.1392688544691,226.2597009073889,222.90672523129493,209.25228685771876,195.4661183287409,188.8157841997925,193.6148390184921,187.88322992366616,178.8286611214992,197.30827723990905,211.5670683604712,212.78634728083716,230.5119144387243,248.8919493385048,254.6378796711261,260.3148317935032,234.770219000522,221.8376406348909,227.25256846946465,228.2369336305721,227.8427517565743,221.9387850426608,194.2717959178163,194.8753906443748,202.58296811892453,212.69904329779123,212.98937742280552,207.46037802909203,210.16923240032625,221.72624268353505,214.5675161147028,250.1776812158346,251.68048443959125,267.5144954053114,274.7818111843377,309.75781169026527,336.0568948468246,322.4104081706118,367.4508524726545,429.0494651735802,478.8410368148402,645.9132629094162,670.718471669885,751.7088447953878,737.7235132985838,787.2324462795625,920.5816271364754,1081.9657095308644,1186.1347184529186,1203.8392194834064,1247.9973769851845,1303.8183894887698,1401.7930862658843,1425.4798018739991,1468.7915764457537,1556.8530456925253,1555.4688158950337,1666.2086201824577,1661.5173943327754,1716.6921558859249,1791.9996595227783,1784.3621590277264,1791.5259730279174,1728.292575700504,1798.8592590197009,1787.3622752986546,1878.24026226358,1874.7563551504115,1857.3618980684332,1946.5767688585056,1944.001687861601,1999.113301077744,1998.92764945482,1925.323302952396,1947.6311086658525,1937.284803871692,1966.2578926047584,1746.9897562640149,1860.2668901244836,1814.2656263004264,1888.4026585577783,1878.6524665278907,1809.10335308054,1679.6525928272763,1833.9970574054776,1889.784537491033,1879.9521012671776,1826.7787203128075,1733.941322816971,1691.488156721486,1701.2528447428963,1707.125625616945,1682.1351583866576,1679.6203600837855,1569.1797567308122,1506.346440401569,1539.274907941254,1571.1097604713611,1570.1674765824607,1606.9654719942646,1568.205986092136,1541.4694886906104,1652.4142434049104,1396.8392431484228,1246.0258933396974,1194.766874759135,1097.944810330583,1000.4007411538474,1010.8972206593636,944.4245206192132,902.1691629168632,820.9005206922823,774.4620124356206,707.7472562477572,709.0388099368762,793.8123366421402,712.1009083811722,666.5343124410275,600.5518567237523,596.1457646178044,520.8270783868263,506.0524685818272,466.6333477753816,450.44433037687975,440.2281780173004,499.2707626648845,404.6919456289279,406.1435801240212,381.4236734868824,379.1448672274488,437.73762627224994,603.0315494336998,441.40346690321456,354.7380170494763,352.1596682171924
457.3386125367479,466.5029120844184,418.9592762156752,396.88242626261706,372.558096176091,387.1013094829473,434.2863658749727,393.49189795353846,412.2637325453189,386.0672573295718,350.4932272783338,358.4536484282352,294.69841330832656,284.2249051899632,266.71182235098394,276.7015575850724,229.5069494750333,230.63320066707183,233.478133462174,227.1181521513326,221.0298209580036,236.56254750857727,226.5637271480093,218.0785345994213,229.85546707821172,236.0997673615332,236.05012952205067,225.3509921881694,248.5583705247413,243.59190773787589,253.20176364940195,246.90745624037567,244.5472573860913,264.16464676756544,264.8957715348505,287.5093354766587,287.07785457856005,264.44300353276446,274.61360964726424,304.97859737144347,291.4527473946009,423.9402335160375,621.3746949547387,529.2269664034877,550.7846930028685,575.0579115741511,637.3606659890564,808.5350348129978,922.4060521611884,1086.49847767215,1309.379661338955,1411.481258420407,1730.8563873131582,1829.839453394062,1976.9942659123392,2113.7133068346966,2231.568544103939,2370.376652994756,2483.1901708327846,2616.9628881372546,2724.756533815314,2750.034972754961,2775.23306843482,3075.673199828088,3081.8749583647477,3101.8185813929613,3219.6416525887425,3200.400679468009,3199.3018506329768,3095.867552746877,3163.209051971825,3150.2477400127736,3348.1883250029305,3535.386710010379,3265.9576407786053,3400.97801149499,3575.806891365969,3456.405233554796,3462.561471515454,3409.463078950352,3326.2776143890237,3218.2570490250814,3296.323845697661,2942.1387100439906,3014.157721310826,2990.192630025032,3181.4130377847323,2988.2213823571856,2835.505477523343,2674.476063241201,2393.14381172265,2346.3154959869157,2499.269254656326,2489.4337212159207,2389.923497162298,2315.066735894895,2305.5592597280865,2284.260344703549,2211.1702529051786,2299.234305908783,2114.316878014959,1966.117485264476,1870.3163534813227,1907.405312520881,2664.870284390535,2802.0593236688105,2778.0337697309,2694.0890401676693,2731.601999357053,2380.9033460657183,1527.4460112797112,1427.6816452152889,1306.327117991154,1222.4751982172902,1163.2955770299252,1079.2738768916324,1022.0881022963474,985.5816632224244,960.8793768410172,903.614965009535,793.6794491666624,828.3393846781955,719.1141621250305,629.8248756881492,605.7481245075794,594.089037376726,583.8663530547802,568.127860751851,549.9809948572549,570.1356823592728,568.5755886460752,620.4730104338246,531.6488188372838,519.5164023296564,492.4818677653831,503.1579023873794,492.7937724015618,519.9020850584541,456.9329489807519,450.6558280395472,460.28182218175976
264.17646684406645,275.07056932463297,226.80836945202884,208.78826886068592,193.5947688938417,200.85880673026625,254.75964830366195,238.63856274140804,297.04766793758495,274.7895514075616,230.36310989105056,253.46643358823675,212.5507410498005,212.19979678892065,195.6098063226205,240.814443265816,234.26470018423052,232.96144939130687,214.5728333838973,194.3669660944315,178.37390125417167,191.70127509220924,182.24050485771096,179.73666049583568,183.655540495956,182.176306707744,181.3468643737076,176.62893776087768,163.5414259532257,156.71124736694435,162.66346843809478,156.60190027571753,154.37925701814365,219.09992593202048,226.17621857021092,240.77269150171733,244.621455098209,210.2265646292064,218.92409464500955,242.43031024189733,245.5162900305666,321.1254978457789,427.1746155978867,400.2314590839946,463.12692474598015,473.9067044313895,529.8479638615429,669.9925039197128,791.4591200438049,906.6566877509296,863.7602547634136,946.1071824864612,1174.4510717948751,1241.9071338349668,1335.55035651795,1409.3530210167808,1479.8944018071402,1491.2910119099772,1566.7574987902897,1645.32052253181,1716.8856449800255,1769.6913575217095,1742.693366357733,1890.216829426184,1897.319555905324,1950.5156440165665,2008.466770270107,1922.2740037350345,1838.781180457529,1895.991737909861,1921.611616778316,1930.6162374504167,1977.8481451172172,2008.22325370438,1928.3863402407333,2035.4561343957405,1986.983504854176,1972.5171279472609,2028.4430082895287,2011.1918264713488,1946.171893196409,1892.9823033531256,1980.511446282003,1823.552232063208,1848.8727556210083,1854.7118122581949,1877.670404316694,1793.112740290054,1737.5842477606736,1659.0659147964843,1844.9705383189687,1743.996537187732,1789.4247417179567,1789.8447719440912,1699.7079655652,1666.659343154137,1701.8601631460424,1655.413617140481,1543.9109945286475,1634.4284458220202,1484.171417843609,1431.0661468082374,1391.8948979543184,1429.2807046656667,1260.5734431043854,1289.996181778766,1259.7291420926963,1254.4654960273556,1252.035271835356,1140.9266705016769,1156.8975139374843,1028.2920671829847,911.4746745096608,869.2175680346742,843.4750152001212,804.5508151955644,766.452143860342,771.28620918764,731.2380948388295,668.7907194419543,596.9915330097837,633.313320454872,559.021020711169,489.4026371092274,499.3795233103032,444.1406449220184,368.0598290395767,421.3754552051529,402.8802972045317,400.03876277785486,375.0669072806245,386.3047674756666,336.073337078952,318.34974901195113,310.54218642813737,319.59893867235934,303.1475386175569,301.5129641912915,291.0325470562509,296.94839276752515,298.64570901831377
155.16983873800626,151.10755942226817,118.79966624557343,118.1419317493751,106.15649288034832,113.24807461819616,136.84242673525563,130.15488440508545,152.06611071526518,137.96031986149762,114.9916970523344,125.43504372545404,109.40176685249254,103.51156920836746,100.44017352111588,122.9319682269402,106.79014033923194,110.01548093854925,103.32693119889736,95.37629778370298,90.71886342494338,97.4985613875036,93.3206462830622,98.480525074177,100.75726005032284,95.66023884078862,95.05382486233788,95.09099958373842,94.36696089784188,90.8340695063756,94.81282922971468,90.7621910924674,89.23416547874913,117.61980312826206,123.52599497214732,126.26104619719408,127.73393410414552,108.79165115277132,109.96866390366576,123.94630333780216,141.01945659403785,166.36728555618882,193.8154789253843,215.3628936315989,257.63641249441406,290.81719961624736,352.8857119883632,478.3377099010296,622.8230772468507,678.4585334078852,714.6923843252403,770.2696930040204,956.1146098131812,1148.1074895217594,1197.5398575466384,1286.2442868099893,1349.317533877397,1437.846441852355,1520.0526562707792,1592.8767812536605,1644.2263350045007,1707.2298086983494,1745.4349730357012,1772.8721007652523,1790.5116559096168,1824.574092303212,1904.2802180480537,1900.8930328365984,1827.404783116483,1888.672895058403,1893.5478397899512,1808.944970371004,1815.8124037000268,1714.1820305036572,1671.8097949022267,1699.518100016545,1585.6337148187351,1563.980087596927,1586.1684672104268,1572.354381246132,1525.9938263768308,1437.000423026941,1407.4645574135095,1365.056657877072,1375.908504057374,1360.4695615162789,1454.5301349978915,1403.0311795799148,1353.653425931572,1258.465562058067,1262.108736736973,1213.8658925585146,1143.294589561551,1204.2107524564317,1137.639644942933,1058.434237981127,1127.2888965328202,1061.359875777389,1004.3608528581478,1033.043596971538,931.4649824711036,923.884008275066,949.3639111316278,961.6509693856542,988.7063494542004,959.6624810098087,910.5167408867432,918.3820328962424,915.6819861958191,852.4798876235302,874.4257220038439,833.5284602381333,722.0670996700042,673.7597842275512,627.5931487208138,569.2888389380613,560.5379660791017,563.4008841877408,536.5454835077504,454.3317594769867,451.4173006260555,382.6992177028861,344.2887263048505,323.0473269892964,318.652047239805,287.7594137908161,259.6228992857423,280.9011417994342,267.6910984109554,292.63237130628875,290.7163270296495,283.4744750033585,238.95917032900115,209.4206700811533,195.549011434854,200.4058545757762,185.98618471041448,185.84629261655624,195.0893768358662,202.3806373076877,200.0923710630003
235.6397058205386,222.66968658024803,186.56674859494095,180.2729686864556,167.2345383950614,176.93480451990987,177.04645512855168,169.44951218584035,173.60666720850213,151.17063898002445,158.1317314445043,165.14652965278353,152.385000102796,150.94219556194545,152.52293542843415,153.20589163388306,123.87847602269376,126.78333177766758,126.50044067428917,128.0829522181346,120.75145612944588,123.33179435861648,123.14714675243442,122.61977120794664,120.38265850869918,119.25226247271932,116.61827920620044,113.60525288210432,132.54291302831993,134.54979391132295,134.3713316000015,124.74984361718737,128.3983286932564,95.80923284078308,101.44885397449757,103.99766097064708,103.13219635010206,137.3789223629882,134.4940711593618,152.55669021790771,168.6476058207536,184.157446106747,205.8117710085079,239.67929504466647,290.12008211471823,338.4899325116938,405.6713445040886,536.6255676989231,699.9591148050823,815.3713279008412,1019.1525618948842,1085.016476813075,1353.816204341968,1582.188745680057,1656.4330395904028,1809.5152352859304,1843.9511365590963,2007.165990290383,2106.983163383364,2208.656284090404,2234.072237949536,2296.88408062812,2337.1068092285664,2366.2846327733355,2389.768586084846,2414.533765267704,2536.4515851881943,2531.807414322867,2402.7399039674674,2480.5196166678634,2480.2320223378474,2343.008222708096,2352.269789250358,2200.182630439314,2112.355118212165,2141.57827123542,2041.7603230296584,1962.949083014775,2001.853847635432,2013.4746660729163,1967.4211570838183,1891.285194028636,1780.4250803259745,1831.482630943656,1803.5881031624783,1711.1328124842582,1814.064427670034,1736.6648263902944,1725.3147572301225,1697.2571888437114,1397.5156888491092,1355.5948780702597,1280.9332861309276,1420.6398259208845,1305.421399116767,1263.0967597417384,1315.345170185263,1243.6936554808267,1148.5707359960445,1139.62244603296,1077.3479904949313,1094.2588446048746,1147.3825293322554,1127.4862738669387,1248.6532182600056,1196.7555915034034,1154.8296664331033,1181.352246901002,1178.0353587913032,1131.3571125809246,973.3441795139244,923.0223680829788,837.4233752392635,801.4242953195926,764.4097239729948,686.4886377620194,645.8660999898898,627.9808616128521,617.2095424613616,531.3938335898371,545.1911105890596,477.1308468720568,435.4326518951111,415.6923389567621,352.63321723888305,342.8582239141586,369.6816844324298,364.2893909369381,339.8474092114643,390.28305210730286,409.95476912885846,416.3069137227241,368.695039110242,329.10434077683715,308.88335414954,307.0613903419776,287.2127729169086,307.1540539034704,316.5530465396979,326.75435183130423,315.75438271405443
162.6939281520655,157.7594934349658,143.3929513555516,133.06644279674424,132.7236829478132,141.95696993567185,143.69381861234802,143.07591439209062,145.65147706617944,131.10335237331682,144.16855505058018,141.71870887148984,126.98766504263546,128.43856992721246,124.35616819400362,122.85468184447735,140.66763586853452,132.51441803481302,137.00931354955168,146.9274149928688,133.70450617546194,134.29642422575014,143.54703507176393,133.2408447655316,132.8267105956952,139.9039733320935,131.51889277077024,131.8261293707046,110.51971257570892,113.81412154729196,115.5318091729566,109.9814803549558,114.20226748465495,133.31349534213953,139.0371432641008,136.40884592448322,134.52043676372287,155.32093483927156,153.37367578634397,181.04041377653547,199.093532509484,206.7708665149107,215.2476621098721,230.15339113191692,256.02823097086065,298.3176458794659,339.4942218689981,399.3499095318968,484.4463587190623,618.1454896812994,536.6663207293118,560.5948841988279,661.7996218612251,660.2780659224649,711.0456819556078,783.0079013589036,795.7091822034703,864.4765244545397,903.2463855312612,966.0297900018368,962.701292651739,998.7543817935878,962.3743422703908,1010.665714899942,1010.847780745523,1019.562918413095,1065.341011749466,1047.3812971181176,971.3542972487206,976.1885558791312,1004.9858229627008,971.7036556299356,990.9928439088364,933.1300358736364,891.3222293776743,919.4216580985324,889.8873576128099,865.1796802784227,914.231940095838,902.4773225010302,867.3328977647304,886.4765166938822,801.2027076551497,895.821746800682,885.7268368675418,831.3760582361033,804.9565775256776,773.3793823543729,799.5761092646853,843.3806916289525,919.5976625009304,915.240846873966,914.208694760208,1064.1285788273813,973.4348909346278,986.3039998939124,949.20160618824,921.9848921755622,839.1278470730972,824.7167659503758,832.7302114535892,824.5964371513056,878.2945016824914,833.2992251545179,854.5633977468784,826.3390280098101,831.5018352562602,873.5775781193589,878.3642594729007,841.5719727880422,740.3438479771844,705.4364875899959,693.4330839163719,677.6816833663328,666.9639679545996,622.7442138312,580.124170308131,555.2439616194151,527.9256656593376,475.967852415267,447.8445199245359,429.45835161268826,419.3107311629472,421.04996091702327,351.36694724279386,327.01456143411144,263.9592992867496,259.83977640178824,236.8994792405604,247.7485908825753,246.07300595760825,248.48215905686465,244.87757284894323,232.94067031872,222.8109072207137,210.69107428373093,196.34555516295072,220.66199716193836,232.18974153405856,227.78121038460844,209.2146757579175
87.12633222001794,81.88335207250991,71.60633548274448,65.60295961112625,63.84021466153563,58.908470824516094,64.133417119559,67.23193871357225,59.05491675231995,58.29063024402314,55.31656207596888,52.87155093729536,54.576915189138695,53.60544754623257,51.767374146092685,54.63938359246963,51.16327340624363,45.27333734684497,50.95489316304497,53.28229010948273,49.0183766719338,52.02798295568701,50.23589740843511,47.15004340995587,52.03432449778549,51.76100766137191,49.13588940485967,51.23801513519691,52.46616646431641,51.31345826737916,61.640402003759405,59.539710685599104,63.476694587357485,65.29680749892927,64.19697077765187,56.047965600679575,61.68569018671496,65.33867980425957,60.84109364692258,75.71637536095498,85.05137210775783,93.10833944395576,85.0993252938121,86.79431252849615,100.53838133451652,122.27246133462754,124.69491706410548,142.1439245903196,155.5809942196742,178.20920786849626,180.7100410277178,198.2184902611422,221.78129771895496,219.30158937122047,228.20539819544797,242.4374167483224,262.327288206665,278.4346491086303,288.2499366583701,285.11461989140406,308.7899036843209,298.4786913206209,297.7494305220099,325.6902129828788,307.868950180882,320.4659725563378,341.40959853713366,315.26891776101826,326.6497304400858,348.52764334741147,367.5059138670434,349.887322505309,372.60199050515126,336.5596020566964,324.61610637047124,314.717456456682,325.76147074905805,308.2143369831635,359.2675917331167,335.5052778581758,321.9429465894906,353.31664576802126,324.3635279550028,334.3777781691491,325.46254885091736,302.31873956056364,285.10021830237736,277.83868124895866,324.15533087025767,324.1954550496235,319.5854028747928,308.7424440788571,304.92146278381927,308.11723046935555,283.0390213456208,278.2846538498084,274.9069964887427,274.97804815595475,258.736680116822,262.84917084369545,288.06384766335793,268.60233456031074,287.8199256145964,274.59867953648524,222.16406495915112,219.57781762561464,219.14330566749203,225.69725383816615,227.07797567034825,213.91239348352323,247.2456902442567,248.4633950091991,247.04891487669005,236.73110113822648,245.82106918774892,238.60541011551905,243.5770469745592,236.3367703917716,218.1632276945981,196.63710939050293,183.75367452764985,185.3813550639859,185.39398910967068,169.7974404645609,157.8602851762688,146.26471482419555,138.834055281198,130.68329207808046,131.52116552603997,126.59563317108,123.4768483968326,117.86219004216667,115.23062190817556,107.59871458530496,108.41054395623,101.58945180605149,96.74283682613454,92.9962459117252,103.43764614278516,103.76182992895843,99.01877223948291
368.84189758887777,359.9328584774309,338.64936640790944,344.18789869540547,336.1440853736978,284.15401234066366,289.449869152617,315.198036984319,267.98968361483907,241.94573828006196,224.2850410971361,211.0658456159849,223.65248627556977,228.08449124588708,215.243294898114,221.92332560210676,260.6543602978357,258.73638023182286,271.3477480157635,279.55156921901835,275.155800022364,275.0986058556297,248.99148183398043,252.8721657009373,262.2438947543431,254.7351578362302,241.92031574732223,231.46788257263728,186.57310487845064,183.1857069488156,190.91287393104847,183.4990856630589,201.86121165102995,175.53205408933704,172.39508315530267,171.100494277841,176.22695495006127,264.09104449044867,271.79035452316003,294.32309172317383,305.2555033137052,311.4823120745617,296.1312916828851,320.4163453661756,379.3551167828104,443.6501418119888,486.4129818341027,598.3780458787926,638.1570529915437,677.4755232392382,673.0790605142329,732.9453644313711,753.6158746659146,777.875028656839,756.3477690611211,811.8504737019285,798.4343125706455,789.4730745346321,854.838583262139,929.9812168828776,923.3607571450816,906.245921077842,892.8917218442048,1003.2099185420012,885.0948586615577,922.97776626861,1020.6718190668352,983.60652789992,1004.0743797288726,970.363147557414,1027.2662044611234,993.4335097687846,1165.136462694869,1031.525503806355,998.4358761454296,1112.9756419804262,1109.2964058058833,990.6927402806484,1026.1961485961633,927.4626924612008,942.4584043329772,979.8138109016872,952.1801344868146,994.2009070509458,935.4848423778404,953.1196588795324,920.8758439395236,922.0347588855,987.6690066735364,964.151805267341,1138.651374545154,1086.7340200628746,1121.918487961898,1130.458696899644,1116.4987097522046,1170.432995225357,1126.1725191232238,1249.6768369944966,1212.5714423097056,1144.7832740205672,1238.577423816255,1161.5104211205971,1145.7336878770377,1089.006331715606,1029.8713018982571,1062.5403401932167,1093.7385612791377,1089.8202458292758,1109.4554047176923,1022.3959348360632,983.6661584542774,971.3958116624163,956.245744834229,946.3150631860188,948.4994919478517,940.67859614327,906.7137672474164,885.6012056695416,950.4485210980738,878.5895373990505,851.9027319024407,833.1247655614374,845.9927197271056,866.1833305359017,827.8884179926667,754.8314144592769,622.3168191515066,633.3070632947414,620.784731970241,554.3387182620912,627.8176665873891,565.6464538320565,510.8555055496561,471.7380943446083,450.4747998942964,428.3243616280837,400.658840072841,441.2529942670992,487.84665697668015,416.3266521488042,435.05750922076487
467.0870178987195,472.9783906130298,472.9032285553763,451.8524960292905,419.7499219845282,342.21991170127245,352.22013924512765,366.9493895826735,325.83830370813126,313.4639687889492,295.5592929570906,275.4124668228508,290.05469314176634,300.4501877129051,278.4531306140832,281.5414409803949,291.84705210533343,289.8669423662608,305.7570306394436,304.8797997748359,292.16895743203537,302.7198453888353,273.85332476931706,278.5516629485091,290.09079915027576,279.338765077517,271.94661054237133,269.434634099035,247.11050780278288,239.25857981554017,247.7397479413385,246.0507944679002,257.1783910957431,324.1576702541019,318.06866680295394,317.2570268047597,322.7259280637957,292.1177163777214,309.2311409110304,333.4427825121249,344.34140512652226,359.72429814750853,368.1793648454164,397.2400297274848,465.417525755354,514.0686141042166,585.1184350516045,686.8198516332944,729.7479481633507,832.4220021956218,886.5316345332349,925.1997805670992,927.3530251335852,969.0490953056512,924.4190299607862,996.0606094791945,979.154021419068,928.2783711638102,973.1685104779834,1024.4786798625262,1005.030784248986,996.5654599604284,1029.870783662492,1152.944801977595,1039.7869024433055,983.0411100944794,1160.3744923786903,1132.1455374834088,1104.0825621004626,1054.79629993987,1091.8732085284278,1063.1104384604891,1185.4281003836163,1091.0108886856997,1084.544600561883,1215.40156116714,1200.3391509570472,1064.8559097516188,1083.970613993332,978.3851025207056,1002.9498570732328,1028.342123839239,1007.5821169371596,1091.9102055000324,1001.2355287506324,1060.5873277939415,1023.8259722432044,1029.951104742021,1072.1580639351027,1044.3245854654224,1096.8667726602948,1052.9189024267384,1111.0030892479597,1116.313667338959,1115.449730020287,1148.2361990070035,1181.4517938680722,1216.4959405586992,1193.2894321160038,1164.717250596948,1182.0944357115889,1156.7446358539214,1108.9887197389055,1029.9067637618575,1149.0255548391438,1176.704856359651,1222.0962896239032,1273.0910090962889,1308.1245942217986,1222.1013114480445,1011.2316674686176,977.3962799863158,1000.805268137644,996.1966429456886,937.3246782664436,985.294852624408,932.4419460267716,870.6966991267713,934.1568116824296,861.9928409631667,922.7589432523694,861.3062441281571,931.4818059062492,961.0179590420836,918.5066981289948,873.4549434058254,803.5309151166608,799.0131288802037,772.2737021916162,725.7801152169499,790.6125529114253,722.607544893768,654.5266696258769,640.3859671498575,624.6447396009135,602.1072410868821,578.8501354678984,601.2147053366118,628.1717361719377,536.6586913634825,552.8250549896637
313.49736744109816,319.394403999883,333.89412446841146,298.54955526152105,260.1855287278435,216.37661122926585,224.693626134236,210.865633244111,210.85450950317104,221.8876491074729,216.10688617264285,197.1826022157516,206.32124928643495,209.4410949815524,194.32795300658952,192.4656097991736,252.80357740478357,242.18179306588084,255.27951820237809,246.3922272116392,228.729408003855,243.6450272729048,231.77183631496607,235.649238148052,247.9025787548374,237.6944526361084,236.35517280409877,245.04895229196504,184.4911894981018,179.32940055959693,187.70478747447697,187.2776379588336,189.07987538426104,202.16416269536455,199.93901235446336,197.40168251816087,201.0753032980764,259.7629368357581,283.56745795704404,306.807196044278,313.3332846627267,339.7265900636314,364.2065951172214,384.0283222915707,441.9849271291853,448.4077524845841,526.904461819602,564.9022769590367,588.6179189127391,722.1127418239064,549.7264586799852,548.5867492271004,557.1463120917595,588.7362129102191,551.3233120888027,586.2086788829549,597.304333243727,560.4585395235525,542.3492633011892,569.3479279397732,579.3158057688361,567.3018286777805,593.6287850205435,647.2359806811731,669.9978163188702,530.5146013200139,644.5760850629264,623.4160229106145,586.8289605124311,576.3624318479659,553.3344294226408,544.8982102440277,515.5456582368138,506.7377103483186,529.0732060145838,555.3242294935039,545.6799413917361,513.3017611410742,524.67826670915,481.1294029748209,486.0119010315158,495.9614823800599,480.18281861326574,546.8711863238216,489.0471302179707,533.7304610797299,506.0861466951603,507.9809852906783,506.2582410658619,491.2938865790652,683.31796143533,679.0897658729217,729.5315655803806,734.6781076727697,744.8221190502302,719.9840884324259,772.2546122277204,737.448289197381,751.4355831088209,780.0141166817443,718.6325095025726,743.2572906024628,732.9428361598215,650.4791351913558,638.2782355716998,627.6760587016289,680.8383440577052,684.2693354517043,690.719037401059,669.3787921269237,667.1780769240169,679.5844351865258,718.0623898926593,687.9724825485154,629.8967581691497,701.2386719923187,756.6597991153486,629.9554014394145,635.5631157860909,577.648203099481,660.6166391491296,574.1871885827696,662.3561685787785,652.2283928498596,611.1080941526487,605.6889322730489,441.0192316439124,440.8535569844692,442.3824652207957,422.07281369954535,407.6817171359359,404.0747308691182,385.8711070413707,403.8681465763275,404.8664361505693,391.2291943311248,412.3956287281699,380.6647177485984,369.6652216037455,339.5642763505385,328.9030890602325
264.1284973476257,267.7531438607725,268.66926148858755,275.03306994360275,256.9021674071591,221.14829802847007,215.8605831641445,204.0729496756117,203.74975464117867,206.40238100296511,205.1210223500269,180.57755945776935,193.2356633535492,183.80192412278265,174.6110696732495,177.27343793993555,137.47699389686292,131.37586399402727,138.18418603335758,135.81784034112763,135.15778037183185,137.33173256795823,138.21174658007558,142.5401137809617,146.18651192657865,142.1950051359578,137.97135021612257,139.53860966418054,174.6576918841652,175.86383254212697,178.91726383536712,173.4135616697829,183.9785973609884,185.6160406763999,196.8642768933605,193.83659816169495,197.186861781049,158.51171870277784,167.61138283783296,176.04091895057215,172.62193188945562,183.15933904905077,188.38539973216135,200.65670988535535,222.0048317838925,227.9946174907912,273.40249288624744,286.2201272275149,291.3861831968366,324.22688938117403,417.7207362027128,439.8917120416313,457.94672148035033,468.3619370216372,482.6873173235781,467.8911860552162,478.4569802693663,454.0300042034712,449.889622800879,463.1769002567111,487.4767254334976,473.7485153272886,445.1834503821685,475.6631233299019,621.0529665790317,490.735978474014,517.4272458576328,457.6728237309522,485.4580325710714,475.05290903459417,455.25438691440496,462.3880347348742,433.4083814550679,456.8989131596591,442.5177530749634,459.4950996539069,456.6375189685587,445.5525561355401,474.6294510492608,433.2261365582752,438.61041434863495,444.7542603881216,430.1414175944717,446.4116433925776,444.35917160257645,476.0885370657351,419.0685893460644,434.6834158142174,435.0025317932745,412.7030882213977,348.20818609199404,350.07010553581324,351.8317252935897,339.79858317035735,379.110145294727,345.5860795610968,338.5145619642168,340.10568115786947,357.77902738363343,349.9372815092629,347.5084914158669,338.9793829078141,333.826960825522,313.1063691084763,414.4027222192635,426.5512493602962,454.01583259620304,433.9621044674702,436.2388118716881,427.5788618759802,323.8215276219503,311.6899959395144,311.22264836781835,285.98766692751303,280.7536627817478,344.5583592736225,464.045584475842,341.73649972867423,344.2716922071139,304.44088733418937,329.1893988046775,286.6606925611971,312.89096167864494,278.35792977216335,260.13882346060933,242.5130403915787,324.91299834936245,373.3419176653919,408.5880090794411,340.78723518986936,337.3023415971782,370.8152402880322,353.1744465981372,335.05062050443934,309.6726581183684,287.9135839917286,347.6665478939755,313.2999259602957,296.76225195775334,284.30394912404654,262.37783139101776
236.42033063840427,229.47255731067384,226.14101922823556,225.15532616432284,233.58650420505012,216.3241420280631,204.97844148408575,214.72488802968613,210.6313435798301,179.257915298916,183.0887445499829,184.03881441789187,172.598779040508,181.2385342461073,165.1880877327673,165.86752037018076,127.3479398898694,133.40408630933095,131.76872249672078,122.7904064148302,127.21971106844096,129.0228005392872,115.67205546294446,117.40312336494831,124.9430714131252,114.46944857109166,119.25864817150384,124.129062348893,148.33432949322372,154.4733514282627,157.15732298579957,140.5392602216071,142.5164164633478,164.53468004617335,152.68040570385645,163.26676787988146,179.35237181305865,124.18174858249294,123.24253546892903,118.45639575813124,123.76226868601069,126.61357276730575,133.71519750793308,143.747289354629,160.39938411462694,186.1053326523367,188.67347323874029,247.4256303231261,240.80398815365476,259.8910127998442,341.28950152792555,416.94024720407583,397.6437121254104,353.5230441656511,377.2466487808656,430.4958239771239,443.8124036724375,436.8095563918628,490.1355474380553,438.5489529790728,359.18606398740656,336.13296085798663,339.88381193570825,356.0055419786696,363.7360834977514,363.2049005512698,341.37606186666886,342.3480206165503,327.1089235648397,336.8048569156777,335.3300733053758,361.9714535744484,354.35839030848337,320.8806665445244,342.78099941136725,354.7669661857284,335.590473322735,382.32793019665513,402.3703537765086,378.7094104906361,336.74687538594986,332.9145951885262,354.1283665915992,361.4468329519663,372.30348567998414,336.5424789764673,338.3739814593088,321.02407219041066,315.4326744575268,295.7332307873492,231.5198328267157,249.3538919660299,265.79987745778453,259.2869718001346,251.95363895099007,269.91271936393514,293.188786987728,285.7075007694379,274.515220996452,268.1122930611921,283.8503121163596,275.8040571660167,305.18327679074514,285.91947912259747,493.2045327948573,509.85754881099024,527.9548090093115,473.8163550400688,479.7599371020669,439.22227463935343,255.410712129498,256.5609619713356,262.8129355409808,259.80698075389626,267.9553243359267,247.84964365428803,231.33728642528808,236.45527414815007,237.14774289828404,249.1917559959708,263.14342814873424,245.7277834928124,227.3445485703112,249.27224696519772,252.4461817880488,270.81266684732725,371.8957003669552,351.215202641412,331.4754933225394,353.93937854831563,361.6160845492034,358.57748929088183,391.9433861178061,344.9096275741963,358.15838225090585,438.6398580665555,411.05565978864746,350.198950057822,360.3823071613277,346.9747516369856,357.4507024878486
284.8244205933936,243.16593782022872,336.8915408563561,307.6423231480945,320.38802384078986,299.1170212174152,268.3582140391564,231.21157529267543,234.85222910687432,206.1655604008084,200.89001759851325,195.4140826493593,187.6217432994604,188.30974840015665,177.98249138704114,188.01232556961105,122.99489757895036,123.90816829814187,126.18486317532071,112.2428540236638,114.7286836915588,163.30988389828192,134.7002675894242,123.00241028958064,123.41958276910306,108.0923602296978,108.88667237733574,114.47004618543852,153.7805883479607,154.46353065336712,162.4094900871599,148.9980747678709,148.6101225081246,121.9519937409198,111.48734851239362,117.01080838158576,133.0299464824498,116.50843334826648,115.91886443771236,117.8387588285254,121.90924527225351,164.43406586575304,162.23480120060785,154.94339184886638,168.5418153703794,191.15622870304296,193.50961854052116,253.17291317578167,262.49880295738274,257.74709161929314,379.55772410072217,415.7415917237441,392.9681041640288,372.9932210114462,422.2776897523869,483.1070198083407,490.6772184469067,501.660629935161,495.3795940944722,458.8637874059867,444.195259898294,422.9953646418455,428.46664422456325,440.8340051847259,469.5078666288233,481.86348780584746,462.42567603925534,447.33727190995216,427.3726462695112,429.6582206662599,422.4986305650759,438.45066920178897,431.32171807352665,399.4338665814592,420.59174117250274,412.8655299159266,412.2620855926218,433.9785248318404,449.07033145729406,440.9832419612121,427.5771773193253,458.2663389690834,455.91482841176486,465.5486523238267,523.1813061458519,456.1243220560656,424.0670728683997,408.40088157273976,419.1351476057587,397.4984711565031,282.2273215755691,281.2615669617185,285.3180040079436,282.5931339468846,277.2128550797276,287.1491342569108,293.33879224714025,271.61205810082515,271.7103031014734,268.4965711347268,276.7367872812905,277.5160342807527,295.2701204245019,289.9066192605568,376.7297406961098,369.6281504968196,379.40397295878574,359.33551206979746,371.8912659195077,363.21437194810034,265.230193908572,297.900687522408,302.67065378869245,283.88814307105025,279.4378260024108,244.3071019608943,232.55715069758608,231.463170074724,238.69827865660528,248.37903067959363,257.0804584224988,235.6835895493524,222.74463600580668,231.4206763952853,236.5834590814125,253.69447974924915,358.01665138949267,343.0321371023642,333.05037014846937,387.0538991492903,361.6577162625517,334.38624708882134,360.4556290254317,321.88204295778587,345.39901297474785,397.0893596451564,391.1982778150058,343.2558374969092,344.1517223195098,336.4956926181713,323.58858312792137
347.23135489620324,282.8455829988668,404.0958762543763,352.5671826554013,394.9434067299356,392.8054457501278,364.6410270527215,276.8262723300196,288.51400388526275,272.1973086335014,281.71555385864286,244.89605491502311,218.819538785267,211.6258966354978,215.18418318142253,227.0819185388052,220.82103377989733,220.8442157973654,222.4748889745541,192.26011446342125,197.37386184384988,288.6122643870957,237.61080451330264,220.24882943195252,216.5445284786856,185.44490558888216,182.69292217960583,188.25767996597787,171.59244484399895,172.4560258238089,175.79684943773955,167.55877976234584,171.35633232269234,182.9190919904674,165.951016267693,174.48903043915809,191.95258031779184,201.56966265519677,199.80707999279448,207.2613241470368,224.3723502234286,321.1880063081868,309.07059690247223,297.706655082386,330.43771783463467,362.65812996774446,386.6602140615332,493.031810707885,570.9243218234324,540.1241743377486,543.9760179119567,559.9682300286513,571.2399986937914,597.7744474551503,663.9512987611755,725.4277624474888,708.9675835955829,785.1240689414351,775.6205449087671,719.1983163881536,798.9520481055368,742.419867564092,740.8742837175979,765.5285300253948,826.4835573608206,826.9208019987294,831.3310687124435,851.1533418178149,833.066290726981,809.5612199417603,797.9278613010534,808.0968200767611,783.3075978726292,735.8823513451898,763.4822043534276,736.7253105171235,806.6477387652151,787.5014230050905,787.8030103611449,778.6728639572175,778.7140016372194,818.4232520795908,808.369203274608,805.2894386744618,924.770572936284,838.0613515003856,786.2837374959507,826.3599180056565,816.522757851567,771.6624336721512,795.2673846299278,743.8086146051905,753.7149621831785,727.6492749279506,757.6507343187542,851.136987023203,929.0075860106132,767.8770454094768,799.8506242338613,740.5481453033824,694.711923531545,719.0246467452326,730.4482172602652,751.0157111620053,554.7492415785009,555.9220088929324,542.6905815573874,503.5986679127992,519.1954864331243,525.226139632539,622.5095073186131,672.1120155931662,659.7903548681746,611.7336467197374,569.2191661874699,505.808612975702,497.311642944933,509.6711673992965,547.8998963424882,561.5996676179642,562.9085271065469,514.6168441732947,493.3974222184376,468.2489315403682,477.87107772579606,510.0059523928126,415.6176707886608,436.3523751720089,407.1191511265023,457.3831528147098,444.14306875391,422.9851774818305,410.6188374035387,354.02059807914515,403.1388788197032,429.2540943132872,402.0780725376622,358.1322917781852,346.4849122872626,348.64733489307525,315.64323145858083
341.5336301452476,313.7281812976832,324.4595982967522,285.4703111171694,311.78353155995524,356.23596198834633,354.0583334480908,303.0582275526982,397.7279126435052,412.5712779869611,547.2549862493249,371.5161827036818,289.39653881168005,289.4335463268303,308.4610648151309,290.2738252900513,199.0185676308857,198.24813441990307,189.4833512700321,174.11826366272706,179.0280308622797,175.43139766683697,160.02944160817913,174.6737752986449,181.58069259141743,168.8306480902014,159.51820065208355,155.02471043679546,225.02881764117905,240.60924657000223,226.0054273734156,229.1267847863999,242.65157810085628,225.905828879491,212.37756097751213,226.8672767254208,220.9749496878317,178.13716830602627,183.90543719592176,174.82064803298798,201.29752379814929,268.6429668755368,258.80000576490863,281.870038354645,313.3690084016378,340.5247210481256,377.416395016377,477.8745286540056,565.512915878862,575.9936243890218,931.3929615023378,982.9383675229092,1127.1196913266035,1212.2948053494547,1307.4292967373613,1486.744711775204,1450.6868401179906,1565.0137425910098,1699.3388170239527,1612.1460570957104,1826.2476065018584,1689.1939995996422,1708.7019975835524,1862.049801891353,1995.8588332572065,1946.420930738212,1991.9249227053176,2000.844253078718,2114.5256754990087,2050.5537037357544,2078.032587881566,2028.2939869373467,1939.7477021405684,1865.1658753496088,1858.907988218812,1786.5706596264974,1934.7188969075708,1910.112040462832,1835.946391451132,1820.710851289621,1818.083532297816,1763.3727764852565,1778.3204484218036,1757.3547400349494,1827.4955029552475,1749.7940474723632,1695.6798134139128,1806.1419404347184,1769.1021249548733,1786.0990215635425,1232.6732665221132,1118.5521543069287,1146.9076433758446,1082.38595844692,1175.2490882146565,1232.0532364295543,1265.387757340746,1108.1303004417498,1151.564990589358,1017.2937294631196,1014.496511683444,1038.101925678189,1006.2341126778484,971.7061682231376,1071.6640605421685,1076.8279782935067,985.4028349261032,875.1724936766531,848.1552492442728,823.5414543874915,699.3035135067731,663.0344870793525,654.7082684895164,611.2135999979752,594.0653544775381,545.9890649783084,535.7420919149048,566.7802295389208,645.3204970884232,617.4443790288763,592.9905166657005,532.7808492004981,519.1966995096476,494.5907679152084,475.6362919797756,492.9181025632505,644.3777416532741,683.8267067218824,642.2418688988965,633.6957063767367,647.6602987891988,710.5920346797976,628.1934840893583,533.3599921549865,561.2969192670778,551.2009839761862,485.46489457570414,458.3499408934649,469.2829026719081,529.924865620633,466.8989235184769
212.10031689341767,216.6685085239848,228.00440724768845,214.9294912077341,214.4788194942371,246.69084982426116,232.58632595196408,243.97207743728725,287.99214821401296,263.12300610996306,257.10796564213723,203.3586840087136,181.36765827948028,177.35513992131615,192.57806971851028,186.06455221288329,144.43724251886337,145.40052838684875,138.96881667081803,140.08818547219374,162.418885837609,157.3344494075183,139.0418949906216,163.30443990400448,238.9322175378239,234.0171617868563,174.91535467504835,148.0627609458031,184.9874354153313,186.12796048587924,173.16510929013663,184.3857231002635,183.8911072857981,156.8635781262319,155.87349922018714,159.59887309710606,156.80380112000515,153.97268230907702,159.941242036181,141.15245743504337,171.32786076244818,209.0524418305453,219.77647980379183,252.39234607386035,271.81210049295083,321.18920367219795,358.5440180130849,435.39258559016736,471.2021244954221,471.7563042540365,707.3169935789152,741.5741815714024,842.3980703728528,882.0080653119395,939.8481724645064,976.9800134352706,1006.4640332414313,1032.3651380000342,1096.8615860064622,1129.0557555684477,1224.6439140761563,1173.0321988611022,1257.761222829035,1377.764315459911,1407.7056035150356,1483.7636938445055,1411.7090078794547,1344.883949194258,1454.8856042361772,1395.8740670852194,1383.8607684358612,1370.216039133648,1407.6778215949769,1478.58268864794,1469.080527071776,1439.8132042267546,1403.9194038835708,1435.7965410146749,1421.0970106988066,1372.780235301325,1442.9716065853577,1406.8266425335096,1349.289745757648,1323.6623116723383,1322.3938619455582,1312.3432894810269,1229.6206362161863,1197.8646732942184,1236.3621558117616,1295.977418513566,959.5819490484002,989.4408223456091,1093.1913288180076,1012.7545010891314,1048.769350203133,959.802670738076,913.8358149154312,845.7544211064012,841.9602170456179,799.2091128906226,825.1934736870923,835.5610423790395,784.4498581461781,773.1835326552915,989.2657798729256,1081.583525398085,973.3908783043096,886.0173082326257,848.5538841793564,746.6970823415766,594.9144455081348,579.8994075742308,649.2680638709159,587.3810035856586,539.0453799201823,472.45409486397216,452.997060950232,452.3872482305478,446.5355778873055,437.3221951886927,457.1945866819633,405.3353823361554,365.6625849740648,348.6988503751072,353.02051024372906,370.9109578427454,453.17316796150993,471.1216118192957,413.6912608708361,391.277163259086,386.9081586587392,384.8448375349054,377.3614485055584,358.6343681818144,382.0664922106052,367.4986687905716,346.9315001689397,340.9150241173358,358.527308014508,547.5591171959578,430.5690628151802
269.5362506353053,323.3122256300744,411.83016700704985,370.9278881287201,335.11324579751647,336.2409933923201,289.7093551617604,272.611993275703,278.0518312617982,265.0428969456338,278.39604438940546,245.85067220928352,219.65828713286064,225.26231370027824,232.6110651697862,241.4397471565774,173.48639983040752,173.72627057705805,170.24484403377085,164.9017996877731,178.58698005939735,178.0546031733834,159.84254216892413,158.7142970287993,175.45462283548068,161.54180937127066,146.66473690358035,135.43875555060114,187.25003660895817,194.0046063012178,185.5322732676122,187.408513361642,187.38909909364503,183.93681009043695,180.9614283491004,188.77972214493656,198.71245045794151,163.27968110181754,165.80013739325565,159.25530848610697,178.47229821534643,210.2198690870177,235.0721009714182,254.59522782870403,291.6270644903882,329.41575376465096,379.3390785416916,496.6687247574049,516.6235830254204,552.0211380441291,895.9221963530402,1105.8392876969233,1375.707790416627,1507.9781957100408,1600.9720956218482,1646.102262536941,1834.684939461921,1893.715442955113,1945.1120818893844,1951.0752095212013,2130.9126245051334,2054.502147177792,2195.016452225951,2297.337077549035,2414.281971464421,2444.9075861535493,2302.778629994008,2273.757382257799,2340.699948134412,2416.6677624521494,2361.5112659750143,2363.35510260558,2286.962196608857,2258.081042397344,2383.7761929361195,2385.734267700978,2307.727324204826,2365.001847900485,2357.867547247106,2314.1831710491037,2327.049734795003,2377.325788412808,2452.5110243454624,2260.180155201164,2204.647070879192,2174.9051943298878,2047.6565342136523,2072.177868378808,2015.3622737583796,2004.7257386652911,1453.891344553519,1533.9556483240522,1595.1703717026785,1504.830320302456,1570.9911433975983,1475.9425729369582,1450.0287157842056,1416.0516653154966,1450.9270219010562,1448.0877002078223,1423.2052451716252,1398.6758824238173,1332.579900982018,1237.152084934795,1593.3019330397565,1544.4764991270488,1445.2032096428852,1474.001492806082,1487.77464210405,1293.8315210953845,948.6077578322792,904.9397445956374,788.0661883859199,788.4218893123276,785.5678207967761,673.411864206265,659.2325490443408,639.6474980489228,570.5396461257258,547.7079543259563,536.7836459796243,472.2733287548716,451.39155050981657,429.2682723422368,437.9783493421078,465.219694132661,566.5403525352626,600.2353369316646,557.1158062737987,559.8032993202183,550.4349167486828,495.6444075397254,468.9873240237549,463.6122144165458,479.2275131875908,505.19125135720935,470.291600582092,490.2978522724821,474.66222740176806,525.7493847490484,507.6045950808491
291.1070638891263,290.5917172374648,306.67471080869467,282.00231630074325,275.6726104455843,280.9582619996683,298.075413567379,288.99761653497205,286.2374877812694,274.6652311246213,246.2172247049809,248.30665400612403,228.6931326343052,231.8895554354939,239.8728011942094,243.56588112338304,191.1062137521432,192.53799905027896,185.0344712236671,177.2767955485689,175.56872411867593,191.64917927190592,178.69170878837863,179.1256776024674,183.55947033193863,177.3260658107272,181.59052787687432,182.86463193753625,217.60035723668813,227.26241913592483,227.98609101170317,214.980284397476,220.19000325365064,208.7564809072649,200.35635431962984,210.8827001446535,216.31298880404336,214.63657880857647,219.4738356094822,220.2664476494516,233.78026696101537,250.6294716087972,274.51230673162127,292.3258184026931,340.86065686024864,380.497170420036,411.235942647375,547.9452885864963,601.5792194900731,788.6362596503855,1100.089066002501,1370.751707338051,1693.0554482271843,1928.5585906276324,2040.5226629023584,2061.6231148023503,2202.94437385738,2237.633365732167,2130.8437851719937,2188.766946073099,2415.8406953206813,2441.4972039993927,2631.839942201487,2885.526126221064,2940.618598438755,2896.943208765697,2805.6503600427177,2685.797792142292,2861.029064845985,2862.87883690774,2955.5883231235925,2806.111587703982,2766.0444020283776,2736.085267453941,2707.93964491776,2831.108311519774,2860.1114291136914,2831.352408987521,2693.510320731132,2811.5790191645297,2782.307366627288,2601.6624997423223,2640.1951295442195,2569.958741635572,2469.2287571104102,2350.764434570463,2277.577624741514,2297.4088378447827,2248.917560291793,2268.6266342544727,1873.1216280445087,1811.894462044325,1835.336952659086,1864.4148122867732,1980.7175993786557,1871.369097611337,1780.2522414124414,1717.3925087571938,1757.717232601247,1773.3670637768842,1708.2503562791117,1709.7696053977838,1712.7657146580766,1517.1792550384175,1458.5954494073503,1391.6669346203298,1392.7117773083703,1478.0112972220434,1487.5305329405237,1261.447461065189,1181.7548844423238,1031.1854909114136,882.1260335276116,861.9722265051336,805.5600837409837,704.1852688271165,664.930678992946,729.2154707710263,709.2645889047841,731.3202637130325,705.6814279494574,621.476551860511,624.2907934527922,572.3354059908728,559.6336314263895,557.1545603095603,591.1000492952908,636.1772478780306,574.8431937389491,565.1722228454911,614.427535868029,541.4483153571887,510.3599984128771,522.2708833412747,597.0736977441966,590.1133945331044,559.7892763043249,547.5703821462877,508.6418030185166,512.0486252814819,504.54576820045696
226.44316801874672,206.34302743625008,200.5250582966581,186.2574181632966,177.133042545987,175.74600467298416,177.86806291886458,180.96087541918791,175.02157635174248,192.3944672238184,201.8467850833578,208.5595912167618,204.5963332650219,199.11881497478856,191.13248731156887,177.28024420409997,188.4600577833639,185.160383799211,181.5834391167668,178.70427837509803,169.71516558434254,171.76289376798164,170.538001015224,164.00143674839472,165.6987609156636,163.20066409619108,167.3479519880612,169.05329066205718,150.71491755864312,156.6138572560219,156.975415030717,153.32512403170298,148.11592548233645,175.16491247764816,169.13859086525534,171.864375974308,188.66841999146115,199.68574391139904,212.45722567494863,211.11757259511103,222.20381740852264,228.8258666857249,234.51727834693807,252.18445193308503,289.2021364829882,318.97816157664187,338.44550195848973,404.284660381158,438.4103865742035,906.406852484662,629.7620367572558,596.6618751080227,661.5278218178981,695.8584252889709,749.275914311586,753.1781593678559,866.7033951396785,904.0622439915004,901.9122522859964,889.0077538856855,998.4122522376769,1015.1870753699131,1022.9240955128544,1064.6438946053618,1131.5669357359448,1231.6814432002204,1334.9870104096744,1208.7998135948078,1133.8580979047747,1135.5833770959646,1232.858647211556,1156.6477581461004,1169.1006105249512,1171.8073545150194,1171.250782246469,1227.3468498424352,1184.0231007047112,1134.6826320792582,1139.5675158380704,1187.7662031740133,1140.0344773986592,1108.6897443860769,1088.9122655997533,1064.2850153643162,1020.0591251471468,1023.2403474888284,1032.12225234591,1122.798762309531,1091.1662062649343,1120.8769127050707,1227.818747814452,1159.1273863819351,1115.996041130404,1150.1113976172871,1173.8648404903886,1282.5172487220138,1245.041432148615,1207.1630402066887,1096.4130099965514,1104.5891555283883,1086.7226223272148,1252.2801596084794,1145.6785858353994,1040.5233657556378,843.6090861555106,858.7074613357757,833.6667717959456,815.3318757118341,820.3765058250057,739.0004096215868,795.2214600760559,728.5875424806925,701.9282461432001,681.757806822929,655.6203474039772,649.1188146276273,615.7080056829456,635.9313754810912,554.9312671584355,551.9512984520633,600.5927275215864,551.3873624809726,516.6064516605514,497.29535008711855,427.2306442708572,441.323046232702,416.6889815961872,419.3449025768933,377.2739240424861,357.4486976712128,364.9968152638811,353.3493353612037,341.4705441992619,349.3178782419694,352.71475636255946,356.53926016955035,366.7002440838962,362.1525714351148,333.8698910545939,321.75673521261183,365.5573350222769
282.90949944247586,271.9909484282871,258.9874092990527,246.17061120706447,244.5367764162056,228.65254152759624,231.8354837884312,238.1757302163804,230.84039779466084,223.6247640424693,240.34281471630564,239.0988711032623,235.3056536510901,219.5943912614732,220.5177381672244,201.6075408577188,151.6530103716361,158.61964893944855,151.32649979230638,151.057148894648,150.80416978875976,146.4073586848365,206.02842347178003,184.1149988444128,167.23167552784952,161.52122223120764,167.46080688031446,157.63251539194752,218.7992082566592,217.2692541185289,198.5218903799391,200.58365987879276,202.4479589650252,174.55865942479835,191.1082199245343,201.8749181917948,203.99342004785575,179.24295879857573,182.57732272077996,174.5985111973942,190.3233032470578,209.67340677675008,221.4349016970882,247.66423891103432,297.1984043796657,330.61768322873223,343.65403224576795,399.15774030188766,436.196454516508,687.7606858153777,787.723433602385,811.8913880839951,881.7383512055761,1010.3242684702348,1047.398229379916,1071.6595381062752,1182.0081413851026,1159.5858046820786,1216.6382101653974,1275.5305599026638,1331.0938938595584,1401.6532268531876,1429.693203429985,1448.4713954121023,1535.1583552743691,1539.588164781518,1651.684507543324,1587.6836094867108,1479.2022531368395,1508.2546304879572,1653.5870484740403,1599.9557855075586,1574.0859002393847,1649.3602827130687,1651.4380084273885,1588.61017795721,1538.6578165972378,1585.963430354591,1584.2692030691935,1575.1940806691844,1667.68610927023,1685.2472570881027,1768.1706462947236,1651.3405185998645,1648.053321021041,1650.3384208116547,1643.037771398053,1635.201902449278,1633.7907681504178,1655.1917924948937,1494.2872132628306,1390.084928634244,1555.5854275447166,1462.851409973989,1394.3192157013184,1377.465070979156,1321.9419151235695,1240.9940126414824,1122.2345978528858,1152.3568439881276,1105.4949416425627,1092.0493103026074,1052.425793338735,1069.7130294943531,1156.3818658122168,1023.2059955699292,960.010884797502,900.8937524596292,886.7243780599682,793.8050058135838,726.0736084205146,729.0771418858797,660.3513708678098,615.0846388140427,617.6369216349165,570.5432240033056,654.1639143991027,650.3886386226696,659.7186109156876,593.7521801876429,579.5211933989774,512.3999915117516,529.4635665294493,463.9312699199135,404.796584226904,433.0017623795695,549.8299734262656,503.849231388334,460.0489892183349,431.8888611034956,459.48545775473593,502.51159002740974,460.9885868300057,469.35806179510206,433.10305032016817,443.2757029030227,422.9006358615451,445.2193359510061,407.1348123800614,386.6387276732031,420.9630012644514
522.2091413493954,497.0833695819498,475.8711707717132,480.9570483168219,517.6422422220979,453.6510179379908,445.21495558288245,414.9292207827325,465.7241959637621,407.72045661915735,392.07299466031503,345.51472621594786,354.47097484465223,345.93605191084225,325.69937800429466,338.2147427288006,226.7634287577454,230.97647655937135,228.8714321644668,227.4272493488561,227.4235484176262,237.76935873639096,249.6131701000897,234.77787332612957,225.2800365551851,223.0700966584785,223.0251540848556,223.88135790759884,329.9344841849011,340.37635879075395,338.9059572357121,343.61890133631863,343.8346357263126,299.3074622012823,304.899584294856,323.12009745346194,329.2418801587247,288.01192015196824,286.38137568524303,292.4460148076752,319.3000991194125,373.8310593048272,394.6206051475019,409.8320520429218,491.3699530045242,578.974630573645,693.4297412644885,805.0952903152786,897.5144892324901,1196.221506248944,1830.502795910124,1950.3400654544491,2281.4020843357303,2640.9197924659857,2757.258200036656,2823.2562796816114,2994.1174706098504,2748.8346530897206,2794.523884519595,2975.711252529827,2982.7076597771493,3107.8592037497706,3127.0793203494777,3178.7895897889875,3326.304445411048,3505.6955258936846,3674.903753568271,3857.43533035876,3661.176117799642,4004.753030827308,4359.614106495903,4203.677350380735,4144.871279651988,4297.864416856205,4322.736108375528,4611.823629936909,4443.774237594058,4558.296070066927,4652.390013833277,4540.450349736884,4650.432750696066,4498.230280621266,4588.770482356965,4338.310842706459,4357.748206613853,4496.101060887782,4420.700643632924,4240.467535575531,4269.384773571394,4144.516062515374,3096.068150031648,2997.559201974143,3044.932769888579,2994.389402319636,2866.8213233922056,2811.872921734944,2656.3663506403964,2713.716584154657,2653.434587701692,2750.259761484032,2634.533531452596,2488.032682852417,2504.220574484232,2462.756861689951,3129.665066112845,2956.041801936866,3066.708462917481,2867.6562908238066,2812.660395564305,2376.724184939486,1995.6826640515503,2018.4118026422336,1914.4256003049852,1733.6738950662125,1799.6977614028638,1663.310065207697,1769.455249687082,1727.369137256569,1627.4158754726975,1365.854241168008,1318.8731051473749,1310.8625365389469,1255.852300982016,1069.3891858506786,981.2103975548856,870.4079599397119,1323.9770870835976,1346.705137418258,1168.406734498255,1026.0664638170765,999.503514126527,1003.4202521952444,948.0118854027506,1003.2297779369416,937.572227420109,887.5713201527951,944.2369894786214,956.4621847296974,865.7586866359859,710.5444811113127,695.2337157973379
194.4818691181155,177.54828321820997,168.58826336201392,190.7304572586441,169.02667282178908,175.99900726702774,171.7595500045838,162.74327810304328,165.15525390182293,154.9690995495263,140.3842398210266,135.26308973971155,136.66716063550933,131.78421478702032,130.95561897674114,144.02147304724988,110.3252944632428,115.09605722605228,118.02790640390022,131.76551154653228,144.74075724327494,142.34584373253844,132.4444392614796,133.11847524834215,121.3660330505742,128.43340725562436,123.87655224383067,122.0011323299437,140.78123747749876,142.7727329559976,146.59633163083726,153.3732259607143,147.1275801973795,126.44723509642972,128.24297512402754,132.01369114680645,131.65704908026925,139.04419042032958,140.35429907814404,146.9545375824865,163.10259255889636,192.26162278165407,218.796656615673,209.34395792770115,233.58298053041204,291.81281835815,338.36920144959066,407.400014461454,438.21625960526575,500.03276610279,688.2118332023487,709.0784503618056,852.7642544678415,969.5112103885753,1032.6868160922638,1052.5696438818277,1083.247750090796,1076.2798478363989,1203.869173260679,1282.283947279008,1259.9350557412542,1281.817235862762,1273.2319616224663,1351.3239735442032,1435.291428234265,1575.0939445586118,1627.7841128457333,1602.0712540095903,1551.2160831688918,1548.213787441883,1672.5296160492585,1671.694932449305,1694.786865425775,1665.0635861047688,1643.6219948701178,1733.3215270586916,1807.2756379867967,1777.6987002666551,1878.1042453381235,1865.964336644382,1856.4725789842848,1834.8035195076743,1965.1035905238136,1767.7668738354923,1817.975186611767,1863.8168187869323,1747.5947942357948,1664.8764202249274,1690.5895262530812,1569.0578697801684,1311.380067807518,1365.4516032962931,1319.0533536947214,1434.640550447494,1282.0225219287497,1216.2464803551825,1177.5140048491062,1192.0657455451626,1131.5635328457547,1142.8366145875486,1114.782570239755,1058.0691942175156,1107.1521743320802,1113.8782247502338,1283.2765761097985,1238.7736525911944,1261.6226766728596,1198.4587504682029,1268.4987569112625,1074.1049311131933,873.9882239781524,878.2407693055759,877.5876547430379,820.69461986944,807.4603766678873,752.2647983445373,764.0223872725992,697.0466920913339,682.1446272393773,618.7215585526277,603.890086073136,601.3957429572437,590.25754149673,486.47468297698566,454.12866077023386,444.9228600076618,539.4625513263463,501.8991514723168,459.3394656121546,438.5083819602884,442.2330570403488,463.89814227129614,386.2447656467494,363.1248818527875,331.2820958025372,324.9751523952644,301.28924797588087,320.5031638592081,300.0240015954949,262.2364854455133,245.61964090977395
454.7056303657698,434.8069892057911,366.32686043320217,343.3266670385426,305.38518337465484,283.9971865368431,278.1075332526563,250.59843962849897,270.64498323781544,240.83080584304523,208.4325526693113,219.43646030392108,216.63499886753792,231.09918327895585,219.46719100396496,241.79970514774143,279.6946907890945,284.28772008502364,286.30200395244447,292.3538348829445,375.9091211619447,396.11432515189074,329.443890084543,295.6846588274089,307.00767990997764,306.74062597149685,279.1091432341881,281.6192340446368,209.55658488957732,201.01307105500592,204.61691468177227,202.90043043749063,211.14914558150133,278.5698665233274,279.91131339735546,298.4292480214709,316.87397525289,424.6517115033159,591.0655121725993,579.1383700590796,508.2859864659782,547.4648700285238,593.6001564995988,582.5534421292663,654.6821971476533,700.737202173692,767.0662346316946,884.4472261423659,943.8523506068648,1159.642234587889,1225.106064147333,1279.2929026067914,1566.444982387185,1547.6967493499392,1652.9932412236385,1696.6376138495225,1778.9505119082655,1901.9714004673544,2042.2085901425455,2058.0369205238985,2075.1215576141185,2101.922088248128,2201.172104278733,2218.059677502109,2292.3527227231266,2432.549193709518,2567.51601772544,2498.5827948034803,2480.5939405211734,2503.7485877849517,2520.1358626538263,2535.547987010208,2726.139700731344,2772.5946745723318,2616.917736659889,2781.187797924298,2720.72127239848,2694.700828375212,2867.456916446354,2945.3900564470896,3066.0843875628702,2957.282354478876,3086.650258132923,2755.075100505136,2750.5324812046138,2757.157851500207,2754.16882139295,2580.8510520229456,2680.3774419767656,2506.068965741132,3224.7118439274814,3222.045537375107,3204.7849607967783,3124.2470746327144,2978.9676368094406,2879.9135032959784,2865.227995621763,2914.5076517540783,2846.4467526905064,2874.6169558662327,2719.5348670034277,2711.8974937952485,2689.9291165790746,2697.310645281799,2672.889196463037,2770.5759167730166,2650.4162855412965,2441.111647538851,2844.2016519639783,2508.7636221671514,2546.330436037701,2298.5578657769,2133.189257690366,2152.2732401580724,2145.4612773873623,1959.186539989873,1792.0739242918478,1620.487802342427,1593.8307325653516,1393.165419780935,1372.4986660779311,1390.2722237992982,1220.108057684512,1130.315482232848,1125.573996172734,1203.906671823525,915.0281030939746,1035.6205127363091,1060.1649824498718,939.8594189184568,940.2696200074968,937.9867944808492,744.5873473892926,675.2945432006256,593.8502625984964,598.1704144462402,536.3840603923966,606.1577694795049,530.121771959612,488.30797795440543,501.8719474196152
159.63294968387132,154.03823842997775,137.63165003258297,139.34833597809055,125.69609224607156,146.69848695908152,252.64237717210483,266.8653729198165,415.1941835755874,407.4956035483965,294.10701482427135,339.413518311638,264.69164591814416,246.330701346494,192.43580266441597,311.10350633216865,271.4206736320759,271.5874975929109,206.50128052949736,172.8546340401161,155.7714436247838,153.6097801461795,139.9906456009538,140.2496981552829,139.1458774576936,142.80591637690932,141.88478002049573,140.33418136055795,133.48837924456265,128.5783046474375,136.3980140526748,137.7265945538833,138.9339365504403,174.65527924248948,182.75402272920897,189.43409600403947,184.3050879588051,173.2705914552628,184.4017749463232,189.47533700135216,199.29219809729048,224.38376648077485,249.1444923024425,240.8256807844016,268.9534738976797,309.8094084504028,346.84520988227666,387.28862062818746,448.8524978109073,531.3085624234708,554.4395638578173,611.4957095960066,786.1482225125961,893.1684386217402,984.1570167447828,1050.4110748388755,1108.7639033215423,1144.6194310093697,1174.3750513030611,1289.865777119868,1373.3051392609466,1377.8723305733215,1392.562454094421,1452.4872641911131,1423.2896541426385,1486.7785560922457,1574.939875773187,1574.159744689095,1504.7475117392864,1552.8395537136894,1584.451009549232,1744.268401027707,1681.78512932551,1586.6020546907855,1495.1840606865503,1611.3935420093255,1566.900238660094,1650.1285750369082,1700.6178613529098,1675.1567422332696,1699.650877158791,1542.7231863873717,1592.4325551226568,1479.9526996348322,1558.3313477508414,1541.4981206808968,1567.9865800831922,1463.2104287043855,1385.6485396255468,1383.9264205510833,1436.6365417119223,1389.961183861868,1394.135049470162,1448.8107904246888,1380.8337712632028,1350.582730245873,1377.5695731463854,1318.6423653449513,1271.8656362235583,1333.7426923255043,1234.212804293453,1268.7456937866496,1235.6229420989907,1209.0921089607427,1119.0308494393855,1159.6781719483197,1158.8527470914375,1216.938083015866,1170.3907002577369,996.3886252639816,1011.538685046639,947.3282018811254,906.3588306257424,869.0801498119839,840.4618045253641,861.8139604328221,758.0874099348374,764.9787068321491,731.0967594497334,660.4102274509565,629.7486755732299,513.1568656844546,469.7250592610374,446.2529879517198,538.7309606513323,461.053175344959,361.0443278722572,338.4508191026937,390.7262423054174,376.51504143638186,327.9872005602392,318.48429472174774,295.00994370770485,269.0227279548299,266.590115699705,249.4155693585928,243.94389884046777,248.7990491215121,237.36216046257877,242.8502914036333,243.5637067245975
279.9179519437466,335.7481731745831,266.05428646104593,257.25819905787193,243.4705190042964,264.3218130205008,323.4777324306254,283.80364622738585,287.0393641560233,253.6828711501448,210.04559964847775,204.91892986688887,186.75636129277385,183.2239681453912,179.96550804844304,190.1865679997381,117.43018165825944,127.46830804400152,128.17118800988055,126.00908056336822,119.37894774476617,125.26818503330406,121.81973850121048,125.54308552222112,132.3439805692004,124.3988697319336,124.72172672424828,133.74739316656698,193.08745998607685,170.9235507991994,183.2283107593593,174.84815034117162,168.46860637781128,171.3325585708363,190.9667162122974,191.66404839841212,196.7165419371067,140.4702428081792,138.21229212480583,145.82525238101675,165.9880225737855,173.42893546863945,192.3479962916964,187.5254896914321,209.6510190717516,253.61535452354565,333.67850972945365,444.7087323630247,561.7977733846279,535.1008888523537,805.4122190217009,796.2664581613948,868.8028272212542,989.0656705553986,1080.1665011555194,1166.4721243181143,1210.7452613577227,1291.9931422405605,1357.9085957853151,1428.048164938322,1550.8705958169471,1615.0238062342028,1662.8870293572215,1809.8163763189043,1702.141654087463,1703.1705632255416,1715.3809962886728,1793.286714344041,1702.3988500182102,1792.7190987974843,1901.919210703813,1799.0361470671114,1826.3940305842489,1688.1487175500272,1716.7570009170274,1738.2720174455403,1588.5704280154805,1655.1700949332278,1696.5587051987457,1675.76267786616,1646.9854303549862,1575.5911745581463,1595.7011232967193,1543.7538463039143,1635.1501425151514,1690.894942390422,1610.4134545180607,1530.598002853054,1465.6946604071536,1444.615126888829,970.4220365813312,990.4353189392262,1005.170466993118,1049.8206279495234,949.830184507265,878.8883269249077,926.6136340593488,865.1696457415254,809.2641800836507,870.0451626826608,818.089405172177,793.9765967383972,799.3143741240355,782.3970757504783,1112.7544567021996,1089.1740529663712,1043.9581155648882,1101.9600737135618,1112.6718156815075,1147.7760785001926,956.5151060251262,956.4963346057644,772.4693597659955,705.5687223944009,631.1348180887322,644.2332219356203,587.7007294967328,547.0931491518384,536.4123521001933,452.7744135472567,427.2366989463552,367.5857251719687,349.02434011640946,341.64197007186414,336.8710841846017,303.01626132712124,412.9390564897912,405.2414153738525,426.0412277488348,463.5763796794223,413.5015697668906,405.1203449359992,367.0089966012589,352.4970565732334,340.0248491097774,320.6011122154047,318.13388497167404,340.0370192054896,352.68432056603234,379.1585141733171,333.68768594353014
311.4005059599601,324.24439125867576,274.80533454943367,257.07876257103044,256.01738420709444,247.3838567987869,260.6009544036889,234.9924165213085,254.4589636971185,314.06218057926804,382.3884340834029,303.3780722564219,269.7481377906479,258.59546630524574,218.3391828682831,239.6836917772558,240.02439810992996,221.61653816337355,212.31251859383596,206.7225802539404,179.8979385903882,190.41750919513183,185.00378315483871,176.1776783041533,182.23392703244252,181.93517319915404,176.70538897047084,184.82619733149625,170.92338557485598,161.80414637198942,166.86048024142428,164.13524052367043,154.1575577491726,166.37230713648012,178.28931485971432,162.9971600750382,172.58292512233936,195.30926058647805,187.91245678903397,203.931475768059,226.93242708441525,230.72710709258988,266.157341400559,293.6980955146132,335.2774297437926,476.5695464129875,514.2904236132342,681.6998524480217,1002.0097165763198,1091.5397805612365,974.8720232479914,1012.7026596595676,1177.5128193858848,1292.5484196625866,1501.4679624389005,1648.590676921445,1598.9282792136037,1641.247706308112,1795.009851309948,1918.7823503599363,1909.0074457063797,1993.409699970852,1974.382879813126,2076.688625836138,1944.0178618779917,1989.950578196016,2028.1873187180836,2013.5293347036943,1912.5092543884996,1926.9266662685548,2071.8948377101124,2016.9564994608363,2172.290049937298,2049.56893445314,2010.1134381106024,1948.7241929261784,1848.1014135399787,1820.7759584967168,1853.9661693838857,1919.653170741356,1900.2306718887987,1794.2333374580453,1661.862114693935,1729.47326498316,1788.393757781016,1733.491567762144,1680.9189238423326,1508.5941823528951,1421.900977814516,1405.4534821139684,1535.8424646203223,1609.691566689822,1613.4083508155004,2711.828198995521,2681.179891472588,1978.7076947454177,1817.9316697886816,1628.71065527759,1470.638053535358,1513.4666275345226,1369.5433151802476,1335.1479591301654,1376.568305524744,1336.9539342466255,1279.843935243203,1245.52657121683,1153.973140623599,1115.6036821868502,1167.4558873082915,1139.849452709765,1169.3094570292528,1080.9916624200544,923.4130052890996,891.5220456980039,819.3002643236125,747.0017486039436,672.8286191756728,640.705144595962,649.3056813596355,564.2619398439462,567.9862345056661,508.6204009618298,493.55377420686506,509.5155495870245,491.8665740619736,467.0817429148589,469.87866988589855,442.1628950610768,396.5588536708,407.805967765719,393.6858815862993,397.2393450550553,376.05662385479366,349.96347772250965,371.0390692435264,348.32245944228475,356.8069451173972,361.2023931874155,373.4122034660143,387.3346700336553,469.21538406605134
129.75178658556237,126.08222237699168,111.23977904014514,103.74020496105588,101.53545126919796,103.76797775886212,105.03445961075144,100.74107139702892,103.93190125299697,111.64746264639606,125.09195934037167,110.69827767991748,101.11868191400184,99.67822274342016,89.50845127304434,94.64681674653472,97.82630260733598,90.03062248633384,89.11377412410852,93.79806581082208,85.27874338829069,85.18047187002243,86.14590242914034,81.84165280986464,81.66503011111459,85.4831884430724,82.8991997993683,82.55903780511339,75.28683566947481,79.97680417075273,79.00838522277567,77.06877406633431,81.27693743271183,86.53145085812622,88.71577227260045,88.74664164181178,87.00608611847255,96.36151871578193,98.10497221369316,104.29818963748708,115.5024402659166,124.0086630838016,134.65006692950976,143.0078902668499,169.4865701793397,208.34548031552023,219.27447083256476,273.87478834767313,354.33842694510065,430.4505916410251,405.332512958616,429.5336580315554,478.6326235494569,504.27749312786017,568.4035498610076,626.0728588361773,610.4745898274979,637.8824470236829,685.8831958270432,739.4336690177228,735.0648856254068,768.8140737371764,730.9926426005444,777.7279166842216,767.0476423006279,790.3433466954344,826.9302125581611,811.1761456828347,760.3560304195082,745.9214631393662,816.7546923154957,780.731849265587,804.50590214953,752.9666213043736,713.7163633582387,738.0450340896249,709.6046595008551,678.993283790583,717.84350880059,723.2792709250438,697.0780073131488,703.5108954781583,650.9801915519745,706.9903332639857,731.372724297695,686.84454477456,652.9710635498006,599.5922291478681,600.4277250241892,676.0019857544553,675.601340340625,654.7307428488331,656.697451026302,936.120574003013,858.6295719511805,758.3667367984071,724.4182619090111,682.8422537263104,610.1017766252278,599.8718015367776,584.0305829871728,574.4098644653176,610.5796794890892,587.9643560418006,584.3200039448628,561.1721400322156,542.7482910073958,561.9294898935698,573.8338588586621,555.4096955862889,498.91422985225233,472.5798576482139,444.0065068317018,444.2189440583112,434.75811382358665,390.1413154920013,359.3970229211977,353.5921561728484,349.453693706973,310.7489962767958,304.34039082749007,289.1390846840403,292.49227904663127,284.6484131231023,271.6732191902158,258.9126394401667,241.7130373615788,235.23220683133465,224.18213993999316,220.9046018022541,205.0626737830297,199.4159131993814,205.15268711190456,199.28689802783651,205.3935131869296,181.230174834061,170.01546395137007,181.3787511657008,182.12023410980075,183.4623096558492,193.0009155548497
76.47007397852386,72.33885825914206,60.26597329230284,57.61889021904377,53.70674283528153,52.38017814256104,55.03047879613173,56.0712142233484,50.82396689286603,51.45882262201699,47.38744065753038,44.98275393651252,45.29642196726949,43.9342646562455,41.36537195733709,45.95288137902116,37.721612674333954,33.90121067400522,36.23445229699692,38.29601750927058,36.0988755624504,36.36393256929378,35.80167830605704,34.18585941810438,35.38601629567294,37.27423571944959,37.78494717971506,36.70964132626688,41.14583254619565,44.90777971408524,46.80232740686059,46.94077085368949,52.57061538108373,51.9893761303934,49.54032358693477,49.39365865843194,48.35150296543731,46.11066007609088,47.862525749063394,51.66802064165749,56.06832429226215,64.68299521891237,64.89607856722799,65.20509315293765,79.49735993237441,90.31597151066993,88.91043635915089,110.16943753468806,122.69682528912485,140.641554726996,163.63322128662873,180.46027350467844,187.58776149564088,204.52457366179644,218.3031035956326,231.3390949765837,229.325548301738,231.41673649968985,242.59805149398144,250.1789983957957,258.5301097978619,264.2771198224192,247.3348865203189,272.3421999590741,266.25024525911857,282.148906365962,309.66865043843893,300.03145635737576,291.7368477263338,290.05023281439287,340.89470284752525,306.9765438698544,309.9356763807468,277.1619306500365,263.02148102599864,273.02155915306287,280.60168169196675,253.6671613367625,290.21345809407404,285.17667382970865,272.3251105473299,301.65653798392225,292.0158448000953,287.32181268690346,294.6811247617671,284.4291043674875,272.8423315865076,258.2052623667651,282.57163784752345,343.0328463297246,287.9882655295166,264.64302863989235,254.0557787617844,290.33349946678936,250.5765146299511,231.61232378539032,230.1062944469728,231.08159205760367,218.57062899128047,210.94505557117807,225.42583286864044,217.27484568057676,233.3149328471191,231.46647099379763,220.2605753550659,214.0646683219511,205.5232383864615,214.3545723548942,216.25516547900008,208.8974474892012,197.82608146434683,199.24472249728848,188.8439473586943,197.31748262498908,201.4808837644106,187.0927441456056,180.8969275007175,176.47675960035764,175.3094522815352,156.23226406297178,148.90230453900065,147.27437212688707,149.649588255175,135.6876039636612,146.01446066057457,137.44099209868415,152.1285897866435,148.92377684538192,148.08496890072485,138.32301602010477,126.06227815813487,114.54053635589132,119.08465515320084,121.67180700297656,129.2921046455223,108.6247803781142,100.0122315394075,96.62788265811488,96.28376059257953,98.68725377498308,97.88609291066426
201.55373386895712,205.7163749161083,185.0952557851401,185.75651219611427,178.17514813982964,156.29237332922912,157.4393090235778,166.09222588341015,146.6097316504676,136.23054202029456,125.08821087806407,122.20753505720828,128.3850309135185,126.71153796381353,121.39836813568544,125.8675955267945,146.08357283001436,146.5830557529702,150.69593599821383,154.39378596378654,154.76915482817705,154.64556822591555,139.96125360539165,142.33015412566934,144.76273774561955,141.68274448020483,138.50314589392283,131.68923215452452,102.31774414158706,104.44435862519047,106.6045039246706,102.94923161327418,114.43818580472885,133.04094939600574,130.20188240857206,134.2413373068453,136.69457890843265,152.11847063561535,161.39953955066542,168.43288328419513,175.35324249551084,184.85852642248267,185.4758763492258,200.6269794617888,241.3796380104511,276.396550656176,299.45652024914693,361.648386395195,378.2951757107209,401.8257882578543,380.8340672738919,412.6819258429138,424.0026057986712,453.8419429219494,445.0593876384859,471.6051089509011,480.4297321201459,477.686516413921,513.7778060688083,537.2943918826927,526.4278679269269,520.316539376074,509.9462315238319,564.6610593522327,511.3842556929951,531.0354816317798,591.6276743056848,562.104589859271,566.1008513561032,560.9431030869039,597.22637831627,570.6937679435036,642.4967900877502,576.0383038730323,561.0502294238407,624.2751446934617,620.0451766343078,560.5516185367665,579.6135939332094,528.3470418079155,535.4909231468554,564.264849430428,555.8074413391138,573.4990820868984,542.0925749553654,555.9105969401302,526.709980487891,521.9181226363866,556.5208579409656,576.4509206071435,681.2221460281357,645.375890969488,658.7606556972254,678.5536658105846,643.4119788704614,642.0413000464042,641.2081359268466,716.8337646892653,689.0475677069618,644.7861293187027,692.0517329128363,668.8358053326483,658.3176839773988,629.8182641381234,635.3767146250011,641.4056495607941,657.6325158416871,643.155526138692,654.7366776636151,623.9116647325428,566.3733226179614,566.2529100005262,541.164187814659,542.9421935651295,543.5458442458955,540.6041585931538,505.2181245136834,496.1748172329831,512.1280566334707,470.2733845690177,469.8196501273024,459.66806224390655,464.881441015659,467.9265010550928,465.6168453709733,423.03472182123096,348.942474927508,357.43271452274246,347.402256387223,309.0844101176516,339.45822031440343,310.97690122346694,289.5971435293721,276.49053070172323,270.5130529284626,254.40073223825763,240.468184522161,253.66713567443557,275.300035866164,243.6215480167777,244.55346725497236
541.4640083724084,623.0230410450057,520.7633875724092,486.3450873402613,445.2846547051884,386.9746130342818,388.6854136824045,390.086554547753,364.1269390743324,368.1187519657024,345.15772931308953,350.6998398064823,364.41130219689046,347.52458698541733,326.09192292718774,331.4393493074608,316.3528656476056,306.0415655902036,315.1052107514068,315.9725070546937,302.56531037036456,306.9161274014177,278.84164327170254,278.8877303358112,283.25634492226976,274.17434458250955,271.28790150587287,277.07340663699614,257.90379096500857,260.2546370825286,271.7180421532492,261.4895204129143,279.0401141475997,257.8228455358308,256.4920893402331,263.6358852002796,276.9993993279994,306.15835433438747,321.99685012475845,356.31446901477733,366.1834966079991,391.912914398429,461.2368703488586,544.5830231653212,705.5998927066959,821.2150324713818,915.3015100289638,975.651103615408,904.7373757943694,907.9660700373836,874.806613535411,852.3488354412051,867.0508817334256,892.5495983614452,886.6268185199917,895.5400203362228,979.1401521935128,925.7405671847272,928.444986498038,934.2792408275526,960.7418273822632,954.8172957463884,962.4807577770652,1008.9393107379976,927.1311974463764,884.4091097788508,1012.2290813129152,941.7741463845532,942.5409722096916,1012.0063125637444,1009.3618586388862,953.6976361957608,1055.9910868020463,943.8056287668971,938.2312238964907,1001.2903099212411,964.03780230167,895.7280043602791,926.1165042243188,884.9342722816049,882.5754526183601,967.3550979595076,925.0307102078848,975.1477193679244,918.0243734613928,1078.0887383915908,990.6614126930732,914.2522263152134,895.5433870908737,972.1958856871884,934.6290025131104,886.0395843326238,962.6190752662644,972.7632580988728,908.4599223584348,906.1140613281954,955.9301198929654,1034.2891044375392,969.9729549235416,926.7539546703118,943.7637552956623,937.6466940908086,939.2485022208068,860.7117504733781,776.0841249146058,758.3156956474955,826.3957860106261,800.7559878640175,838.0858993912527,851.8402005157697,883.8720007515843,970.0588251024878,883.9922494706445,849.7485318832395,831.1871482151022,830.9755160695985,782.2806162878379,757.6059808974879,785.6398569782285,724.6786752691501,735.6438568074277,714.7511124230077,730.0792520168928,761.8017019584476,742.752611299195,701.5504387734485,718.4846188503808,730.5229718116004,728.8936930977911,731.4184381324683,755.356855063748,792.6123124178015,746.8047065330619,770.9711632212441,862.9457453791323,828.5987052780898,844.6787452890401,756.510689945868,824.5674269403893,782.8169533610761,697.245594112919
448.6842287285812,461.7233987136268,433.0193425484284,412.4734330068606,383.9855605812842,338.1212663447389,340.6325080807342,321.2234379392656,352.16411533785737,341.35599593513314,318.7894185611605,298.29878225658643,311.13574147589867,295.6086190160655,278.2330526125731,284.1018214310038,232.1276985745468,227.09131596827535,229.71799123922864,228.0041653002064,226.2445330974286,227.18510949424936,220.4158942241487,225.6531592193924,225.4720211712555,222.1539439837428,211.2402598484934,208.07993938107452,239.662481521574,244.97012672612067,249.79660021285017,243.2212753555498,246.41430312615077,229.5426920583882,229.5333411006582,238.6653955626828,252.12008762919623,244.7830299817699,258.390026142637,265.04035188827163,273.9863165596159,288.6525459849827,315.97722039715785,349.91785797546447,405.38426668232086,418.6305908647808,480.417688532649,505.5453199501988,508.9530650692058,591.0531052410994,704.7786654721502,732.6416569222464,756.8407811115776,797.7163216414217,741.0095199176042,755.2307194699516,806.0620299754283,771.7428285636023,769.4731897752521,779.3090555280118,771.959210465176,765.2495942243877,722.7974452619316,773.8141314825561,761.3789868421651,681.6132903773674,833.0566210528873,785.0501699643828,820.1145515150581,828.7182585728403,786.5626157492218,739.8046532046881,742.0803432884907,733.4735042556267,727.914582722525,767.1787491436254,741.2833821489577,740.341762612425,754.9125025623007,694.2382519077229,704.868574514464,752.8372523120429,749.0526486715598,813.4745686933854,705.1394689157846,761.4092683123924,700.1317631838989,672.6516431427028,673.9753190691323,661.9340723117724,624.8050427972034,617.9608741579565,665.7964106170876,642.1624545232654,655.0477765742773,600.6067519741063,592.3277114176592,616.6506219245351,632.177800983239,632.1250842157377,615.9960260751604,601.6995509608757,620.659077961916,544.234982349407,651.3765370996654,647.6737064445733,820.6102556111211,743.5594677619155,716.9076842015891,695.3254602951126,562.7839409372888,576.0658063835256,556.1974013028112,528.7573008145187,537.0082480181766,541.5413673960555,511.7802841688936,500.5489964459792,511.7742023972061,535.9854381954171,609.5588848177564,547.0235055215384,547.658251038458,514.9543360701961,490.07730540151096,474.3704781330129,574.8307410827891,619.1208633386016,592.7014322517829,574.1202111098447,542.325630735623,550.0541301814145,528.2460351315863,528.8645839689422,534.0192736009298,536.0694886854484,546.0543253954751,511.13678538904657,544.6819315617229,495.46644823351215,470.762104507053
301.3551507727972,301.2198931059103,278.5253221271821,292.1466570313505,266.89255273067494,232.78645152229748,227.147565054576,209.92323911984025,217.77875418143552,221.35965943514145,206.77442549790985,192.71628742880128,207.72981866355423,203.8259112974173,204.623899808183,209.9432591634004,341.50626530357886,349.03288802308225,356.76170974853903,345.70060434342776,351.35858897504147,347.73333961601446,343.5360800176119,357.78563281442274,358.2960362390391,347.98869525213183,311.38168200988366,314.8357272281891,176.30640351831548,178.16192619357423,178.757763157581,180.2477965921537,180.84181301780936,263.1083259767642,281.85077504552754,280.9769533374864,294.7793622070062,347.2481684575612,352.7702573271025,368.2251159072643,389.0162477695057,411.5386303341574,435.8665079203961,479.41700372701865,501.4327651761233,503.2622586042696,572.6996857027959,616.9859503140892,641.0771350423252,762.8819654312111,471.2422237254629,495.20401283562086,490.9144469116232,527.6829839304947,557.1928861804181,516.1453391650756,500.39383131395147,482.6112382145871,495.23601051648944,504.8018186685229,522.5600162314838,527.3292360991338,478.6051758572336,531.074516589414,550.8216336000219,503.9288684587725,574.8457384170977,533.8437641815544,590.1336095392913,557.8283734849415,553.2472941348275,550.35287036662,507.33510131359503,543.5456635800849,532.9393675330602,533.5513080617739,514.3058200811431,532.4905928883746,570.9076974192996,539.795042754602,525.0977066420525,567.4494984906053,574.1821921242944,580.1911967208871,522.4103450283831,563.9353158336448,476.9247431915567,479.9809825784426,507.05577886355707,475.5932223047948,857.245382867498,870.8949773599671,905.9838848951445,896.3694346737512,977.2131139648468,891.315517401325,805.9549505497994,762.2253648538156,782.2357954997841,795.1969629583981,784.1987788487143,821.8415317393252,804.1465435039524,705.9393676219923,542.5483081559296,529.5023701205324,599.2280840758679,557.7327622809624,564.4499106478894,545.4192155002696,676.0564054857209,680.8608252167614,710.8946303966871,678.0499752526108,699.2413558736084,719.7544760035463,699.7850075987933,677.7121529081452,711.3598006583186,693.1750466052627,753.2715215589737,718.2935952465905,691.9539860531031,630.5718154706323,635.9794913533811,589.4874302785747,380.3000205818834,410.0785482206177,408.98536847428016,401.513302363319,371.4985709061978,370.7265452563108,352.7260562992597,339.5557792999758,320.4022329186678,322.1731114021464,315.7552584107398,317.1246611241432,342.6620148374522,305.2997236537252,290.8921352289082
238.71846218627752,207.29783520876504,217.30190388037505,203.2634144609289,193.82260537760945,184.7833695906468,181.87245535126848,166.46727183925927,204.32835116064004,175.72440921978207,163.72667413207228,159.78118777616226,160.18058523849203,160.14486969399522,149.390126488163,148.04359060496935,171.37698848481605,180.2635920789536,178.2870901074393,173.84878558736767,179.68203377346234,180.3828334869119,158.6724894851093,163.3140117279873,163.9027949373954,154.1732905768861,166.4550459823892,168.39859093879426,138.35359456462783,147.3555510940812,147.906198540715,135.5025177720753,143.21284177345714,202.99710159939085,204.7640811139472,229.8556212535082,218.6371334756444,192.5488228800491,197.56759904267489,193.24655890418572,200.91612108277369,219.01995468879727,220.48092191902305,242.6166200724594,283.4740325882163,289.0734224780033,298.41518015801023,383.40293887737295,374.0523831993,355.919780953822,311.5823055994599,320.94410552710224,297.4164968646364,299.81338032459985,327.7389555781414,400.628330497995,354.46288967504256,344.92972874418,352.7948710493165,347.2651208567187,350.24883166953686,340.8890091576871,321.2666821161793,356.0676306534036,350.82239411393715,375.039324873725,345.4691686993579,337.85800570425874,334.82511429808955,338.71588348157445,333.5220976912478,369.9782814074974,397.6500724371074,363.2734723035865,397.613455773805,422.76117789120224,413.0577429760716,448.97642716189335,415.55060291885786,354.36775011977346,364.5147574642574,368.8835197824012,387.37276067873216,383.2315112972455,373.8756964691516,345.71547582296915,349.3343372988822,364.4147722651616,379.8459779510668,363.352911368841,493.2121730315112,494.4084301094053,488.1560364986887,546.2720223126365,497.1474200434309,493.6529272809409,604.8075671849728,553.7386823050431,521.0769073350385,506.34320619465433,543.635845462576,508.7814966410742,505.0088931360854,498.2551510965843,452.358071211125,455.8492598850636,428.2846335196563,428.8067638544403,424.1389895155057,455.203854255011,493.7536956425612,503.943504531204,473.214773679868,486.7216386558071,488.22572227931295,437.5261652857839,421.3489093414364,432.5005737994824,440.43041744262734,430.2363825867728,449.073846685365,390.0187511595644,415.33742737965486,378.14411296970496,354.63262510712025,354.4721901420848,262.35171119342857,263.1037330095558,265.8654079459303,274.66594412557725,311.1845159681815,282.2411755893687,276.44822581392407,252.038990145772,258.3252506036638,267.87969947575505,271.815187835758,256.4184282092787,246.0798900621394,257.137280111646,262.8780318084606
506.59700891884825,432.05690759842616,496.1189120007667,460.86442964496734,456.3999796588735,438.6784993449931,432.36888345687794,385.5501528639671,491.6302894617303,424.0460998992872,393.26820718330026,378.7624343024316,381.18324195572535,369.445858023546,346.3716644200294,344.7830379234712,251.23101341574665,261.41461808567806,262.4347862282585,252.7173516613208,260.25664478722456,279.241482814663,247.3426249635836,240.64832489271157,241.9725470184792,227.85714600812688,242.6090621760629,250.56533364520664,315.84546217686045,334.98876538114,343.1590317904334,322.30801414294257,319.1240777317,324.5624105973518,310.99895233503844,375.1580938551216,378.00199047787805,252.06023820917463,248.4972030563233,242.6442300909992,260.65716900390913,303.2749035303976,300.8476081383788,317.5475389879357,382.2826145100144,401.62912108342766,414.7346999917028,543.2846946226009,537.5737006586337,493.8185724103237,681.1418478889437,702.4371685900873,646.3764222006367,652.4107420668109,712.867698259822,918.3069235761368,818.9477255658569,815.4630299747762,818.7349779250369,779.1349165722797,794.283379529174,718.0558568283486,705.7576501043524,741.8847850514935,768.4238232899952,861.6152521952821,776.0172695947456,754.6882268509339,728.9845239079929,720.4394679643494,703.050600877683,765.9416434312884,788.2098811974145,730.7967356080313,816.713808864614,889.404100296533,918.4228252287036,1030.4486391294397,932.5050630757122,776.1778398520901,762.5533627601657,807.0345900140687,859.9027719546542,861.6745219279762,876.1591874381702,788.8006612051016,857.7999333147243,864.1151295825972,897.0082775479787,845.2491805080507,715.7238318135142,675.097473096152,684.930326497149,782.8020352974975,710.5467998911183,700.2987523718928,814.7755882779248,766.1611381035498,709.0739850230824,686.9012064681174,756.6372689040124,704.7535375376156,682.9950509874793,666.9549132047907,736.3398675293491,719.5049264882597,698.7980862191305,686.4853756344422,684.721086688817,699.3424456189165,620.1372286980974,640.8851321741834,641.0844589961827,660.1001686476508,668.7286921925042,596.3950060632012,576.754793389072,569.5901210606712,603.9327987091467,612.8658575503655,663.2837750775672,559.6458161737315,526.8846887903665,507.277761251149,484.0079823502485,467.74203366126665,570.9075474121395,625.6136252896828,645.5081006839351,626.4537722233232,612.7754139272415,569.4376248298626,614.0640500650107,582.914881113567,579.1457689594848,589.3359559491972,549.6101214445536,529.3447454613383,511.4560897776425,569.7758739370504,554.4215948496702
437.51996288244,364.3066993511476,407.4252244975541,363.94071126168734,417.10169638763415,418.3557298676639,429.1418364793746,333.10619688404046,326.5070690364978,310.36692030893414,275.2949977857686,271.7678588859705,256.32367034633336,239.39509797947545,248.36421682788503,258.27392672144754,178.22298513298298,182.66909755602043,181.16999380466768,161.38100439671652,166.0978214119792,190.86306867704585,165.29991911202558,166.17799287484152,171.28632652167886,152.2561414985019,154.4347344876239,156.95157721499936,207.01085170672044,214.1701850070138,212.1823231851177,205.2463574847832,215.5073772781778,196.78554238204129,184.67618562808732,225.45125125647044,231.0081345741899,183.68209409775048,179.92080368057265,188.1573225631577,205.9098534148401,245.70060508127384,245.10385266026017,262.8245309825303,323.0975769231663,335.26314708829614,362.7409187358022,453.6623234676832,526.0757427915338,493.414469243036,727.6879197959412,749.9921222019599,740.5456961145311,810.0703741074136,873.5310861869353,915.0004146172312,838.41304606792,948.0797627220768,1008.6068723889798,937.4743280273074,1080.4810839664722,993.5853896758764,963.20365369441,965.799781857576,977.874206977626,1006.980437649667,968.2483254273684,1044.462827156907,982.4871343698608,945.7985537248816,944.251692015853,992.0430068749504,986.1248051587928,889.2093772514044,953.2218862634744,976.2887518139052,1083.2244024600031,1051.6375919583527,1083.0716568646978,1035.4500524170758,1010.9773416696596,1030.2998020234024,1036.8819134546638,1020.4334207718728,1147.397221867988,1055.9609214600464,1098.8290495115373,1171.6449179055578,1152.4927306154516,1049.855127537058,729.2292658394965,677.215753300416,698.6731558122759,697.7868120669996,689.3767938860345,816.7977745418209,958.1186417625148,785.5047293467488,790.368787996002,702.5609175816654,662.339228550056,663.6453430411424,672.7965757785088,707.6641038321357,856.7590389337469,875.4962784081704,871.4046454249282,809.2976236887164,845.0102005491477,841.1585965941638,628.3022825000303,640.9231322284251,593.5741909317094,571.5572183938275,556.5856629996074,495.0255999692848,488.0950083846682,498.0247835574704,509.95404287507824,511.3767212988709,518.2611512501404,482.8360701719996,454.5123597250284,413.3382893993544,416.9559509992623,435.29735284583415,529.4716532370089,614.0043679592364,558.0003302613657,543.5093797710446,579.6664235060956,542.7999203974605,528.5123978896221,471.4852013934114,529.532996600568,541.2564946764267,460.0257053532671,436.2352412790316,413.6139926001892,434.3891249906684,403.6289277260229
222.79072506515044,205.81521928733292,280.6047924391787,229.9608692633315,211.9884549251136,207.8500593040009,209.72256488016316,175.57193604156652,193.99324326124528,191.6257453518741,171.9119751171426,169.4879332449514,160.17003468089024,147.49780090186292,166.58254231098738,171.089255261719,136.31854878868944,144.2463693924539,146.37674757719546,133.3719025373151,138.70786395495514,143.000688525249,123.85398388653928,137.2552177359959,153.04635390930258,135.6187247462934,134.13316470920847,128.9183580007707,137.56349728059405,148.05914463022563,148.2829366454711,145.36699851984253,160.9697668684,167.49756086407092,157.38560809510054,178.77997943582227,185.33299797980152,151.76633569315595,163.57170766961795,178.64293624343807,187.67068442380284,228.6591133080938,237.95886147884792,257.97538396781385,323.05352607188644,354.74354672539835,370.4709535268258,452.3957472186083,528.1717687204859,509.7026164795968,632.8921398105688,645.6301898870629,655.4071721854224,717.762971534574,767.5190782465099,806.8671642244427,775.0331045877225,815.8443580375275,863.1466303402383,842.0434418939332,1014.6360901637026,1008.0714131085016,923.8739853379795,911.685688728815,944.568001856434,934.2882907749428,879.3365519730658,889.1511894636213,899.990135888827,875.9050174788629,905.7019968073143,924.4945165125416,933.8142934344892,904.7387031013236,921.5054213388202,917.6727091979424,985.0248678100872,963.20002384246,1014.8320362686974,1018.2371151581158,985.1193249872772,963.6973989770224,976.4230491376748,962.1924242978768,983.5857734156596,899.3988614024574,889.9648405905516,902.9225484306528,895.5723756754672,942.4805114733338,777.936176408667,741.4928796575961,798.5866095293834,747.3384216980785,755.6768879386568,794.7055372785347,824.7606136369213,776.3438871645228,773.1400540164922,742.2004384324745,679.8323728354642,678.0900549745514,681.2809205132572,680.2573801296481,653.4336935890217,687.1850603049444,635.3115115261628,607.6368086987719,634.607438991401,617.4948685286358,611.053848212812,625.9037703686278,591.520437484761,532.1804607564492,502.7113895321724,466.4845037309517,468.4873163381848,462.4081563221196,433.644849927921,422.592030676284,424.4168279903568,404.0742498827312,377.7823643162395,355.4681998508155,347.77387371841,374.85938590111306,381.0058324390864,426.1465743242793,389.4074087816065,355.9486574443982,364.8128994466687,349.3061769501025,330.62675266921303,302.63833454731974,320.76752117170633,314.24337888071665,287.5416709532317,280.75163941516826,288.92507000542474,299.0830663580837,277.4186766442639
392.07009681982106,369.9892000881613,582.8323471810002,464.6887647401806,393.9733034122875,397.4896987983276,385.4230530602604,342.60514409693224,375.769408616128,355.8309499737827,328.14849278546853,320.2593036981768,311.249758878123,301.7447610934849,342.2072434099843,333.1922787276336,268.70321231378364,273.8982754078586,275.57187884729694,275.39554457626554,273.21737353701104,271.0212164542357,247.38611058997697,263.2655211267945,298.94951362009414,274.0684924861368,255.3647130802642,241.17392687697367,273.52274610858285,286.5594529958984,294.07233922183127,298.31414204511174,308.85321261542407,264.002426012332,254.3154841270681,266.843849633627,284.33298224341365,273.19288201031765,292.18162722988296,292.38178983614984,310.00852542465947,355.9682667282717,380.4207469909384,433.23452993001246,555.6899608634698,601.9259780785213,616.3328594627877,785.3355945037019,914.1957041713594,869.9207454211399,1123.489983923098,1140.6863560142826,1216.1470634663972,1324.8193191315931,1377.2544971259983,1453.6514420782992,1450.985249351431,1518.2866363258051,1675.2543290641063,1630.713395248605,1912.203261802461,1973.406906441163,1788.65027981524,1785.657434769231,1858.7562572233223,1806.6044129368836,1701.0719684696155,1655.9480655478435,1703.3901956960497,1731.159372156921,1759.486772427826,1772.7160917920453,1748.0785713758155,1840.754798908653,1823.4567887284395,1782.6659601124136,1868.7237217290597,1843.8961987192963,1853.3606196290075,1899.1177936247304,1865.4072686400175,1823.776120060788,1912.0213355146732,1875.50963055495,1761.443017253157,1676.93722961026,1642.7984369512471,1624.6644398692192,1614.4989182585025,1677.985695934658,1372.2999862321317,1354.7712862250976,1466.894723260919,1371.4156069536184,1378.1969890265968,1383.919774276913,1340.4937555609258,1373.8738925769312,1322.0518556699687,1406.6702698885588,1327.185088902184,1304.5472967206715,1292.6019475766095,1253.666197633839,1100.7957515400003,1157.6212119135228,1078.092397788413,1063.470628730846,1047.6254692124503,996.1125032201396,1085.5187840518786,1086.966775008921,1068.903507249034,1070.1619760485491,938.1619587486308,834.3359090657202,825.5448687645561,853.2392738541007,747.0561816042592,708.7708110005746,704.6603330043454,638.9620713375987,615.0577180199413,599.2501353173609,602.1702920850806,673.4395695052731,705.2134004914788,798.4645682808283,742.0013785970344,667.9282148065345,663.3742651817022,685.943751383694,609.5612915136348,597.5034854615512,600.4909417111538,554.4643120187972,502.6791884304605,512.237742074383,575.0073595651596,632.5000181329617,554.931564782852
377.9275056941267,372.2238096226484,449.0448767277194,376.6277870451804,386.8978664248967,403.00029306480354,374.5970760530618,357.5352875190878,388.0433203106583,391.0739928174479,371.36614973952015,354.9858404069057,317.60689345598297,313.0529996141607,328.660315567935,319.15062772499124,219.9271254201569,233.9571382722304,227.52839024927496,219.6780652826164,233.2689378307484,233.3236488333302,203.4133286898785,214.48255326445823,215.12920856637197,200.93606960318925,205.3629091244434,195.29873021905715,266.3678247277187,289.34162341832086,280.8104085625469,282.57612131459547,296.1439890213184,319.69807841321915,303.0567183420105,330.2068717966972,365.1740983545089,240.21500194506729,248.42133527828705,258.19837422227266,275.1992875523377,327.3040434333278,355.0766956698426,381.1891582014704,429.6560506868449,477.50171495707474,518.5116053599303,667.411295962159,701.8315366837587,739.1052974262211,1141.9066981738667,1267.3838403586471,1433.6409760041145,1622.6781991182188,1807.2804450103629,1800.0403033444084,1999.4355256306571,1983.6210809964805,2030.7471300150285,1972.652115858816,2142.5866946249907,2062.882180043156,2055.822796382124,2142.0323466691398,2193.2742050195384,2126.4749670005917,2094.215383430794,2126.5565898045093,2162.669392532505,2349.061839938872,2285.0903966312744,2227.811786155821,2219.882278386488,2178.238020730057,2258.4290276640386,2330.7498839329864,2306.0052042698417,2380.4384804336787,2514.214984405364,2433.0810481436106,2351.6144968023,2522.822485971126,2620.00811462117,2424.0984463240293,2274.433510286161,2174.569768566081,2120.0277962620894,2135.360026938384,2088.182752310035,2056.1803987390244,1471.2903744014409,1579.2905123971425,1566.0591458837716,1461.334790434516,1475.980980688994,1397.0797852419707,1334.707658537495,1414.346647483398,1418.134483810504,1457.8743879844144,1351.2917965246777,1316.7686022427538,1316.3439446040516,1240.2955117525266,1425.393047727295,1467.622230588294,1372.1466083602716,1398.8922903626392,1438.9512787571696,1303.1732679850911,1072.65627509644,1070.4655112343987,915.0427714588552,954.1017472526404,919.1573865587038,810.858655747007,834.7329578498429,816.7917340963098,696.2183776650023,628.9868775056366,660.2885486456572,581.7010384292628,555.6401503798376,550.8502179067676,580.4739874423319,635.3772656290114,764.5618317209005,832.7577198256937,762.4771732639256,764.8047547475139,776.3973854356254,750.0014111274154,655.1236540203364,601.9129839329586,617.9718500377476,570.3338210928908,517.2414491581844,522.6673625448561,563.7357452510524,581.7797552672895,579.8947897207705
380.68150910265496,364.6421227842324,379.90800869033296,369.87423725876897,351.4861864825136,372.8657172018098,353.0271655139505,348.77819465529586,350.0563595767217,344.2323711789376,300.28887768790634,313.76260194302387,300.33656955513266,299.4474380583309,307.5739361623842,302.58837215981885,221.289694319894,225.5857038846296,225.41351384734836,212.03789458232436,214.91478991365756,233.0266129186416,213.1269368109813,218.15348044930545,225.0691017572223,218.7134440193795,217.45303976465263,221.3470314896031,259.6317140363986,283.0015764854415,295.2694412357453,267.7388123856236,277.00110228129927,207.68205275254405,191.53352100014988,203.75821714698105,216.90539036816176,261.51216926893346,261.1986293282569,283.34289700737384,304.2291498622476,325.94440945555783,368.27830743323534,377.8230393238232,441.8287507551664,502.5985296147798,538.839782245448,703.3240878079151,776.8722337066191,929.9674496830644,1319.993961104803,1598.1532173090916,1991.7302387461864,2259.940724543889,2403.217239567899,2463.3828660275403,2591.241013768118,2557.592535246454,2313.8751450563013,2420.530348278074,2567.8371853917115,2561.257217835473,2625.614902093454,2897.03556500512,3045.3298412690738,2836.784464366424,2725.839269744457,2690.130174607828,2723.5509108610454,2739.3829619136377,2870.424236667189,2605.5605576022604,2637.69690098641,2641.137825638505,2596.819961188101,2629.6512671781006,2544.57515633272,2552.8147295678505,2613.102197141117,2716.7303072187724,2587.7241847261,2627.673487511755,2740.873780231232,2730.944008593852,2631.76041070803,2543.433769499593,2470.666708775162,2381.916706709577,2256.8990393125064,2242.3123403177115,1855.040965813305,1895.0435012482649,1871.5764137263425,1844.1803287389555,1839.1607922968751,1890.3351997048,1817.1463070139368,1745.295394166606,1756.3241829651515,1806.80725677468,1759.82709580959,1789.942070843182,1861.5703576543808,1700.5279239518263,1515.480348591293,1495.0798209688007,1514.0132454928753,1609.4248500595577,1732.7900521072252,1585.7124988332885,1562.0492314871435,1418.569103468566,1253.7086769483665,1229.2955925413726,1161.3218860043485,1010.93658409636,950.241677747922,977.1291822134956,826.9282214158965,767.1097798833716,796.8507364305751,738.3924908921688,745.3770648094732,684.5680383761007,638.7312766006469,675.5516425402512,765.7574324285864,889.8503977522045,810.6314859541368,743.6194222178952,764.26125985423,719.9488370906187,655.0075965820869,657.9789246634685,781.7888023833596,738.4024199880662,682.8897221403229,661.1652467003347,653.9878320962385,654.8170410839276,616.7151900464872
271.71599705421687,282.2631442373442,245.9917717558158,226.4781064461423,218.56005843385088,206.26971540830468,207.70778523014792,201.51165194278892,200.4599318989337,214.748222324955,210.55106074872964,219.6015888127145,224.1056106343057,218.77406813769244,216.42373480744195,212.7231748274401,166.76714104224914,164.13513094453148,166.713542049224,158.63152946810675,150.04785277325396,153.82543224587496,148.85721438591565,148.14740480529082,148.73057412802802,148.24053799805182,147.0507603102297,145.5196147529639,177.22674357901033,190.02202322832065,187.7645727288399,180.86466915784743,184.72887390010456,169.34666031565297,169.16619094152392,167.14283146459212,180.1910338070442,179.42949383357157,174.6365430906195,183.5919092285144,195.1779711449855,194.04485832628856,204.83415172377175,219.90193105535124,253.9092490315872,281.4145225400705,306.476029027811,400.820062218135,441.5509308544559,694.308290230695,830.6332505993536,881.7929417905315,1005.3310971999,1134.0197223219243,1249.3143806794703,1298.9716802749876,1465.9533408418672,1479.929925854054,1430.492676443136,1409.5029819046688,1520.7363266124175,1487.3502764782238,1510.2377815466557,1566.2757031725869,1659.161929954766,1752.7616213744311,1811.430916964019,1760.7860564121331,1773.405507048227,1749.775225794496,1803.0204023883755,1699.137067661087,1764.6186538273737,1852.641272027428,1853.7501473274745,1863.9882535289685,1843.5542629808983,1826.828160420992,1887.644133017091,2025.5249703096663,1882.134436176652,1845.4609410334228,1876.433865259735,1831.960771465088,1771.547456803169,1769.1791389017235,1763.9504985333851,1766.422135433731,1720.8389478529086,1655.2026579416338,1359.0366173238697,1374.004182742915,1306.226304298553,1295.541778309265,1289.9288781326145,1361.8406397842928,1319.0072187635765,1293.9039204481303,1202.247657585951,1232.7872405947824,1195.8150987979693,1268.692689132779,1269.111260850704,1204.1604862055035,1258.4044076940468,1242.92274079784,1199.5529857946,1160.8761838160233,1195.0397801428012,1115.895647662475,939.8374293546163,859.5928887138648,798.0191144396781,743.5222964751852,712.0443672630228,688.7338704984066,643.3542320539419,628.4841686264768,563.743520291062,531.2470582964086,598.3979194864008,584.4053024707506,555.6775172387851,524.0179906493511,451.63468495000416,435.00674380844833,546.3505192869719,616.5646591298132,527.4193164871172,449.4862980665167,455.80832473371504,470.6668273958561,450.4389411924293,466.38735479737954,492.6743162949338,488.6511829996493,496.0861960985152,478.31358818610175,441.01008683119454,416.4925641105701,416.1335189326241
201.8090893023879,280.64971979278283,242.3002156590713,207.61335853774136,203.4826109817636,192.71303913401255,188.1021534400751,194.5310225390265,193.483076791158,199.4341390968358,195.19535535825807,199.53289703519212,194.48098466913197,193.1829219608948,193.89690839566384,174.1485492487192,114.09617679358968,113.6087524724768,108.64951939426628,111.29897240244142,108.37512075414692,111.1511736204858,110.76519083488174,110.23634771370467,103.95941815047576,104.05697623782616,110.03866544874212,107.76821923721155,161.50479463697752,163.16393121468715,159.16671961872134,157.29471099326668,163.12191166192466,135.2864674179559,132.85114794276586,141.46506162650246,145.5358952995408,123.19871915452404,131.38267224234067,127.94029777869288,139.70358543188388,157.6579464111931,173.1397694465885,190.61987765424695,225.8096022820508,256.04429955261355,300.2489716167392,374.7154895758543,425.55015864765096,668.4748216141834,1041.5197788068845,1214.06473319387,1414.4510758259205,1631.0333036060474,1808.1653928040548,1976.17703295462,2238.6702417384545,2274.276643164577,2468.927156847581,2518.0783148724486,2648.874523340456,2643.5422971263333,2689.494375932961,2682.3755990196696,2873.108797062279,3013.419017855661,3314.6655830949767,3231.268055196275,3008.2565451593287,3047.1289486617616,3216.276132666428,3036.369533419638,2987.9961821862,3230.841930158924,3175.9332850327987,3175.504687622716,3054.517874803637,3061.014854059238,3105.998660856835,3073.186998264684,3066.8149958165377,3064.5894131150403,3186.927071324088,3085.5059873457103,3013.7660169231394,3084.8820358769326,2996.768008896094,2990.467704899157,2932.6379062539017,2837.4914594193883,1833.2089564938944,1793.7523677334682,1818.4194394386625,1764.7576492407711,1778.8514021013127,1813.8074795772188,1754.2112174220565,1698.6792908276673,1611.200982671004,1698.6991282653091,1733.4376057320308,1695.615522026637,1678.929405961173,1565.9957608653278,1813.9401290179949,1729.8194264013384,1728.9051427328,1605.7895538287964,1617.5442232863463,1500.7561577776512,1178.8415959605572,1096.25887481995,1048.0228446633678,970.310138280168,919.0329881721204,860.4393953388305,843.8736702721022,814.2226379740393,723.7672139096562,678.6850937253611,726.40364645112,713.7353085833811,688.9166823652113,638.1432532585771,557.6615600794859,558.0615919661861,797.2305282117761,773.5160116252308,663.0143864593888,578.1221668346095,570.1070487050712,547.51531218768,514.8092315732661,549.0267958216716,534.4992672811759,479.5912379706055,462.98503154585416,455.2923080553403,420.3189423180373,406.3121763679787,414.75516062058017
254.0557776762883,246.8122693902728,241.5505711027676,250.4378419074052,247.98305300091263,223.0313049020216,216.50059989412264,204.05182961745868,229.4623684942405,221.37779474970463,197.1082398225414,180.9435178268496,178.3298694570079,167.4965697079426,167.65048750549005,156.79415699873394,138.40491926921152,147.1325816792657,146.8036996282952,144.54502582956468,149.61317955255058,151.7768886246127,147.38516863624272,150.91418745058854,140.68123776508057,147.0916715225786,167.98094471865136,161.86655195260442,166.90169169549938,172.720089213725,171.62303024587607,170.1988787123023,174.8042435650471,186.0357883588008,183.0782799714116,203.22691081936304,206.21009835163807,182.12017436207347,201.78437474238444,196.1636220263393,216.7998009497278,254.49166416347504,268.4950197520929,287.6374778104072,334.4943825515207,425.8198244528004,509.8318675168342,628.4270770692107,754.3460595277447,1004.0198522926634,1269.672765447142,1435.4310036802349,1763.9224108544656,2094.9141860479167,2294.526930470422,2400.4383897506164,2729.556459961411,2670.616608723183,2784.8755981111667,2936.8828467714425,3180.3796286453708,3119.4886787645364,3213.3060392736484,3174.8577503927017,3371.298389989977,3586.036149483786,3793.9081719595706,3660.118591255142,3538.6642200786728,3756.191385571135,3965.9407601645166,3769.328700288721,3595.6177495079905,3654.5602243453495,3563.887071219573,3678.7648743612176,3587.268366354461,3647.2000993491088,3835.129830810647,3754.13315942023,3807.434963608154,3773.615039938305,3848.875508487589,3596.678821042612,3593.5369375687574,3702.45221769176,3591.3824528234204,3547.220920133901,3684.95462835273,3584.846773976657,3318.344606433403,3326.314422076512,3379.721131479768,3234.1756275221514,3220.7863016039423,3189.908055611132,3096.7265034292477,3068.525600971164,2979.435945039549,3213.29973732671,3252.4063120443006,3145.824240100781,3066.7349736379183,2991.335077896621,3681.0692018870727,3456.4994129927863,3614.14552444386,3348.2131134012443,3303.051573810197,2972.946581861194,2345.311379310123,2227.7885442851416,2097.404981586412,1972.8334160236168,1875.9607960552944,1764.3137673506417,1718.1904653224476,1652.9562487500084,1460.931303848513,1329.4316853211258,1271.253029309469,1210.342050273407,1154.6291784876855,954.9518689983588,871.2385058418614,828.7441471049425,820.9149483859803,761.2557317166251,703.2898972345254,628.9747972403968,618.9307215696288,638.467492121638,585.7464038167554,633.5403145620379,674.7651659084947,607.5883212022991,564.4998312796955,569.0889747527258,561.3741833064528,503.8953202767526,495.80515411951046
173.74058357374855,138.48861981878107,166.76370926205607,230.5460293814503,155.26788216877776,127.57660776314744,106.34361455401609,101.59061742113852,170.5683038978029,123.77383849159531,104.99052786750848,87.65248203792058,78.00040597491599,78.6422904302967,78.90587108591757,75.45690765694503,73.24284591668716,75.06081707434471,70.26177346788282,75.61750563849469,86.53288136563424,86.34776498714739,77.84545503820466,82.70775888592134,77.5562556114688,81.30747720862915,84.18152826478023,84.12649018753974,79.52583986206662,79.09759585952779,74.85553162798678,77.845149410704,76.85612947677801,67.74535557327538,67.09100952167813,71.58848567215786,72.281410418072,113.0259220249432,147.92293183461487,141.28497247378712,133.22321383688598,151.44245344674545,161.18895776511835,156.2095334884137,203.94785442015177,262.1736177859317,292.5082208445047,371.68422662573846,401.7774215059717,486.0188415256928,544.5373629339928,588.9592468078755,760.2248621524618,862.8509846588554,931.2671037785284,1004.1872276625668,1039.790527279102,1020.3656397153972,1080.5614931505795,1140.233216927726,1208.5202169394197,1339.392648386489,1380.0523484688476,1304.3926294033513,1565.9783481772722,1590.6622612388016,1597.0085355059894,1530.014955890049,1549.8682261662263,1629.8676523486429,1825.6471184557524,1791.0579258551256,1667.4909534822473,1601.1772420303753,1523.739484004306,1607.3773158102442,1529.9431850984747,1535.695276193581,1673.8611684178534,1711.8536661275075,1666.0737727017238,1624.5598248080507,1712.8214063766038,1602.9161213150612,1611.267833735545,1630.0487982279008,1546.3635641369588,1537.2563680837966,1502.779104241606,1528.008037850308,1518.2344438256528,1557.0705623301396,1573.9664566237846,1570.7439235230615,1529.7160526143234,1528.8122887447985,1494.170585677667,1477.6037023599729,1427.971200710408,1550.5419586271623,1467.115980474326,1423.1376324947692,1387.626100164523,1382.834785969735,1478.3308283399765,1427.9363841045954,1479.558104241825,1470.4616041339332,1523.4562927443558,1272.1955391344245,1121.4982209874315,1063.0619896508344,1072.065893793168,1042.3918060844055,989.6322847515522,922.8862242955588,938.0128905309972,864.1812312080465,927.956889531432,871.4966473315009,836.8637832356911,753.9490591804937,655.6422849085678,621.461127923668,654.2528965655171,609.1530317862148,508.9806476097575,589.3666602601661,540.1048950439316,461.2351642702348,409.2884919296346,421.13249262267743,407.1081317143083,415.52752947035856,330.1626614184372,302.8565324698271,277.3322068432625,298.5303723219636,287.61287881942474,241.9152230272732,229.5534905518645
429.169997152776,381.5684212129708,370.4639700889017,405.71073679037033,319.3242332097232,282.0282053665601,273.6709441152277,237.15658800676488,263.52034749996375,276.5567646971516,218.65279778081967,221.43182599476236,232.45318639779472,211.86608181869244,222.5340355832508,234.5906380424157,196.99210414375727,206.19232601581157,205.1641394387673,198.24479056705368,264.7284790323734,339.900984824615,243.0112233686848,231.32474867048563,225.9028103086588,209.10236894293476,217.4017531479378,220.49170105539903,215.72637626119177,223.07525788663003,232.2809847073065,218.9576024346634,226.6496777572998,263.9287718646734,241.84986956769364,265.8021075431986,259.770133545541,230.5604975793859,250.8559461390195,247.8428404796208,258.36687042469254,285.77459677116485,313.79941932511935,278.96929476187466,354.39843630975844,457.2907671717381,509.941713210424,548.1696048901657,567.3979883538814,657.8702748028122,790.4594620928015,829.629024602074,995.8810566012078,1098.265138571047,1259.0243997007706,1416.9624071322237,1437.2975081486882,1458.9054269540463,1547.007445297688,1550.2749935956915,1614.7959727099114,1679.0972991364265,1836.658490105538,1907.085137193152,1990.4248530942723,1937.4193084201545,2212.929260236071,2396.960825849531,2272.049118747577,2288.076253247289,2516.206055089249,2728.0010219144974,2893.006881308727,2814.0105286738867,2601.4421150277144,2919.6938347587334,2933.222077012653,2848.596813060046,3197.149032872296,3350.8717021480747,3291.311130850519,3256.417546253625,3296.5845443693524,3119.2920975463467,3352.71485360297,3297.3222314664868,3324.968203650953,3269.092976608355,3025.409252418325,2990.059451672331,2782.158927595341,2817.710366959197,2905.8905173274875,3017.948849667508,2739.010572873617,2741.831730157276,2706.414203867391,2591.8841448320086,2573.7494454953367,2663.7118147392803,2588.049979445778,2586.301838899747,2665.8546880397557,2612.815452043006,2865.838712633274,2894.520544468514,2812.3147593465987,2862.6744572749217,3141.7782427181587,2834.182690321069,2445.880128729972,2291.751820894996,2132.5273226805016,2259.886216606125,2238.8158593173684,2100.658625641642,2043.877314567338,1864.5441891891544,1876.116497817788,1674.363811057901,1629.8210546173575,1435.3457691881254,1372.8464727245753,1235.902720001049,1197.2553853129536,1133.80919343698,985.1149994069696,961.30891107094,1023.8018285071176,1006.5929273777762,839.3492043937193,797.2326699887748,752.945799648468,661.9143544846164,571.2074652512625,553.5757746491057,517.4952929875991,531.6180701794328,576.0113235996466,492.1690359323249,453.0501144648155
202.16576362989548,214.7856886773948,204.67709878107067,183.88512264642424,166.2445213903296,155.6196892261192,164.9283172753603,160.02460174248083,168.20213525514356,163.15458702976505,156.3304573888402,155.76014084729206,153.8731068603067,148.96829322050658,150.7526639247263,159.58198505110852,181.79699889456805,193.80650065311156,184.4585197053175,180.0034478890196,175.67058847070848,177.34976065760847,169.00091364653102,167.06008121324174,167.66722340114595,168.32170311017472,168.4546218263576,173.9412360528977,150.40412800233636,147.9600737492053,156.07344730386333,161.2011227999837,160.94557850972737,171.5960478378079,185.42415854394167,205.82890365126843,191.77627542590668,224.08158635269783,231.01450932838364,224.69773672051844,241.4517504218286,260.4618074727482,294.5657437311401,310.03641571091606,423.705666471372,575.1355428036707,556.921201622869,582.4754917655456,663.840633664285,728.7923665963866,698.0291409432605,720.7045897644651,831.0457201515967,938.167889603974,1097.6928337426552,1237.1860320802637,1336.2447445647051,1390.1505310251614,1468.619088831152,1552.767565605237,1705.9825427272087,1692.9414812628822,1726.2753333351443,1835.2200650999807,1844.564326144473,1835.9266802339605,1916.832668345152,1878.4156583943225,1886.6820285292172,1868.352442985301,1967.9404063274535,2100.6386036417907,2219.8835044810444,2133.0575697570985,2095.699974371996,2248.202251384785,2156.6493656986354,2045.1197343986075,2166.0397917117457,2374.825405041708,2343.869598938856,2312.7917924571084,2400.269379426677,2192.105502816246,2203.9766864947137,2232.240682656364,2239.1707620581533,2155.170299399509,2005.7056742892128,1999.9022208010413,2260.71697904131,2234.3943560402577,2232.503735888654,2245.428495551532,2187.0806497086423,2143.095245248558,2260.568100872528,2158.710157807537,2057.280450978461,2325.373679342997,2227.903916884684,2223.2363894705923,2243.5841823431942,2208.392547564135,1820.14019605591,1898.160306988303,1751.7297073280315,1766.385569960007,1700.2619246854836,1541.3696783421276,1716.0761607657726,1699.487657204334,1627.2032583998005,1634.794089476255,1531.589180512495,1454.6165712820207,1266.9368950221156,1250.3750734198836,1225.4827865125058,1083.8262443911565,1042.1931493040915,965.0833984078296,908.9733935817608,921.382961958078,1013.3604742243832,1073.28851505372,846.7394566766204,832.9152331130989,859.4625108655756,874.937391783018,821.1884271323873,803.024709464665,763.0044780266583,705.8680848913671,637.8844792814191,686.5348504329094,715.4857488670709,801.2335191773233,673.3505327165324,615.2139355339656,477.5630561027047
358.5996069090036,363.4879218003816,324.3910695024578,306.04227182697264,289.7112984932149,280.3016412909628,301.2929835137062,279.7231602334661,262.13509623418264,260.54017079864366,248.77863039948696,245.0031954341632,249.2856070197816,235.02133417471052,241.4779761444541,262.25174310132945,259.51294459379807,265.0584821262421,264.60346484545653,267.31855737782524,254.7108163422361,264.62835903224817,257.75195041646765,249.3259784343899,261.73080912579314,256.44078027175715,249.70725672664176,265.18401329777777,257.5659117674117,245.8530114784573,256.2354345807857,250.73638608834915,237.50389304392905,253.33482778857007,251.1068956473939,251.1273624646009,259.8668700302743,266.69726148520834,280.8548399942648,291.8150380347371,311.0960473861213,320.4995196306158,355.687314413636,373.5219372779161,413.8817815144384,518.222716985731,529.2512643904012,614.0416366054598,777.4302219170025,824.4653993099834,938.0088056498344,1015.3948279247518,1183.6110638431385,1290.4764094631414,1471.4351758343998,1696.2119587880322,1727.2938542361312,1818.0149673653489,1914.8242981098767,2049.7149509619226,2112.697463383683,2074.416868526697,2173.0305227978174,2322.9477817530365,2335.0234912699834,2441.591442862889,2451.731503527105,2537.6960712334208,2492.598380287248,2432.193717552136,2508.7924486144616,2495.9338911403984,2646.74484192951,2576.206510594417,2528.192947159163,2640.3773054180783,2500.5251200994862,2457.102181425396,2580.124284897912,2564.042466377908,2509.168424777299,2524.5548788739607,2672.3439981401766,2653.0021093212545,2608.392583189119,2613.439552049897,2618.201421942007,2493.1535919625785,2354.1220871815626,2372.793956568299,2420.135559891536,2349.290347888266,2345.0142925943715,2461.817497286076,2385.9160947610644,2314.040299173038,2469.71540187751,2383.799250484483,2235.321908880356,2455.7592307301315,2366.1402034853354,2298.025374973993,2275.094994440399,2174.488911955987,2058.6381426636376,1969.4843338433045,2053.2660714111826,2026.9639789744465,1985.987391166498,1854.105295610662,1931.0368161874944,1866.248762764425,1648.520226458793,1695.3265409267476,1677.0475455773558,1676.1343623970806,1449.9032159065466,1414.544440576063,1344.155560475506,1151.7792013814826,1129.2753205425463,972.150367376802,981.7201515754984,982.9626396151322,1014.5262508598136,1012.4605515622194,885.8402653084651,868.966513420627,944.8842447460478,896.4259705172383,875.3138191317383,922.183852978378,922.310056243122,844.2972129338832,780.8448239015324,779.445595565508,796.364727014415,855.0465097742084,740.9896768528549,640.9795646753572,550.7170431404924
269.4561363414245,254.6841481104548,236.57381049973853,221.67734758794995,211.1573215214625,209.204162774946,213.63400950032965,185.33468863734825,168.75368508345818,180.07673648214143,170.38344190831202,162.1237381565279,164.08443594710144,152.03865386887168,157.5734808543572,164.5030518480434,122.44073471582846,127.47676727252156,133.03462269159235,129.63408416448672,126.13553529562266,128.351290352794,121.60731379682557,125.20868034443384,133.7089534840993,124.66871946712116,122.1540612870219,131.67637565438835,165.18188823362414,165.35428866679985,169.95726271260529,161.90331648342962,153.52914005853242,145.67715040015014,141.0653097215322,142.096053675925,149.7486626535928,141.35738567746952,144.32787278543563,148.51132149655697,157.41386261879964,168.49469680916033,185.47184877413605,189.6321902150492,213.5442016930176,287.39032866120806,285.27216759148405,359.4781806931791,486.8541558417471,502.4929169847733,693.0152399074392,759.2922211348254,867.5838606983383,940.4721781023588,1183.9182255768123,1439.1529780732344,1312.0356166537322,1317.2693516841407,1350.5054327192483,1424.9221146252437,1430.56973335389,1407.2971570711338,1401.35920361582,1468.936606709749,1438.5532082293764,1602.8814498805043,1576.7966004198202,1692.84665762106,1558.6899822415485,1472.2905347704525,1533.525575678863,1524.1042457763674,1654.5620055752004,1625.631981880061,1602.710826829986,1574.1841999233206,1502.210253535927,1436.9172772097522,1563.4998277990906,1623.2418924841468,1536.860775549099,1544.153666331077,1517.4843810856164,1518.0181820841694,1580.1566174895784,1639.756109697761,1624.6838849896649,1583.013519172844,1473.9368133373334,1501.1318430402437,1145.954455411057,1099.4432165769492,1137.3383699091394,1311.79275500042,1219.1512496223213,1136.6477197115612,1209.719023496795,1125.4016752811551,1003.177144603768,1100.1428226396508,1007.421676387126,963.9924410799956,960.5005193301834,913.4311104724644,982.6006607445868,914.440730276523,856.1274064513616,832.5045599766867,980.3839443221416,944.6896771568054,1018.1062537159296,1042.265833830993,836.9817905527775,920.3454422948158,845.4914951798141,766.8385070706931,672.8309490860623,657.4149821412867,618.6820953127282,499.90305348801394,482.8306941285401,407.444026570164,449.98496227886926,426.17721172860365,401.56393307599154,379.7308525652762,416.00088351450745,393.91916497667086,404.9640857898574,385.4423527294503,382.41176212654295,393.019203385244,410.0769015727843,400.4486692224238,382.89183190055326,362.2318389090073,347.2795217808623,352.0400579837092,374.37976227842,418.8819738103996,379.1088837845368
62.90879432648226,59.544991766390936,53.910956309872375,51.356252180342594,48.346159217748585,47.831740348121045,48.75015615506448,44.05518995424656,40.85459442255969,44.90828645352068,43.168909668972745,39.90515494333912,40.52509158526654,38.5436121048151,36.94205404275693,41.0525302838224,41.5695733688828,39.50703104408913,40.48240669612885,41.83552321500156,39.69423378837782,39.75006522572613,39.1868406564228,39.03321205238626,41.167825748858526,41.55195949169032,42.00068952088234,43.41636019565219,40.67475972180778,43.61616237269279,43.644821637721904,42.02009628363538,42.81339265708342,65.34393338144736,60.613522409100334,63.98408425347609,65.7222465760185,48.65868726165296,52.20570843240331,51.56185835708768,53.82524388812315,60.65626945402004,67.29231851037235,68.71661764336811,80.87657464769596,99.29586536475507,96.05247448138503,123.43403245387792,157.70117719053633,170.6526063309468,169.23459553735,187.6368477753653,199.11818433643765,227.248373259288,271.8473402949477,299.53219885589374,286.69862880244807,278.9263436283766,288.321890543096,307.9724347749595,315.5563438551803,320.25876883782973,295.5634218781494,320.7854147207099,315.4735092497341,346.9573501619739,356.64839027711656,368.81075288510687,342.1599629622068,321.91088330208004,366.699596216222,353.7062755231553,368.4078512171382,349.33421124627495,339.9637872720721,341.90575791086974,328.09355457881514,308.2171808941844,338.24935457694943,344.466721431526,319.2802751755956,334.388089699191,320.6334470780358,314.28320631210926,340.2131540421065,345.33822158276365,338.12751739269794,318.0430277746173,314.4238980823027,365.2842260046082,354.7142950065802,326.58046873303977,327.7671192010647,397.020594834712,345.1302095776357,321.91956626012745,330.6606043733665,316.812556431959,287.8112155173037,305.6198175689403,288.61382104653995,278.2495539667109,290.9344422873099,278.4296361432391,387.3116767871516,362.2837957625845,335.41147531304983,342.2971087164304,377.7665213009694,356.73364412135044,261.2374456477759,265.1148337839276,232.5876455245117,249.6085204001521,234.41851245436004,203.4519501335747,185.401506572837,184.1453658235742,189.44458901361156,160.78634660017676,154.84840788752086,143.35352598172312,150.2607343787563,144.5705781731084,152.43830754134262,140.7242331056728,125.00975468815436,122.38725048462008,122.28921027805592,116.46008744584655,107.35394242871676,103.54441736577934,105.96122747671848,112.15960571169114,114.86193260474444,101.77893047758208,89.09874377889125,87.17172875709183,87.51809977884774,95.90402636055042,93.17951579183548
69.46624943676863,68.7707609649001,60.38016685074716,58.37050716081403,55.11213103446517,53.78744779715586,55.07236794231896,50.82406934144672,48.49131663447387,51.06038849012472,48.409775198778334,47.52148237835318,46.98181098416328,45.75558412974663,43.42228116919885,48.00272610535976,42.95188744957624,42.78492668727112,41.558032323882905,44.34155417736696,42.91866297062538,41.11645168311561,42.00203005471603,42.12091729858127,40.824140888239846,42.68185457947929,44.540606007188046,42.64263367610141,41.957091165111024,46.73028320182591,46.85964629169912,46.58059012665058,49.081104030096114,72.27621295305214,66.13495692257688,73.16570729454999,71.68630286777538,46.848647642697344,53.77709173013918,52.4238053024474,56.265498793013656,68.85637536128785,75.51110888140231,75.7744116736621,94.20060099710554,105.70890640928666,105.6688907130708,125.89496313200785,139.02938865020704,151.84247432940697,164.04089942373213,184.91150434155716,186.66304206485896,217.38057490765505,229.2635595244835,235.70824159021268,241.02474123331916,231.98542801927132,243.51476888027292,257.1654110657083,270.48175699871274,271.2765933830048,246.81941027956168,267.0295271363773,258.1430482318728,284.0592682271885,302.74164872631434,299.2601043999676,292.82085149414985,280.1041240402825,328.6403495332541,311.7609090512935,297.1706911251565,266.1171672700687,256.16987071278135,268.9840041375278,261.70447483317633,256.0249464539787,281.4009161697239,278.8942993340218,266.31225435257414,282.03870924628416,278.3388075450604,268.0181402083807,293.86323926600625,284.49176059437264,268.8647403655948,259.55321965713733,265.9587246577118,350.79665992590816,302.4831947415932,277.51099400104624,268.69074962048217,313.64809591948097,263.7244631649766,252.48136715886983,250.27986543512145,252.36140544207151,241.66843266630667,225.273861932339,226.65467655879544,220.73987894436596,236.17513182074308,233.89486294987677,229.06359869238727,223.90898801878,210.51139971125644,225.5217608698972,234.58567839922225,230.91719152634488,215.31588192627424,213.0775822474568,202.55310634975208,203.15339475967968,206.5139164268328,198.22673883393347,185.94158168460137,183.431056944795,199.5400952498315,173.34075474015089,169.08885297618164,162.6867962365341,158.42647606211384,150.09730756474397,159.00030698428628,145.21561192721666,149.84639577137608,154.47860314014164,155.01213138169476,141.34637752869986,131.6237525132996,120.34089167807338,127.9732850022816,145.24768359268958,148.4265126025748,138.4725685127036,115.7827405559652,107.8946344745839,104.83063302676942,105.33471133039198,101.37715108831736
74.79118152309705,77.86715018080692,63.26024975800832,57.98434474164037,61.4403182327568,57.89773193583934,54.709142656623584,54.68383872915903,49.43477055298927,49.356115580629904,51.29743584966725,50.74619424273718,51.290211827332186,52.114755907052825,50.93001971254535,50.80269310389658,55.29205636359016,56.137514177211344,55.04555566747984,56.33440284418676,53.61459962302452,56.11454253401228,55.40992887418359,54.7813807617187,55.68107159142264,62.00084579376159,62.6660001585822,58.53996110980213,46.82095944791072,45.902220106707325,46.61048134961021,46.26156696170578,52.05052546776223,64.96716189921807,65.30163752032739,67.72591903309171,69.65122543713989,65.72703773931966,70.1037877785606,71.94695237061003,77.10039726074956,85.9069649578627,99.5614241699882,108.47927485378766,122.95788877774696,134.31106405742014,146.5864089424725,159.16892014836702,167.00907298065275,182.54802614775696,167.07274639834876,183.47611294106125,180.45910271764149,203.81652575068367,201.7459023839628,193.0075302862996,224.8865359653317,213.90125122788805,212.95884682269684,217.1864755950145,234.596904826868,229.09326075705567,207.3057388208992,208.32440366496297,202.4443391457368,197.0885222121707,215.40079829785589,198.93384853580207,200.88117966237544,207.57029941614496,219.45441364408035,213.5362582905772,212.51227274908257,199.2197283978392,201.5917706964085,209.59769671440543,202.2724392975022,193.73585488851603,202.4013450031829,189.97919139574964,195.369796851361,201.2890635752344,193.9959870532481,198.8686229750797,184.5319725493884,194.84358097043315,175.8786957273626,173.9819477710975,179.36020726142692,211.5724380858382,223.04598267834663,216.34628812195405,212.24192239756528,241.35114751678617,217.76601040271623,203.91451378424384,218.8923132525192,273.6657428858801,257.5446162906639,238.3185991033752,247.6074505544647,253.40719035652464,267.15133042896935,251.92426047292855,282.34599662153687,269.5231981062324,251.8508431654971,259.31373650675766,270.00963134338565,278.5025253016352,240.40009372932707,237.5338191162596,212.6591745240028,221.3270108116468,228.34079016195923,217.0889714245682,194.90634784435332,181.0504472402325,192.14360827652075,167.93076987514212,158.99422368684364,157.07488852439403,145.19197853096847,146.51413414570908,141.9061253928476,132.2494702300144,119.15586753073546,125.28184611139964,124.63830800313926,114.13081983356668,122.16769714093168,113.111469161005,106.66955520368305,108.27358850378818,111.28472625560124,115.78281576710422,109.52115772842885,98.71057878842976,99.57458623738027,109.72430933885356,98.2475628454178
309.8651649089685,337.2353734930898,279.4202917085588,257.5443915682288,249.34416219037928,224.32862491288716,219.5304415689401,222.01111195567424,223.2232780257665,228.18107246343573,218.28610198621624,221.7300838982445,221.7353321753385,207.6080560735085,206.0676466348488,199.94232926292983,273.39018577166667,273.33324554390833,264.53435773155627,264.743193859847,269.5413584636208,263.35025473417267,245.46815641785267,247.4037440148052,239.2457269733495,235.69197323451104,234.81755445030268,229.90080580995675,148.53620522470217,151.8767980555625,155.90877932235605,150.97473440002386,158.8304076637592,197.54083298274963,195.2975627734704,203.77253726525967,214.26938633125968,263.992084745722,271.109137687504,293.82452266728126,306.43880687000006,324.38994843397137,374.45778189645824,430.9709228252193,525.4741894578995,576.1813139341042,645.7031628189725,686.6677749531966,670.1951518560498,689.5509101720705,472.0366872694961,483.85461301763473,484.4133245675676,544.8808112824946,529.0282194232452,512.0673091877682,557.9327099395543,533.4861011451949,547.6186708675274,532.2364475328424,557.8120764990227,566.4912638497688,524.203762444145,519.6409129168713,488.2690799582005,474.64304845474567,640.5225685764829,537.4204441213658,519.2742722432625,566.5192810101647,535.2674911384602,505.8492321783047,519.8159315962646,474.41781013200017,496.6946256474753,552.8643429272652,507.8423429545501,513.5803211931974,529.2525569088825,492.6998574896457,501.22205460066544,536.7651967736092,537.9021303096949,616.8799609191526,561.8854634896874,581.0953008833471,516.4724131631474,471.1098242798166,450.9088371905241,487.9577047582668,796.6120122272465,744.4900414781141,776.217359352186,749.9972166474556,699.2454277072912,658.7040695470156,696.7508658155514,720.1077499433718,682.1935405013768,662.8227487278892,707.3629609814993,705.568478255064,696.4537957226808,641.9044443686024,791.0287626402081,830.05586036543,866.0807749363562,828.9497961538683,855.1146029305742,913.200675017867,663.3897345278352,765.3860909233167,685.2386913450151,650.6534143878155,685.9618002606314,662.8004963512096,606.8232575314647,617.0275637473889,641.4301594586663,578.0779386741096,567.1696863349164,559.5006166231193,548.7933496298434,585.6390560744838,594.3034317249277,613.9053411642828,456.83214803964427,527.5720104539034,499.0508949018636,500.256074805112,458.0236886512153,462.5616220292713,439.8568478088666,437.6334576261634,466.3584721738914,471.1091664630338,463.1238064194042,440.5036062196816,447.9890928609755,437.61569384220695,389.5540416203363
393.1159463878806,385.3654608762924,350.81055698255744,325.0580964103368,346.0441269089354,310.6304473153041,299.49334119957274,294.47948733973845,297.98696669862727,314.0767969315927,295.7503044245325,294.7376415825185,293.2791031483852,281.81014620921445,289.6548124858653,275.0651091812573,245.02676598264836,253.51018129511164,241.3682662662591,241.970646156347,253.14504696330533,238.879487921802,228.83203405509724,237.40591693511377,228.0156593799441,230.03762210783137,217.3418191669248,209.99715100586877,219.22380252022236,223.15206446589525,225.77423029737517,224.0984297075258,224.39974882866755,236.83536847018556,242.3268959984987,258.3940488749648,266.74631088569083,246.97420037595768,244.8330666771064,266.3226168617944,278.589589296428,292.29032448528653,315.49861187855333,364.0409557728403,391.50860794463335,387.7737445345685,431.8945766944864,479.9541886396266,493.4871847886525,543.0016475272395,622.4996608932715,698.0755593470578,674.458547684534,759.3832028823825,735.6952698927144,702.9060776114843,722.3789045488253,692.0235851640838,734.4894927346725,722.9543923998008,727.1387281022265,761.4924958403558,695.1399921604574,742.9948329810609,705.5774833947872,683.6660279015463,923.0723807531904,775.7594204595597,750.2748383848633,776.1077345033826,727.3348968551228,694.9009891836846,673.8494319485361,663.4010013746101,703.6268720215811,764.2532093004131,715.4499250856093,733.6725793734373,746.4249748830794,707.166504711239,699.7423215204477,748.6773908259078,785.038962423678,877.6862206378757,776.9498685766387,766.350465817046,711.1668862436276,654.9185462452291,658.5602052018309,639.0702875352716,697.0265738664766,665.1780513747717,680.5568053702484,654.3525259558568,656.6561149806255,607.3286165356348,625.1131287298605,576.2063642194902,567.3037297771556,550.4225168762209,586.3833300145413,585.0868207215976,577.7972113181766,535.7413205915104,577.1229294281586,614.6111922741287,626.4233713774681,594.6814622123854,612.824365542412,631.9978853494922,537.2546806588887,611.1085949520033,586.4195043792586,537.8850990328106,575.3184930185465,578.6542353618116,528.7688279369495,544.1140060660239,558.3925213906201,512.6705367058818,514.8612109095767,524.4204438491829,517.3897937180042,516.1814227978668,531.3528604689166,540.3999642480276,631.6912246894926,739.0495179372434,694.3529231591828,714.1337848911538,634.9434388130534,634.1925425040877,636.935243931182,577.91850682523,552.2836729118245,582.9528589792362,534.9111340342304,550.1512071541282,545.3272818404756,522.1132373039393,488.8422242879568
318.4293272800358,300.0371428499436,275.60784383275546,262.05157175461767,288.3641056460765,256.1642003537525,241.222197756984,224.08325607885752,219.13708336628463,241.7449090648981,221.67928980644487,216.60185423764528,225.5823705747117,224.86151331726973,234.1512840060579,230.80549379677612,345.06229069555974,368.752494188716,364.35994034150747,360.6684648125407,371.509491777462,359.35728072692655,351.0881016708342,367.1733623001562,354.99716143209724,369.9029793775893,320.39778988459176,316.6496337717264,193.4352089787204,193.28387324688825,195.89216484413063,195.83684533696092,191.23131859735923,267.93389190662816,280.01328394528133,296.82622812734047,307.9955514314905,348.6563911770884,344.4363620742995,380.19229276742186,400.46868189416864,423.0138797294827,447.2598933467649,522.3302943195939,529.4584711883085,516.9661804267208,575.1533308392562,642.2469062912169,662.6152273492154,742.6269777394637,516.6584161611228,587.4351881230107,537.9727507628558,594.0691173803507,589.0199254061022,537.3813549876763,535.4476363976914,508.4088815878308,540.9791947571726,544.2931794503071,574.1664850170778,584.1762752791838,538.0144378344703,633.4354777730372,624.102793045428,592.8139475245953,667.2815394918025,612.9233258261804,635.0507432969179,628.3559789834835,597.7868637220263,583.5664308371266,542.0782620786583,574.4506837030611,580.9005124290079,581.0363715343539,578.2139168091096,596.0618394350391,621.1710383339907,603.6100757909265,576.9554911375145,643.124980550078,674.6151060981517,659.0831796524349,564.7548085594378,591.5453549117988,563.877179930925,532.3786594797011,556.2316736627522,506.9355435657576,824.3031284757393,847.9572111858696,878.0677419329592,903.8093605727206,998.8987444169054,930.6196162229314,881.3678127207463,763.8078287739239,756.9350265327773,752.9491719505141,774.5740818227372,813.3476891458432,791.776848361493,713.3719583725006,634.2352143719413,613.6875646442143,641.8210232516054,626.5166820018064,646.6544887286559,650.9303366735141,680.1458791424625,708.6569882183674,724.5426913655388,678.2556466934922,706.3012469846548,722.8019201913079,685.9561271857315,718.4473954552097,742.9510324568537,681.5943892726002,705.5971231074187,736.3893340198273,695.8557319035888,641.9429537395413,661.0550112003276,610.2072499497845,421.47283095774407,440.02508044396166,443.4430056851029,474.52507221853085,443.1690892031888,463.22873274174617,497.09449277280487,434.3248866432593,399.1539169942093,408.5337128511521,362.7116193555085,374.29800015627,401.6402493699941,366.5531315501897,348.31801736128745
280.69745161270987,250.32752373730116,247.1538127837982,221.24186322944917,197.7202674158177,211.7502905686397,204.02422068127007,188.50861986595865,187.54891756594392,180.5548023391382,171.23997070171,172.66627226607903,171.86517653107703,171.65617117085262,169.38213995829926,157.69611828015908,99.42218529259806,104.64948518220253,101.38035641616844,99.6323244985692,99.97950483345096,103.15718576949564,92.83161042208236,96.94898876333195,95.08961259530965,88.36371880570758,94.97003925174252,90.22462009644772,144.37730326495307,154.18171172390913,148.76697969341785,143.78012624500485,159.47972434339536,144.23664155539254,151.04388972596468,176.4244579771691,159.09093855762555,120.63434052584763,122.3564617459656,123.57176316465171,127.63186397467396,140.3932555697941,137.93246054000957,163.42163024640294,203.7542159258628,203.3749201705519,198.77573032624807,239.2613600792319,234.46198520216413,221.3770453197532,387.8866132188439,397.5622871700744,355.5649227421173,377.6719827976326,413.20910307021967,468.70314418392593,410.0859356333471,410.3072478386473,433.2644804168677,444.8584816514594,464.60596076825226,494.1502410829492,449.0632961423548,492.9230471133854,484.6068375137225,526.2509570956996,500.76844421674457,515.5220649505837,505.3070303979256,486.4505449814096,512.9008722460379,552.0359609623348,578.350339580776,517.0567980376741,579.1093787390588,574.6994967166881,519.7849741832937,514.819202011994,521.510039522692,526.3206251883131,557.0398617465138,538.4797849703599,551.734042730054,513.5772808359349,485.5626633245689,482.0413111696223,498.0669079514817,535.0342082467637,554.784955384878,487.7913483469104,331.4833190306929,336.42257885886204,326.09749825067473,343.89909471453416,325.7418735105324,341.73126467449106,440.9226135118281,371.27816910740535,345.8159709153352,337.12045048709547,340.5190575744984,344.11542976667096,337.1804135372864,344.73482932133726,422.2551637778938,440.2267633286794,421.8226710395972,422.9981792619869,409.3972142925583,424.5436587907781,337.47464391120604,352.18206138653846,338.462941190258,329.9769516764495,340.6123540109457,298.8752055629946,288.6954431437496,283.1828926061421,289.54021592686496,264.8462782807539,247.59194616714493,233.5590967239609,262.11833292922074,245.9709481258213,250.48832513047216,246.44097941067244,327.6655934200422,338.06030108851576,321.157482847914,334.3337174177728,402.0349454507745,356.7634810799568,345.9929896024367,344.7463826194436,352.0471455276221,332.5421379095093,340.3343484899191,319.23945952332616,298.0072696147006,335.5388030722372,334.5561018512232
390.9260911865531,354.4712102847791,371.6523548473429,323.9446927908276,301.5526347901809,322.4186751834098,308.843130904613,285.59995271574024,274.622880752305,265.52641706071984,253.47108195958705,267.157827461583,276.2042652108393,265.896314580169,259.96058663250625,248.31779068416256,270.44645860750416,273.9517743956264,271.95110726426446,268.35499687413665,268.8639069130924,273.2306763569936,257.9090399830539,251.1809248915594,250.2391773278368,236.7785331274958,238.87351513282687,234.54902366135343,218.04570607896923,222.07663697317776,216.49620118962216,217.39050114376997,220.6607717220446,175.14367378034436,177.7674785324587,256.40866981374967,254.33003899796165,295.46837799767155,270.21923402648696,263.90484020847725,281.70168316735976,310.7478227800424,307.3785084826543,366.80254683356327,495.2801744385426,496.727147444027,503.0836871534829,595.1671007890071,588.9561713079016,547.6290436196565,571.5312390042778,600.2594663178127,566.329678608929,600.4067362096442,655.9781891486822,749.3160187843797,662.5608112134977,667.457640240841,736.6567147769324,746.3322530656142,751.4773236550412,762.0302405493767,758.4309006618238,773.9353852043996,808.3843320489544,895.0215695098349,806.581049412037,833.3314548289399,797.8192687095502,787.5453202570532,802.4780575137995,838.8403625183375,840.6626446375946,766.1130576787104,806.1744044724313,822.7269817619576,777.9998023357749,784.0833697433004,808.1777794225853,794.1747057177779,800.6321012101296,816.5417282417677,870.8347838877459,826.2551300916563,833.1393624136595,784.4848107745562,938.4796178853474,992.4323397649866,1036.6789634452334,865.0616791388874,945.39279256786,883.6916618345784,895.3262977764675,885.1901945469193,863.5139399615305,950.3721940583954,946.56777919732,889.4082147212368,848.8395327731392,794.9892675330374,816.7479330932016,825.5479315645927,800.5891520817346,801.4337934151628,655.2067570014751,677.2756653786664,724.1356161789026,701.3482584780372,694.2985733144998,697.2640498034594,796.2822634598616,822.2773815240461,781.8368365501653,809.0030264696155,883.6803770553361,742.0968712823455,672.9348286965729,662.8594577259145,660.9627572336482,663.6357812537743,632.4872658024962,573.6309063361273,562.5024880222786,634.5990486935398,648.9663956010112,607.3157192410573,524.2918883693449,600.3250435873157,581.2144344855175,539.8063877983961,543.6629599440248,500.4504315032703,567.7923876626276,569.9499167596348,524.4045444413239,508.4069028746501,471.9578162634362,464.3611664321781,444.3645353650605,556.2359045970436,532.6907019263718
746.8965410679398,677.3523489750369,705.489745355188,606.1243475483245,549.2970442325759,542.4112307421939,653.4437733918393,573.8444074615736,567.7391818399637,540.4441238767687,476.957634285049,496.2678421652722,524.5997037719236,502.590266756551,519.2462493774061,490.0609528626181,386.3380271667912,395.02660628108487,383.3976400519263,366.2831820182332,365.7922665861631,373.71285336090654,342.5760653241405,357.45975891642547,353.5284785041688,342.2027721690299,335.119830964414,344.2263975268376,388.2301449479832,396.9382335255663,394.9127688009449,381.7388322357952,403.3263671195736,325.120691015977,316.73117800953634,395.946401381464,406.44582650727193,374.0723594192596,375.0293252577841,413.0278326049326,421.84787294812793,477.481623790028,478.5235534840978,510.9579239740004,705.0575363897965,702.6012562603149,690.813793913391,820.9180991558268,902.859914467598,795.7029234556076,1025.6161907138985,1072.7021214789847,1028.7329685995546,1120.011306845728,1206.5962727220192,1245.8061358074715,1173.0131617581278,1177.5077447430294,1266.5818684726544,1235.476290535786,1432.8779371907683,1356.4990444655775,1349.417500062945,1338.642358440831,1343.760073628723,1405.9475689162175,1286.650379972251,1298.404937549896,1292.8304854168923,1279.5009587278082,1330.6184441458463,1409.1151228910946,1357.8440671571714,1217.2364695413123,1285.3277319855438,1283.8967212480172,1267.5843355428822,1245.8171752025628,1297.8695485231683,1259.1546095456831,1277.687584372732,1296.1347984787394,1302.3807287246104,1280.6614951753295,1341.2183366207128,1265.7443290129202,1507.585269286231,1580.4494591236005,1635.9723497073376,1435.9908084372826,1154.788542473584,1070.4606517589448,1081.7929570957876,1090.246592658281,1069.905045225382,1185.2635716920956,1254.3423001788844,1106.7003332945037,1057.056018237867,972.1444327648516,1102.459859399415,1047.6132102933668,1017.135760477794,1032.335661362307,768.8643521862833,788.5132670076532,821.9692164602255,857.1288203605837,892.7924488652604,848.4194906333335,1068.0369524197909,1155.0386141701113,1077.3755343319117,1046.5160418197206,1047.6820654691878,924.2737999627236,840.2272229897399,806.3787887479165,813.4410616146201,800.2807323913507,808.5766112233122,828.6854504094855,734.0560541973497,818.744859208385,830.5841363463571,844.5775559034868,879.6674986600484,935.9501902375418,884.3898692081251,837.631940547254,865.3867957234214,791.6984325282021,835.6176006635859,818.9672879001125,802.4791224812387,791.6930988360149,702.5357274316465,715.3028016210584,711.6389965642301,831.1489386560249,756.5213938017899
256.45784580904456,237.222274636816,263.64433273340603,229.56381938309391,204.2411263466716,196.00832708517945,230.5966984359036,200.1120763569213,206.24445989540484,195.79702745348231,173.26732348994304,184.4811068843778,189.14816774448175,185.7689906987371,196.9052229069889,180.29697283367332,189.48373203854783,193.14348639912103,184.8974362022017,178.06637686533233,180.3747200752442,179.93868323305355,171.82279417480655,191.025333050603,187.50896512779624,180.8500261441037,174.45895074078672,178.90231832061326,150.28586907479618,156.6604138076259,157.00561624981594,149.8497955661296,160.8948919131092,168.11254583182088,161.92156245213388,170.35171308370056,186.4564578728712,189.9200587019446,208.176954513691,223.10691302088065,226.260132141385,260.8899254472941,263.5289154142903,273.1481004267917,358.2340316675433,375.8500652930774,364.6243781667504,444.6792285450397,493.4692841642954,435.6670610472743,435.560371974373,452.2093606620979,465.77242497714826,505.2227638209754,541.9459193664419,514.048566605327,501.6749364916093,499.3412596652185,528.7991397951497,525.5254800255359,618.0315480243589,595.7274855545063,587.980152067813,576.31882190838,550.504859973366,557.644640508428,529.9729525602592,514.9016479202602,533.5201016165607,521.8942580847157,557.2143185493065,568.0938755061431,609.1445809500374,554.1397003996888,568.8596144778229,551.2819243464435,552.7593538097012,539.5288821484965,554.6180076888938,540.9530230507364,554.8558664493631,552.0705553948393,528.832148717231,539.7326145059708,552.978664143499,522.7161127888043,575.6202524595731,593.7681790324301,575.4049679480303,574.2338575169587,604.7687880087271,582.4888345210314,609.2493509214315,616.6387661865575,616.8923502904973,624.5990684632413,655.8530178444657,590.3759290936779,577.5320349405698,561.0861006049578,612.3860930412818,585.6479333168884,581.3682935156686,588.415735027175,418.1199579680559,430.5054031893,424.7246513105082,441.9146034334712,456.8420819824617,423.3805232917082,568.2634538769007,599.7911209845976,560.5965716573083,504.78965430016166,489.0416051543216,437.5323850007825,414.7964818014394,423.390148519918,421.6962533251347,393.8271944491737,402.40487476956,412.1808101951209,365.3631779597672,395.30064419554026,394.0973223148417,425.3375770421807,337.50416193275146,359.90007232504706,346.5892264076515,329.8304088506378,365.7275430571247,331.08492581969205,315.933916150866,307.0303653976919,340.1241071085964,348.2258023004177,324.94152485353214,330.228446980967,343.6092783411607,353.09611661541453,306.5972236034457
503.7346401500967,450.9225146051,530.4456443943066,464.0333675398189,396.12671808406685,396.2926317614531,409.9870281638232,351.9634609951002,382.65827421838486,366.26047699346753,329.83245100292044,340.5772852024492,337.642830274369,344.8696408763574,401.562275761553,356.6293223162697,229.57769149961013,242.7008959634665,232.88136274303776,220.03223514930164,216.41064264192408,209.5036879449656,202.4407608833416,211.6939764840733,201.8215178823134,196.45639680059472,195.71254444332772,187.4091203311627,288.77496053484805,310.0948543413133,302.5626107540466,310.070550980192,324.4555349310843,228.23875499968509,223.81842667587208,244.7069534852521,252.97228144829063,218.58806908890995,239.4747990924737,234.87509526597373,257.69134905114464,282.6367782048247,291.7669448193286,313.49648558257707,366.9799838442593,412.51700186627744,430.95594949341086,554.8724229162561,650.484979955001,581.0289630344117,991.7930090604568,979.2127188089522,1017.1537107868392,1234.3966873457148,1296.608609953406,1342.4423762948757,1286.7414742296437,1393.9073495988664,1485.050193745154,1493.3375469434577,1638.1111731951532,1671.8642610000538,1547.4648564601146,1602.2971590612851,1610.1488529272958,1645.4524619970762,1519.417619520835,1418.6784676200805,1428.6886453588888,1475.3244370964055,1558.1758226971208,1592.62480077932,1557.7742798477782,1495.2993055530976,1538.9864418406,1557.6781862361215,1655.8881114361243,1619.3371559529826,1613.9054206899998,1715.794677971916,1661.1292269828307,1593.0286155125686,1628.4577712989071,1621.527153535247,1586.3641112538228,1540.7445165150195,1522.4141055464302,1471.6534011547994,1451.4376100573706,1445.4130034137213,906.0169912700406,894.2850019260646,957.2145235941318,932.5461946232714,936.6541825953379,909.3708224236308,881.097404878406,870.3945109181581,843.2784443175332,920.2038885647167,907.0332938343024,912.2460512877144,936.0785740687546,896.6903043340837,913.8912223171716,956.2365366068974,948.4157651635212,989.4438854901535,961.4625603765091,831.1222668956991,808.1005452713941,802.1111975597207,774.6349648212198,781.0341107374547,811.7739610354464,717.1277036828902,733.4185859709393,808.6503303794725,691.1142273198612,610.5756279033253,579.6044355886052,541.2858434832964,514.790400378931,551.9499183101448,533.5576503291093,590.4143898792004,823.1136246899462,872.7328471700066,830.7141895190484,790.7808163987604,784.7342849441991,901.0658831589284,790.1303278006775,743.7752444239728,697.4551972122359,659.1050284323433,588.3773559167703,621.3248965613325,700.727695963317,688.4920304178602,659.6086326641844
471.6297014185947,432.3196544067536,487.9752562810961,458.1319721895541,422.5470270885482,426.59253964125855,415.3562660681831,358.9689177469789,387.24748349909584,374.1322646385019,332.443371606088,341.7850640019748,327.3453039514031,322.5393479361607,371.790550437989,338.37741444598885,330.8162828536721,347.1870491487886,347.6574334187275,326.42474490454293,332.30535134621687,326.1772288337104,305.904788660038,323.855454628191,307.4722046694249,302.03880506981733,307.3498356161299,292.2280252612036,277.8655757607086,304.7433216288585,298.90901921367515,298.5470586306509,309.52735668446434,244.3140641620935,234.5018104139616,255.4546521458973,270.476092790227,342.66088996243525,365.6392795891013,383.3922649941658,418.4356474070552,462.0721880676653,467.8315347818568,512.9436680460603,624.5516698079936,747.0559224789232,778.247318998744,993.0480158655864,1128.7984374264026,1181.9164284769415,1342.5729944272716,1411.3359686969718,1492.076425527247,1682.8969427001246,1780.3382673776905,1770.4310805543057,1815.127614209037,1883.3300846740735,1885.7197960302,1884.5839244048157,2054.240970242101,2034.4360992848651,1925.4956224987116,2118.815740453181,2118.843436376347,2105.76710798981,1955.8748697362576,1955.915945335752,2009.893494365276,1998.9297004761293,2031.326626255708,1969.9752740915944,1907.6662732366517,1866.1242879540684,1951.4405487799047,2016.7206758071825,2035.1928979647996,2032.5227132543168,2076.359347621924,2170.6011007617813,2065.23574215361,2062.138616458948,2073.98191482049,2032.0989321840416,1990.958997749737,1972.6184080038224,1968.1379437805167,1918.818092124244,1881.358527573337,1846.5987433048183,1901.432846353135,1889.273702076756,1958.3875404065352,1899.2807469297936,1883.679773911816,1832.8029642929105,1774.4721614975913,1745.8019283446497,1772.601383017383,1931.5992500187813,1852.0755339014825,1775.7779309112486,1788.509865463761,1701.1261006744903,1545.1942153950772,1585.406141089515,1574.0554872623184,1613.1730536980997,1617.3918294911025,1551.3726964345983,1716.1973274862876,1697.5738901864263,1578.5378943319206,1502.256880541607,1496.2294970121816,1354.9286396384227,1379.7033324484871,1449.0575091236535,1205.8603443370882,1058.530726235212,1050.7089211748455,979.8642788200328,931.4397133026552,929.9558381059232,901.210904234984,980.0169760695144,910.6468091246682,904.977849766566,851.1597919690106,768.36408871986,767.0943384156179,867.112811825404,790.9110482395422,755.6366421093877,724.4119720445307,664.36734144909,607.9897466930452,647.2458131831232,723.9577416486075,729.8873132840312,711.9453174361095
421.6803218269116,388.3391538606586,415.3879922412996,427.087187862849,427.68977446379273,427.60326747625226,391.2867662259664,340.1552859292564,353.028567810213,350.5406446651928,314.32546603338307,324.73221491158534,303.5245670805352,284.28025384207706,312.9700695832657,298.6502215267599,200.3722779100733,207.52059121469333,218.4992821193421,204.2852909346857,213.53527516646116,211.50188959275008,194.7857186906202,212.23050268873772,210.4456543158518,210.4029882387524,216.80445178244344,204.87372025986627,267.5938996434797,297.4537795925916,293.38887251129114,277.7838013446691,281.24812445790377,364.12073259631535,342.4813107883511,352.7417699311969,373.9112979896007,239.53617848959956,246.6168754606822,262.7536776710711,284.90045371320053,309.6419095446826,335.2174017778585,342.4070709262472,449.0004911385211,553.5928492646807,570.7071095502785,705.7103167939393,780.6661662397346,965.7631704639568,1591.9566793388833,1781.0799182441465,1954.6721650180311,2040.692815944902,2167.075753002617,2193.8306482115195,2320.1076020857336,2365.3011543879998,2267.947801376361,2276.323127697272,2492.712073328865,2416.106551113747,2332.1458361326263,2664.8748429226343,2669.074447696717,2639.663221133259,2484.460043665783,2616.267905038865,2660.3433026664297,2573.5078797414217,2547.9245724860325,2356.199512575011,2338.5747192041563,2321.9389062987,2406.0436288994592,2528.959918530048,2441.6401667223336,2479.9433817342324,2595.2052219572315,2630.63095049616,2467.572233050174,2522.8094680116847,2491.1475787030013,2371.047532744676,2308.256804019244,2345.040596203442,2380.181799560975,2395.2460795895536,2322.132770924632,2242.33843546153,1699.6117488801483,1697.104534183194,1698.345655244961,1656.337732075989,1633.6540708203083,1617.9718267805124,1577.8618678007222,1517.1019621241956,1549.0131571744637,1664.7258507116424,1671.5140882815117,1540.603206540951,1539.518354724342,1454.520578321644,2001.628340864837,2008.0857929182891,2022.326634412375,2042.4454505423423,2132.901015389721,2058.9827920474468,1537.9857111550125,1490.602063776041,1316.4821032513453,1267.369700954751,1203.941071248636,1149.2733845663863,1159.4094632178258,1087.2181277348402,921.5865925502504,812.2010448746419,814.8895054259751,767.9178027906969,722.7887479702438,657.3491180389474,645.2079070489235,677.9990281031735,920.8052352036884,868.2447475762755,805.780067738612,676.6829891913098,689.9290407902436,720.6950939009009,707.7031457835512,701.6427225988673,722.1400753364132,647.6858003421522,630.1976111701505,655.8359136825092,722.510657347148,765.101737312395,734.7477408259193
341.9884554631994,359.93232096177826,332.393617414287,308.3138953220178,310.0027330735173,296.8983154380172,271.26457279601,262.4003796403474,263.0002087860534,263.94277280296086,261.72439514330455,258.7606773928997,249.7151836454037,257.25155890180696,266.96581807774135,253.0386508672351,169.82797287807148,167.42968921935756,166.51618941923232,167.8224125692833,159.96128231649493,161.18512477691257,159.79665873411608,168.19341542211623,175.46548002902662,186.3161247077443,179.60910349340472,166.98432394404472,246.37054198495943,268.68963790660007,253.50342696062776,251.86275850264823,247.9153937141929,278.00276313287,267.4203526401608,247.69130280604665,244.94520929794015,210.8043593151324,209.42351914179815,220.26602048304693,237.33439781737908,234.60694131233308,241.796298039898,252.6256583079881,296.34787809328594,318.6391715256244,357.6298929509141,421.4918922168642,484.1532099334556,585.6704464172664,1017.3146836786456,1106.123516666259,1298.5919044551842,1418.6373851037138,1593.9277134679014,1685.6978865645629,1835.882614197629,1982.949894841435,1926.4415736602475,1903.276446904852,1870.1014489009056,1842.7379321522496,1905.7660247521464,1935.373132088474,1986.2453926695184,2002.334459789495,1977.999536778263,2006.8917826105303,2015.9886079443336,2047.2531854532688,2015.1317259135155,1916.7104790199792,2009.8500183263036,2093.9006943213817,2040.1383830755808,2123.545404293174,2080.948685819384,2149.501643329657,2265.5159589004443,2326.1451196382186,2147.5128199110536,2307.636451972509,2362.6730513950965,2255.559250020894,2222.136750038509,2209.945512875864,2198.1928490700902,2127.681037533776,2112.7894402690144,1988.198017726376,1349.8265735612058,1366.441769672852,1315.244648621339,1290.0759059646257,1283.2540553051126,1290.8509952368297,1322.715791191606,1247.0128152966158,1199.036536019921,1225.821085459305,1245.0997533823534,1192.478002741055,1227.6686581442664,1187.8324348509968,1006.0628362668022,1003.2324514880208,982.6045987096544,982.0915522114856,978.8466221678036,940.3504149707612,1078.122421751452,1008.067579450108,920.0380684113396,892.9481714254052,842.943569750345,799.6691821344237,751.3473852655336,691.8666330157187,628.8647604836848,584.9779817012703,584.6257435820261,559.1373813095602,528.1047102863765,505.3861351487454,450.7368199099947,440.26480982352354,604.9426042224427,646.4921022099905,591.1420704012259,523.2731295648675,518.5356685844921,526.8784799162904,513.1382245887432,501.8623900163692,592.6305840860884,557.8557778574248,522.857484368746,512.6665088749859,498.2751312916848,490.352582406725,464.0962503794999
422.2672464398723,484.2366052195573,434.1743304289326,393.1342874000792,368.0613325993541,360.9161992246263,369.55239238597767,350.9239776879835,374.1809744220867,404.21821644776657,371.063005939968,354.14456082104454,355.7726192742488,348.74680735831464,369.30170403134434,356.25705329075896,258.56560226471424,244.61457141060276,231.8266256288066,235.14362715187605,226.299737733307,232.0120124420076,226.70924633586893,227.10846381050024,226.9062425369069,220.1451801896488,228.27501682362072,235.1250336970865,321.8692676041047,303.7756070978824,313.02785446787294,314.66353489562994,313.8198601968069,292.5119405539698,285.20158772445865,290.11495087480864,288.3178954003333,252.10429049663745,260.83083207342474,273.81257815738326,296.1403511946762,295.30320235359807,318.4393396794731,340.2834124414662,405.7850185027371,440.01486374145423,511.34132514161456,567.9699166139609,666.4512311590083,830.5148651802037,1383.2898413484409,1572.3049457544123,1844.5424840500896,2079.337483089675,2323.3461466853987,2591.430730620697,2830.2296908930525,3092.053416558327,3254.023890128854,3210.481906323914,3198.220140257266,3195.470497240582,3214.936224968432,3226.6533170142698,3322.257149250704,3462.251496149717,3573.7190510540054,3617.078952667429,3557.2037058423243,3538.4040378660725,3514.425896368692,3417.769285189697,3457.906544152923,3691.5409001808,3613.189177530785,3752.3569477912815,3695.0467743693503,3716.426426905172,3852.963159903518,3743.781165401041,3714.807831904468,3880.003468606108,3942.992307148381,3762.01936344282,3909.1541620440335,3911.282085125605,3753.3125869378314,3810.685490726734,3953.572680049583,3590.069006229264,2493.699820289839,2496.350451835869,2499.904929304492,2433.209584127031,2532.358114365185,2549.223274317187,2556.611782688969,2448.404919321541,2355.8821463355503,2338.0783845663777,2358.2431238606327,2249.866114451896,2323.989104806678,2212.897693526611,2556.346986074495,2473.8176466407904,2507.250823444148,2434.456001758659,2461.210434305367,2260.579588541546,1931.7516358789635,1757.8035546298083,1708.3314570642726,1624.8329199826517,1561.141819991051,1501.703098041198,1451.7593273065074,1377.0939247688154,1282.033872685054,1211.62301007695,1264.462616836236,1214.7118473615117,1202.387317462695,1167.9866765629813,1078.5620970062132,965.6163451129,1287.166612857676,1387.860888351956,1424.3905502218895,1326.9428490464045,1668.7272565132766,1667.7460623501702,1341.1259040441591,1219.8635790133794,1189.490998699512,1127.7937949910122,1020.6498358556488,1012.4977918346898,952.20786258298,868.0111236463193,759.1137424197394
307.0913690470411,280.2920841929797,283.886129973577,305.719584368464,273.53317632415656,298.2968737083578,287.1212174764207,295.48579553949503,311.5408327236716,287.143877770461,245.27010362409885,222.99896829022745,240.4812672623254,248.0761170781108,256.1560189867023,239.53777329604543,238.868348972661,227.74959040961457,231.24447996987524,222.4754642857835,213.7251881180565,226.1686846396519,215.5288424456883,213.8924295604807,215.6290426692496,216.45340415883857,219.0952606182004,223.25332279352705,201.1748333156839,188.3755382230635,202.59190692102413,198.9448838694596,193.37352869712225,245.0451099877893,245.9944187224696,240.03463841050137,248.2832492266384,250.70641510390269,249.38684870098925,265.17842933479415,286.6891746349984,295.2564913499461,349.5233241884019,363.9622488605857,427.72277472205343,529.2618102323294,641.7342606809531,744.3403536103554,959.64035282946,1133.2479471081012,1218.3341920667888,1416.354774760995,1780.2831697224728,2309.8165762588947,2721.436927474409,2877.3169157792263,3173.897868718795,3221.203489916757,3341.7145562814976,3395.748893787047,3736.566015003496,3607.106149847618,3743.198380933546,3756.2015248742823,4014.9703163403374,3900.478543384436,4001.5766852586617,3983.5403828379376,4073.996867080188,4108.625676885124,4216.113211013096,3977.665320819158,4007.9191167395225,4229.746617796533,4147.525013949175,4123.964168881757,4174.53455873938,4400.169260824132,4690.434689489759,4686.041801655079,4609.674056024879,4632.466538156648,4643.03859255606,4347.624361070244,4298.070725102374,4226.699186736576,4150.585866933499,4136.396389542548,4153.435860346368,4018.227916158168,4243.184247132506,4255.141853619525,4184.578090768248,4193.246292399734,4120.419029994793,4182.5121364229335,4358.971954739023,4241.659768798012,3975.8622206805617,4017.116322362201,3963.089570599244,3985.633061972888,3793.634088960278,3777.525989522621,3853.38438705889,3707.664239652417,3837.9730866780287,3522.328933346893,3552.740538675901,3297.782299714479,3010.353539603176,2854.548053964412,2724.149365303032,2561.521582514404,2675.001657367485,2554.71828352221,2336.177881926557,2244.7175868543327,2065.238957190072,1961.1037514340587,1817.0200329005745,1734.5215863093665,1619.291566319076,1433.675104533557,1442.3838282519043,1345.3322565492044,1091.854934175607,992.0507316754752,982.4051651381328,885.5429187945765,913.9252188797728,917.4132519661356,876.8208909196096,942.710044692604,840.4162462330993,795.8554549888315,765.4195552635754,737.6186283496681,732.634806156552,690.7084303046154,763.0675542158896
167.13803805360496,142.41443795309786,154.45996838095778,191.40232237239584,147.9368647995975,127.48167206797268,109.81063295138712,107.29132755162564,139.8725944227439,105.7562492968465,99.36700054539776,92.23056248259698,91.69863180477418,96.24131029033347,100.2763490838032,94.98920713474782,90.84392432435278,90.12782271748824,84.23988056127462,88.58934707329536,91.14380617642708,91.00863026002678,89.99200979305799,99.02932499378204,88.26973765441639,92.86584560609316,93.83613403452856,89.53841803944344,96.88225767600036,93.39820755722413,91.19225927756128,96.65092487132368,93.55211098935143,93.3391857783068,99.12431455424512,104.76149293611508,100.4167025949745,114.14545971386994,125.952141757997,119.6469158927042,134.51312391622218,139.55515446742498,140.3485125354268,150.48001842816242,179.51255137271488,252.83887347131088,273.7101893775391,319.62537998064886,397.8975127896515,492.6048719554637,623.5363479132526,745.9725427385732,878.954632756316,1036.5253674584967,1245.673209305169,1370.3581128136009,1392.6704998332414,1421.5141162147816,1451.448166611641,1525.126105168445,1548.8499798619232,1604.4579758455789,1701.504524561435,1664.04780161245,1836.6347982325424,1789.681402737573,1808.2340220448348,1822.7413372917536,1824.1487296340665,1803.9740213691,1980.059351952037,1972.6483849481324,1850.5170068486132,1846.1717221611711,1753.8466170376869,1756.8203273754011,1740.6313940797236,1763.5059098480667,1784.7514367253434,1787.471703481254,1748.818284028586,1692.5058581182018,1746.1696506027783,1689.2121628730863,1722.8235636901486,1721.7759166770793,1668.2589871094738,1635.423080279884,1617.9809453794326,1677.8134637131827,1539.8004804945997,1621.4034457702005,1585.6485445677974,1581.185985264669,1530.5041927033571,1574.3206199405852,1611.312149770437,1563.4571675110103,1529.838063998518,1573.7543815858603,1573.5483051930871,1524.8350741367176,1442.425748128731,1457.346467049426,1366.569525423621,1329.9138430104872,1367.877941010746,1338.6716576140332,1400.7281802653415,1249.3089545612129,1228.0842463171214,1129.0592095310774,1039.329800889222,1043.4826485466149,1000.0119843325,899.8399372711071,882.6790670024265,793.0604147747189,818.9322374776052,790.7607488080123,748.0508967967178,661.1849653321678,614.8156523053842,576.2532742359557,640.1764782849366,644.7439209216859,526.2132148574011,530.4066116164229,533.0927448356621,470.9724971735939,450.19564997428057,480.3012877477263,479.6360736321568,440.8888273124396,370.0626863213135,337.1732090319341,306.393691158635,301.2636108097619,279.90977517294954,262.43281436622783,246.74418768450732
218.48610631716727,185.79916799767628,178.71591162031203,195.67722020636816,166.13393782003234,148.16976481520055,196.34529208878888,180.5732744956957,200.2068708843607,154.1160527854795,138.51770267192848,126.17309410330448,127.94367492060051,139.0647452548716,203.20930516172763,194.8476254464407,205.6780893279839,170.33841264431769,154.49362961548988,159.46023700596672,152.65385622281775,150.58901006332977,150.49804499675523,154.43149949051832,148.04746103010953,159.00377810911095,152.8052382067495,151.84246212548666,127.28399977986008,123.68922727992154,123.3652088167152,135.6023394020657,124.12515511192908,165.91603781254128,175.83064630267805,181.61619007002832,166.015495208636,186.8314786644636,206.29672072626948,196.9355032958745,229.23917759062505,235.09898112915215,240.8277383391229,261.7178055917095,305.27781063742054,357.78011234208145,413.8513247725754,488.4642786742475,607.4848394536957,777.7924474985058,741.0585921727275,839.5973101083514,1053.353118159456,1176.202583031403,1291.7076741045737,1331.5543268090269,1372.572565658841,1488.2684267344837,1581.3355165254195,1691.3847365125257,1871.2331233937296,1901.3927720213835,1915.4035624963672,1976.5832068226975,2132.192794862198,2287.4367560955534,2302.1817217556973,2384.4481771080723,2342.1379458883616,2269.7338909956684,2358.641596574176,2493.911064372111,2368.4030939619493,2361.5307335688585,2183.492467127828,2319.546535445212,2351.216124443676,2297.558878100456,2429.999235621916,2306.394188557176,2307.928913357847,2341.7099506489344,2385.713313332606,2270.8515664365164,2346.8208918791884,2411.73772512591,2513.594008469241,2353.0278515139275,2341.8636810269645,2522.660288927344,3032.874236302629,3021.4041259781134,3010.523981907295,2918.273491740757,2704.4561975317497,2855.0155515111205,2897.1658515067484,2892.1151164154253,2734.720541996025,2958.041098123324,2820.8971278884937,2868.9472252508285,2824.3257142739803,2756.382409494785,1951.7867407831884,1910.8628400938449,1865.3753801656344,1733.347528892844,1728.9048328260146,1533.858978512291,1913.7982319752848,2017.1908602608632,1893.0391487473996,1865.3199447020663,1824.886680028717,1891.447169462515,1949.6953732911463,1732.2279458875646,1712.8425171012088,1572.6486856547428,1543.2288860794083,1468.2179139032992,1297.8122953944417,1056.0179606028528,991.3117331550274,924.2035818312036,675.3875596203774,732.8087038219653,835.0135355769518,641.7300677184438,600.652781803094,554.3801491959414,502.7180460858224,470.3836866154487,382.34786802444216,369.375624427358,347.30956413747896,357.4477621592945,330.080200457075,288.3460112558837,270.8527288251429
237.37343360957152,246.64842709380488,223.8872976183576,208.3739948576664,194.8534550326193,189.43925841302783,186.08874371091068,185.45564801879215,193.78508419199392,188.6437299398011,177.10021223357415,168.97251094453983,177.59361752714543,175.5255610620603,175.3825461082528,173.15610478142278,196.5767197472196,194.69913615025877,186.78563821626676,195.98428309843777,187.74509676057784,193.40867109589357,195.7916691039225,181.81064912985985,179.27483436095144,183.85861320594708,180.80196521710425,191.54438300287396,165.95616090678973,173.92161186687787,173.94613144245096,189.86685919349705,186.50641904850164,159.59500203823674,162.54986630499846,176.10659354050344,173.54109211084244,233.68345452876108,308.42899780263525,293.7679941306784,315.9326750681886,333.75627022429217,361.8035415141461,404.2836350378121,486.9663737327978,878.5735520397637,821.1610313182389,812.0961904614436,967.5201971100764,977.6514683089634,905.2488945577342,1016.2798200692358,1221.7812458915344,1386.1393605106464,1585.4109097601624,1642.5238334143046,1721.019562355827,1752.3148225318018,1855.1949770959864,2020.7115322794712,2155.286678656146,2136.909337792868,2132.4825796758487,2223.023864662319,2271.227973394564,2431.085155706949,2385.0931797112853,2363.9190857252934,2379.533893671854,2349.402722572349,2463.2232519893173,2571.36741627881,2640.5982629627306,2584.9667607048086,2475.294220126466,2627.294179428889,2674.887752668919,2607.9153101697443,2797.305945613213,2764.960200365644,2793.2751808502244,2854.5868375374407,2847.2786167522804,2686.0546248671385,2781.6758029325088,2903.465514266908,2862.4829513082486,2874.9301644577936,2776.235847624021,2960.6420761390505,3474.5564622896504,3275.836235056054,3204.7166299031232,3252.845723740309,3080.00081915493,3050.370550681544,3266.9362285445977,3076.0281339769635,2866.400356509817,3065.257323821817,2922.099325082289,3009.4261953188407,3089.1095758142774,3029.3327331158903,2305.974668921327,2196.9908522959854,2244.878038352929,2268.3861150368334,2219.7254425892547,2062.979381875566,2354.458791195665,2575.583109432669,2323.2108462482884,2353.7299763547667,2382.2707798690262,2392.217282242973,2038.6171970985451,1883.552055775846,1794.7322709520215,1596.3361877249297,1526.6800234007596,1452.6632350541731,1529.5715318825776,1496.079342069429,1415.5554082390245,1327.0027632673646,1026.6583884301465,979.9835210486326,954.737734183089,844.1347548007424,892.4749179430192,912.7184148586066,881.9596263442129,826.4053512925858,736.9257247823143,777.3039075730642,783.6766716736598,900.0372190287187,770.4556871038311,618.9420556488523,530.0309992990663
378.600114435701,393.9725294893252,360.70936166451247,340.10846883603944,342.4651538314471,337.9939885947311,339.37517095205254,341.63301143769206,329.3840411444361,327.57266921262993,316.3491485433116,315.7105326454085,316.11005011951994,302.89901570534,304.575842494857,308.018383480338,337.60215027028187,342.4327357242145,318.129825348339,327.0823240433417,318.9525208913967,320.4167965633993,316.1645959797572,300.6231580781451,301.62957882754216,299.89652094088007,286.9015269662758,302.6373301428061,270.05382894173493,262.2891448452209,271.1803377816192,277.72520444432774,264.81836263763,245.317829266238,249.2466814458672,254.45770515656776,259.3322626888436,327.5093565485173,356.9983481785179,367.9258872189975,402.4674265731003,402.1128805836901,426.3946247602759,458.42762151370846,547.2683323886938,663.1040065659832,642.8956878079538,770.7364511543755,943.0669740151948,995.6561453659268,1024.7124699935976,1139.9996092242263,1331.498235729819,1376.283116412185,1540.7295073315331,1664.6392973673594,1763.842040998593,1820.266995938877,1895.1664823910176,2068.3598939675,2101.150938680682,2110.9503255235195,2156.616287995699,2254.7153552116893,2267.4749889547143,2379.429588058128,2319.825392174572,2455.675042606113,2416.440672861826,2336.3065323469896,2382.9089354104667,2423.2212746595947,2645.678316465269,2565.6884997052384,2475.890998752296,2465.6122036423803,2532.1930899221275,2520.315780376641,2637.378875249091,2499.490915852577,2532.117301183429,2578.64332915986,2618.412238825995,2627.001480015402,2605.2652582761257,2611.673132143901,2640.3298880471816,2527.212282502625,2381.202127451336,2446.6361563210185,2720.77312006602,2638.0626018388707,2578.096185346125,2585.9883015029795,2559.822361723259,2521.7962442787043,2675.768186577669,2576.161977555615,2436.4113104092003,2552.3434518257272,2489.4003874712475,2503.9416574552306,2486.811662688254,2403.883267585265,2269.8441035083515,2153.973962900849,2370.245664000712,2266.078327418052,2166.9358338625666,2003.642263384031,1996.6141556131552,1907.0641581483055,1772.8885700549963,1910.445091043441,1944.0648975932363,2017.8565357115583,1692.706490621775,1700.6695339801745,1666.5358184774532,1421.7776112199635,1414.280783016167,1261.99187538624,1268.8401626657462,1189.155657988919,1189.560870799335,1141.167321016869,897.5882608288366,873.5719515350477,944.3936281531048,869.3696323067805,920.3290628797242,977.6860265164096,952.706570194681,851.6749231652519,771.1046212158222,778.2286478034642,759.6028726320071,817.2619530962147,727.0931604404686,609.8456869468431,600.9854384803751
250.1616128150623,238.1079881269389,213.8775441122965,216.14021109117144,215.09931126448467,199.5465468658369,217.67734365330736,204.5521814110406,175.63223938246372,176.92984364694615,167.8966742928903,165.81151164848507,173.08564980549426,160.18351698564388,158.82345244359183,164.11149325383218,115.79041780447044,119.2815159137986,116.76928318710526,119.54241889035148,122.9042885858108,125.17278242151866,122.71630216077178,118.56256306261184,128.8649755462507,123.30180091823222,114.4977288602811,125.75300750889868,165.4252100216224,162.43083956869867,174.86403356266084,166.53410320402173,150.29644213055886,167.6022448320461,159.8052252970761,155.42317445027396,163.13431218623228,116.43174985381658,127.16462492589106,136.71643456139165,142.4559778672822,148.86693368517388,161.96762708955157,174.7523292099364,198.9862046961248,253.3373420394423,245.6538825343896,292.30956749453213,363.36235925554007,407.87824264247286,660.081688241566,742.9906133044752,852.5217714958204,861.8417585929518,939.0512023313548,1037.7882545510868,1071.53431369392,1147.3249256385038,1204.1910168918596,1332.5153775617634,1317.8684438838927,1284.2387590831772,1358.897221135967,1429.089168546128,1433.132699077739,1461.7887127142906,1425.6205589705023,1567.640318143667,1546.819526651884,1417.5080064243598,1434.8010593002696,1416.6197188861534,1596.0808271364078,1486.610555190777,1426.844158345598,1453.3108386362003,1364.2833880404733,1366.2361964992158,1429.731212762536,1373.3594051442012,1347.621020473479,1381.0376477067955,1421.4009695865354,1500.0487870392803,1476.033424251072,1427.408573861448,1346.9502590159495,1333.7992694272798,1311.5550759999892,1335.175742480806,972.6363693575404,938.2648988031762,934.164347662208,946.6737056024334,924.8078440346288,941.5437455608586,982.2568183415116,957.5065022261728,902.6559638990248,931.7561407540926,893.5783650536206,880.6253929620259,846.6135767464913,817.1240986618562,914.0061639624028,870.2900412119229,844.4753206193448,824.8872843375061,842.6224846358031,781.5263394896082,649.4674587976895,615.9205351341932,589.0240704328613,642.1508493889835,681.7922352772885,746.1425236769558,657.4407491444736,646.9160653380421,593.5214741836897,497.47736361626113,519.8005474410307,423.1120502476071,390.2298805768699,353.15228546370867,361.34889430018353,357.9466322366497,429.0692060964421,406.4939039612272,417.8045834589413,433.34372480118617,465.28579742323,478.1003584529566,524.3578759046499,466.0196993581352,435.4540619378969,426.1426000595854,383.43395525516655,402.7504122613344,419.4659349830613,376.9272051363768,363.3874285124722
56.68288358260009,55.87778128356338,49.97551049358823,46.88702730119571,44.60983269318234,40.261935916672215,45.95241413881238,41.5480371399468,37.14753148465447,40.72153441037842,38.4483268735158,37.90243533108903,42.30556208877175,39.96422892125848,36.42384679512861,40.562109077960926,44.70037556424696,44.570562215327485,44.91815427790326,48.893643223553966,46.331635299740405,44.47233753281382,44.835512984446765,44.63681083889109,46.64423793647176,47.54074012679485,43.803832207850334,47.53402310585529,40.07340763619376,39.72091884756262,46.60600464494713,44.825986367737535,37.37226921991422,59.67966934561032,56.88905733939843,56.313712764243846,62.07930624805557,52.11615171563694,59.17091932303289,60.7449518588328,62.86000900682009,70.60416465548235,78.52805134062626,86.88761384101858,92.33880183475948,118.26406807767113,117.8807819690245,140.03971907676907,157.62149374413167,175.20480890706537,163.08567595585416,185.8792176576297,198.46402395132608,230.35730484268757,236.6900787936755,226.53247277608844,260.4594039442808,259.6825378185683,270.51239820637875,283.0625324384987,293.8636208985744,281.1390399896331,273.3678291901216,318.78224903115483,318.69246920278624,325.51171878799164,316.6204698109736,330.89457294117017,344.4371085723424,325.3461629450932,341.4298200175417,347.12417560494526,361.0550086909672,326.6741228929872,303.06505315119784,340.9134979517093,300.85419136314704,306.4432517613162,326.02305497263313,318.4421499291607,292.3584128391348,304.7876760722801,288.20550500833053,292.4346442363965,322.8654426198564,324.32474728488745,293.62533351785663,285.2233163106978,306.0521341029373,331.7047025222755,362.8604058723535,337.4898283496227,337.2893849570278,340.54997835267204,316.0642718254216,319.8694189287667,336.0754570412758,333.1613673395063,299.5932075944635,313.3505514221503,279.92854100274246,283.54427383952645,289.85718808502725,275.3557427637779,273.69404128500344,265.55618618654944,249.15522828661048,258.2664640075253,271.9665384030164,254.8499654427552,228.81523418286824,223.04520566002265,217.86712271848015,224.8170806795406,221.6015669195301,216.732289220688,199.712993381892,203.54210870483888,216.160660301146,179.343944615207,185.82820491260856,171.43287740976638,160.898319931795,146.94055434505086,150.7292049953671,129.78052290532733,105.3065895857527,106.17887317982031,101.54045086263118,103.5761642037714,107.67031815721192,115.60932962100031,106.6651102967867,114.86772855158692,109.11581865477692,118.44593034060767,99.19917366735174,89.160462432468,94.44551053019332,91.42068756396851,83.61225416113335
111.9436777050214,119.03779634294727,109.8534425014405,102.8978176043228,102.20293504872656,94.20409027259412,97.81531455751396,85.82696443507822,85.22444533899616,89.1408091877993,83.36852872437267,84.10158649643584,86.61786888733762,80.69100304223332,80.16988006982233,86.07891788624907,86.61078457742674,94.18784735788296,91.30836222491988,92.80991096628154,89.17613974464017,86.38799697931863,86.19857306558991,88.62861827293904,87.22010842333705,82.34956501319853,86.00731960871813,87.50178664314431,71.40480692852645,73.93280371971288,82.15655609656763,80.35363754568067,74.47004512115062,90.6986685916893,84.72804597824287,92.25799618614332,102.3620910343385,98.5348248524076,111.60959634922352,110.45562781249868,119.5361795879296,148.53399331822652,163.45210480486173,158.5386345182879,171.96768690784822,205.4113081999352,218.813348750394,244.31935679575344,268.83926740581416,286.63165768699827,263.7641814022015,313.546185503805,319.0568301039784,372.0498743880806,387.646921065693,377.7412267909042,398.4819994018257,376.9550808355799,395.118504335631,391.1019079506861,439.35640670049446,403.6440854011032,386.2524482645874,421.1698018908023,383.67481293711273,430.64114217343945,443.5223901768947,429.3811691691637,447.2453646488135,448.8829047238045,462.16993072097887,471.0768019388456,451.5539075495426,428.3493849344599,422.2778360274339,422.2143703295057,411.7995097620344,435.3449780370906,464.1940372545119,438.96953734210393,418.10877960543,419.11102128618535,403.0088351405452,384.8534141037413,435.4033449161368,403.3085735695743,362.657960218052,379.1099020121733,387.3762674554841,478.4209046918655,466.5398006693238,438.5778919667979,423.3605346144133,464.9558727200625,394.2921224102625,391.3340776800491,393.5759702511752,391.0775950185096,382.1306071828473,397.0246083416912,375.74278157098337,362.3675898896981,374.6800439540912,369.6854290262014,472.33689287607024,451.5234446304977,440.9563772740558,440.2170206016561,482.3583491048051,509.1073770067439,372.4848837553448,357.1604720130628,328.683962937623,331.71171395442485,337.18680457019883,355.78961024280375,329.6976750919222,320.093661351942,389.4776281151453,329.4350767200092,322.08938950024026,300.9022398444214,280.862055651405,261.65732886484824,251.1623462273953,226.4623518865607,199.54988573627497,206.52668114090707,204.73871501960463,182.17773894576848,188.54829438093648,184.91955842592935,198.58374890485507,235.1773608241784,223.1469378653322,245.8112876206933,204.5960035054308,182.20626591722785,187.82027614386053,176.5246990380801,162.722173994067
404.0408312969767,397.0926561288428,345.996511020345,330.42861911566627,363.59140436253006,339.3112186308413,308.43035976967985,279.4136460496664,275.2083981119668,273.1239315162373,250.86058115940145,251.01925915948203,246.5716704177625,230.46050598125296,235.8475210732549,239.83782930845052,191.98544949149112,203.80835810017567,196.50715878752544,186.88889476052847,189.6029969435244,187.9987202861524,176.5663265956954,183.57547111285865,182.62416169668896,180.6225471868824,190.15267603874963,193.7410310296042,204.65595430937503,221.50050377855632,226.1943302107705,211.7835165423674,227.0961191968819,233.04957796002037,233.58283079688013,248.3138538128696,250.77768569658423,214.25141677185977,227.66658901010425,233.25386502380127,241.91683727181805,298.3750784084163,308.8173687850221,291.72752363827874,338.0496896047986,348.80294276400326,437.10062172636987,513.3299532999816,530.3479810657094,550.2456108396989,718.4888856212899,752.1394449659153,739.218007947691,1131.7286051546885,1054.256646102087,922.0488684392571,919.0197964891942,839.259955576402,809.8483755401702,821.1380734417033,1196.0860444221323,1197.4459952332277,1142.328777107074,997.2843892677412,912.486485681927,851.8336310652572,855.438703193195,775.9198478878626,770.3773679806251,820.2801958994597,801.2316868905447,853.7756068059165,790.3523899570955,768.9825624087936,805.9773914952416,807.0003972410126,794.9572590621559,808.6672098931567,798.6760919149598,729.4418716198456,776.5761201516368,768.3554974668098,701.3381479087467,720.484181268289,738.7345954721263,795.8503321189554,720.8140679518355,733.5157192921022,753.2898033743173,818.2762839460077,676.04412592964,668.7746822370822,646.9056066103727,630.878582047129,592.5787408156539,581.1777598712346,616.8531120609653,667.1686852657703,645.9946070333581,659.5668463599906,729.928871646622,762.5787099572598,739.9142531978399,705.6711968231426,632.038925264036,664.5685635815282,609.9936245313583,698.9816342828938,712.6720727808579,929.3494808357364,840.6326443206991,800.3031960028717,707.452437120494,684.0858751595939,697.0967401992725,660.6424379272567,582.8802466863546,602.7887182634039,757.9514059514753,631.1694727148467,609.4380887241917,547.7550225627132,503.0934597476291,499.2270105258612,519.5277690387662,535.8654724245004,746.5777820012705,687.0847546329685,671.5751935660008,622.4473105069214,634.9417120386619,646.1140126026315,753.3553390320636,794.701177104803,762.622139062964,758.279635629635,674.0176552271148,618.4859764526637,599.8004257168254,568.2695624695334,529.5597872199395
394.8950696432984,401.8467414175258,353.5731163925221,326.1817245803761,342.38394269191133,314.8461628953331,290.51329955300235,279.6483687748323,272.9016300788742,266.95539906995145,259.3614033158921,257.23832583621135,251.784530090864,241.3683900806895,250.0438141980482,245.5235806388829,282.98836904918744,294.82626922910845,276.84962281275034,272.55328894459086,278.9823188079049,267.432468082125,254.56085661844563,263.6764910720799,259.2384725162767,259.894212245702,262.4430407973593,258.43741833292535,204.70317652887448,213.59335563888231,213.63056199345567,206.8160551040771,215.86750572660176,247.6465460598928,252.906375749584,257.6042877410574,258.09345468548827,288.0666810641016,296.8531371183012,319.0669707695024,329.98649046781395,362.6339170627773,388.4445726779199,413.3702609919752,473.98614355816113,473.5694724712369,580.2663030945351,646.414053146631,673.666646045582,724.2904423915763,664.5376801097227,708.7621673580486,702.3954362019327,913.8461370256792,905.1390791327468,819.7226136319117,818.7439560061157,804.6107415983307,867.1548378593004,833.2626831745713,964.146267007554,991.7073207733566,894.0880432614794,836.2725264612204,761.9022965289561,744.2893718112882,873.069942715321,725.2362757812691,709.7190409830708,749.4953086366429,739.3398325216275,774.532433885851,743.7766022830378,700.1399049097214,735.8888751147568,756.3575976627612,726.6271659249512,750.236727584618,749.3897352750199,705.9478847389069,746.8541344875088,755.1399924504276,750.4740343524448,825.7400884603913,813.4734927287292,821.3752690097424,726.5378655935756,706.9203607278915,695.605279707858,704.9804997360397,892.2244854204001,850.9966590459517,857.2462994892535,834.4674907331035,839.7676239916251,793.3318042844887,864.7259039688832,874.4612390079591,864.6276262797653,802.3539084468789,852.7541027841138,850.390743030537,847.1731599838192,800.2360600303516,693.1538457448689,735.9055265165639,689.4024792825054,732.6629679848112,756.9120110162227,907.77428190191,877.5718815693208,966.0708930798752,891.5462695982216,913.5401430968394,968.1834119696896,899.1705269804336,795.6567977520037,798.2851776180321,893.8034773000608,771.8608341407116,752.6648890357343,701.2675875496835,683.5227894189698,665.54499468225,703.2414209994787,731.8772245774848,693.1515202844668,746.6572148306232,693.1981724748613,669.4408157246695,672.9008736531824,639.5048208520001,642.8389140168125,613.6281827188415,601.1221003506333,621.4846721223454,568.0909942702104,581.5079534486459,569.942227302852,593.3244314154352,534.1946541116272
350.3818381297804,353.0187715299176,329.5939232788753,301.71748069746627,339.102543646627,309.929777940071,280.27164476688813,263.53289946198583,245.44945035455677,247.34792111248623,235.95469141956048,238.0709917536536,232.550794934226,226.86036603328768,236.1576508230864,231.8345481522247,242.8711962212455,251.58422240037112,238.409627012884,240.7765610539817,248.7201323836674,234.36842046113284,223.4579546552058,231.1572143786111,234.23648172860916,239.3012204792456,231.76750657296768,225.07175555937607,203.48124813742075,212.07215575523475,210.6965829235007,204.9649105334857,205.0957449958244,202.28601334449348,211.80650607205772,222.4423974760351,221.47340567777468,259.75200759975,261.04030782663057,289.8065492372675,297.94120391820843,308.5095974714948,334.4762591972268,392.4569564343504,431.76904505829725,426.7350760800439,497.0789637484085,555.5010707028233,589.1998989340874,647.2242578338657,654.822230785651,745.9938334331296,727.8875111213559,819.3077167410278,866.3679249667106,807.1271307374967,827.7001435327721,839.7398725039926,937.3443799127552,892.7355760806219,843.6769844675273,890.038121550602,801.1234716411615,844.5497040900598,761.8889220443575,770.922914591078,874.9170671124721,745.7295598882222,741.5308542959939,778.0814120731529,781.4523691910723,788.6524395591321,760.9479619832163,748.1098135703539,764.1338590047822,743.1116457844549,747.0644554004808,762.9707377869832,775.9017633444961,740.7357348798928,749.1054618214016,764.1436906903601,799.082968628856,850.3112781658941,851.3297872697243,883.3109507704172,826.0632497898887,768.8973848084846,767.7763706290827,719.0699107817193,791.9772283279341,758.4604062924933,781.6355004882887,775.7706121694878,810.6130178591085,764.4116671166067,840.7894957403439,770.1000882051885,778.6616639452398,716.8749586314434,716.9535180493642,707.3572959384828,708.5857462879004,672.1160173998647,636.6526790042535,654.3055812836973,642.1388627890112,642.4402876207208,680.6829048513333,753.5637799765846,712.2799463337918,830.0368978353433,803.5477010781223,830.2656277765457,883.488944560017,824.3333535271885,747.8322910271125,737.8443967011204,771.0127711950793,677.3075663381351,659.583174687511,644.8826901956423,663.0589141167102,591.7279572235318,628.5734372060996,630.9301199848438,637.8528882774683,707.9565197591515,651.8916902537601,655.5257548579145,685.8039788882144,664.6041750809279,666.9898666562752,575.4001459511301,545.222337074171,581.7675373236061,504.6522876137687,547.0487932492168,550.6467721861736,605.7378017243595,541.9990764086887
302.1522192716397,279.8494008173742,270.2930259941158,246.66649832121573,335.8695466909324,293.0716365212608,258.05038769639884,240.2718103375989,217.61586230774725,238.39764502318823,218.246807508662,223.70669328500867,209.75299678055143,207.7162188135624,217.5048947908176,196.96039749932268,190.87748444807644,201.8483286015959,188.0447180028561,196.24864161717255,199.57939059477704,191.62469975066747,186.9210541132684,194.2993963340498,192.88806237478056,207.6171705301068,192.2440524186497,180.58883517109516,190.97388549248208,197.95062360145707,203.1128699610988,196.78103604487748,190.23312384835864,274.1285193668643,285.7537844361405,325.65814679349245,326.3381887822668,228.8620551037168,218.5673597801569,247.42560563977565,255.03941607411485,267.73277921612583,285.03501759523164,370.39037554040175,375.6895301890408,352.11658848093253,395.96939362616814,462.5100486321815,464.8930615003811,508.16581168817504,555.0072114869262,681.6517525713863,588.441385800996,656.833564490425,624.9945309246457,569.6097653657666,611.1822236750928,589.2304660802859,592.4128735354067,613.2008755793557,577.7900305406324,586.1574069894891,564.4882521584063,679.0287257299276,638.3247657850538,607.5178953997297,654.6260094093033,592.6261019939988,576.5988233393462,625.6045460920456,604.630928818711,584.2120675133801,554.2206673601436,576.8858223975055,592.7492906007017,574.5067121546781,591.4657415501362,581.0326807400663,616.9626222502225,576.7525952387798,549.6167079066634,572.0031864709265,620.0276512345218,652.6666883508661,587.3304431036694,668.2126476197508,712.0100211094385,639.0061684659612,678.432313505392,574.9338182998862,542.354182218306,536.1032600175668,528.5502722705678,515.7158908370568,535.9041672846171,514.7372075166817,590.4565758520248,525.4397803968961,500.51182043898086,484.7126107187029,536.7477905835478,546.9672000693138,535.5601207492005,508.203607129249,646.0266953481148,659.2235470381539,673.3694199518541,668.26362710152,689.9770798121249,723.4146808715817,532.1716553468613,569.9245801188218,542.7078970093288,480.5007244477977,504.7137093210706,514.8820926675895,478.2209151640154,495.6539389673208,487.10909703434265,464.5483479133707,439.1499611024102,470.4153190976105,485.770776658544,435.39171770517567,451.9581505948192,425.1817419851468,454.936072911641,470.0759701786377,456.98998297651247,499.7153265100513,502.1698049007536,564.7106388923121,671.1079466617551,563.3593658425411,502.6269360558733,526.9442306741738,427.8824142666965,444.33540271632046,434.8010443470452,452.8002573657549,428.3990303713426
336.84147936011215,340.5538080150137,339.9273551187593,286.5228600871918,261.3825662744951,313.391781345106,275.7721060661136,252.12138093219417,263.0602998185212,245.53311025359596,235.56274894562395,262.58018788985424,247.32335678265613,226.49273424593875,248.92746899067768,219.9862426552669,213.30550538604703,229.58582265698973,218.3690257059068,208.56022968143705,230.71586641546972,227.21495657338224,209.83763946390283,228.97953630003676,212.17468860815052,202.1547595641829,222.06714349405985,215.28463517011065,204.67400292948236,226.94902880257345,219.73504555818445,215.51364416071067,224.153104734171,189.602915153247,186.83484738200892,215.53746765903628,199.26134758343488,210.7711873270011,238.5503430373723,219.03210075314365,250.2494820475293,302.831471603558,273.78721275431604,308.3974430833736,475.8849665992065,618.8706291522095,518.045648836544,557.7301023329115,518.7201012560964,524.8076753714738,655.3329662432988,702.7741216546622,658.8288378353127,627.5941867222909,678.0257930125321,840.7563174262347,735.2485139112312,674.2978272723899,679.2995536064086,711.1720107204588,685.497054103812,824.0021657252006,797.3724252509697,831.0844670293401,778.9725764735242,813.9000615818318,757.0305302616104,786.0108699696032,805.3727067265125,778.942366923378,796.2752563298285,901.9297626047966,824.4230250914541,747.4305406027639,835.5527624808216,762.9327068754517,760.6944146890637,777.1317560114555,789.9142860315807,800.8303422861624,752.1419768020539,805.7629653325907,896.3245569256866,901.2206047261542,816.155727253618,795.3148482125571,745.1121625277012,756.7668654303309,770.0025838654262,695.0519762241955,691.1664480190234,660.7400493662509,652.9679976420426,704.6904472188547,681.829469725857,694.9238864439566,725.2555529903755,654.7114021144981,655.502015631434,673.033071921059,729.8444729801939,735.9050904520476,694.1761102494912,741.4292331416524,657.2408741993353,685.6708665763974,641.5196237403283,646.4218245473395,671.1507606824116,684.8180810708714,735.5323779145082,721.8664809167398,703.1373031161717,708.2507881073097,723.2625471900568,676.7328836051015,629.863835779563,683.5228375320359,639.8796528039579,560.3204342974343,520.545674730991,503.30192293153607,528.3905019313825,518.1425004367068,555.256941967075,530.811129485351,479.0505651072007,482.1011481451247,465.19778588137433,480.9499909462174,477.0714973575765,544.0131944413791,472.5542269879406,578.9717760681875,716.2417092093569,539.5343014811872,449.83304197637744,446.45015898404097,364.991716371404,423.0552335661366,410.4931743062842
504.833826441362,492.5459564840199,544.1716621983604,488.97918046479896,438.9450514532288,452.498822429235,412.699435091755,385.6260623990378,386.8184779178736,367.6460237934098,358.78066545990976,377.05918170208304,381.12768197101377,371.28196478541423,390.9812454232672,362.2472851586029,207.01277148720703,213.70698449958772,218.20607521611225,215.6344343007418,213.86787227613567,214.12562432907671,200.88879215054556,202.6978934233505,195.4829681015144,190.18410804161465,184.88978056309057,180.85141666165407,301.5297011845443,310.3525449599676,301.57991556515395,289.23367237059904,310.55928341881435,169.14155612849493,162.40772904477828,176.0292963091566,168.2714144517564,170.64733896211567,181.8852009235849,180.2355918236327,198.90197131110895,219.3694528132402,220.18177925886363,243.0243005260096,337.49287379408565,409.0910220531524,381.7791867287809,405.53668908530767,416.2991867020369,405.2553479145316,844.6467852397946,928.8044350577776,885.0739933184472,869.1486250847139,942.3715174737714,1084.5697453442554,1001.9569160879456,983.2923805027436,996.516121982563,1066.7013547903346,1055.8568808789637,1167.94339359608,1099.2398258637554,1100.9962861440104,1121.958381592781,1078.9107218163003,1045.432939998478,1064.0991534373254,1091.06240930359,1079.7314478420071,1116.3735701630571,1181.6402816282375,1185.0078184978645,1082.0685995357658,1188.0175965889382,1141.8162601553388,1080.2045164988456,1069.9042265158623,1108.269994905938,1142.3109067442565,1160.1473093476604,1176.9845336797978,1178.6278492780636,1125.6376507738466,1079.098354210027,1079.9499551346385,1043.810493564878,1113.9350596551155,1123.0435272805098,1041.1281832181382,599.4387496298637,590.168424701176,623.7501608476997,602.1873326959308,634.950578034616,672.0267927428861,666.3494858926696,596.6557971664577,587.6261201138233,624.2101866532504,619.4854877570058,600.9257437495153,575.8609693177647,552.2501285098928,552.1546824782652,570.0484269857517,569.6165943377869,582.5006973965574,606.2383886034521,650.5822481353865,598.3814223390006,657.1205289287046,605.7530549207764,548.669652440738,578.6399663736139,529.3015179230335,495.08375059220975,498.5200002800918,473.03559131727536,428.3912652039977,391.9174555339751,357.5953191117806,349.844945953727,455.5639906262687,454.8806244259922,438.0257003054033,705.5630668309033,703.4455780304235,701.4009102257386,698.4850316601495,698.0265694165378,679.4583739036697,659.6469511011887,704.501171263391,761.6301902483232,702.1776496654869,679.0916063680895,618.7129709999405,595.858684084401,608.621916542734,561.7227901666956
457.3035118595904,433.7459661413026,498.3579331865958,491.4949569177972,436.42267038827504,407.0667930676064,373.56086640462496,346.8997333748652,355.07314661384373,335.5804410121494,320.9733277384386,337.9982212107921,348.16583928225344,344.4520301070342,350.43762012031914,322.82038571595393,187.29892383262467,193.8466919702746,192.0658549528625,186.98196495046088,186.74223219291943,186.53998257839731,173.18427180729205,176.87615868543674,173.04783906594466,164.15899722863207,160.9976124219329,162.9455655451086,266.2458795050717,274.7860698566834,269.9309671202041,255.19000838180204,269.56886148933864,220.72531511117907,214.63688714133465,232.8376016875039,235.8444938546626,161.79110169377518,171.0889992953914,174.06500383727715,181.99978590892331,196.67968846124003,202.08297252526785,220.49620759396984,274.2656472814497,300.0169722912009,297.0012161892208,361.45915527451456,373.0524883861075,353.340177148655,708.5597252911793,742.7744684320775,759.4068856716025,747.5344326980974,805.8024606787288,822.7973626601744,789.7308652114757,788.148018866452,797.3049544162006,831.2501723890729,862.3436622536997,945.656119100481,902.8583622642204,869.7384011718297,861.8171153808631,859.9929651999804,834.876975494731,829.4034244443934,855.675694213807,834.5648844296855,887.482060707953,887.6568473844495,898.7012445012533,830.2773993590753,888.857576142016,861.1787433991431,839.2588524819035,809.2809221488486,866.4092820879125,896.9951636854865,1025.159323376859,981.395714216808,918.7670572406568,860.6178111415319,862.9273532769562,847.1208298593776,813.1615817004819,924.7689497693314,891.1303091398493,893.8353682768306,500.380372063267,491.4924608582995,523.3182736491465,518.0265786751056,540.3216266028475,538.4065158975933,539.1992318237096,477.6388690064031,466.7467533618783,479.5699480626388,476.3149447739319,463.4581450693766,466.1876514273652,448.6539825206979,497.6308014273013,501.30616204361394,523.0682983801798,509.9983536746043,505.2568682104029,513.7555824931053,434.27747587620576,492.2037765700287,460.639323132256,402.5874851626711,408.1367858480088,371.3250195765359,357.9038416282954,353.1512974060764,374.46346969577536,346.28938201302384,317.0825427350048,276.8235133371191,267.0277618922693,345.0558701957649,344.4831313624175,344.7520262691029,559.4925492150385,539.7348556863349,581.1882291936961,555.1555254010269,663.979617272259,606.4042566871846,565.7867178319573,555.4732392959759,575.4920449260335,561.663098520433,550.6816233795262,492.2906425179749,498.3592864960093,560.5583276764047,514.1309136217035
416.6519955341275,386.1477812677724,437.6451043189695,464.2880981752237,413.5813579294171,379.3963613721514,345.2203110265401,311.5592980821662,332.73645968619854,307.87300436423294,284.7867386763162,302.19752126980546,308.5899297811059,307.08370793027143,310.1173131736439,279.8624488281359,194.74274746678503,202.9922793601888,193.4141935631672,181.93405570560225,187.0021310117496,186.29691969437164,171.9127362955328,181.94177922772195,176.39701151338306,168.23389041270292,172.5662784995984,175.74196892769177,238.7249406800548,254.02277906865675,250.6946747479874,238.1200361217946,246.7712970700316,219.8697828470885,216.37308010378425,236.5241188192016,253.2726258469512,192.26514592182653,205.27739051164863,212.4109119319005,213.0281792730798,230.07612373340567,237.56933466325373,258.4261613239956,306.6296180933665,328.2262681983644,321.641027528867,432.4541818141834,441.83093157696027,395.0585206075041,643.1077927569427,635.0204230421909,696.9250511856291,688.209405798842,746.1716811586248,684.16856721082,668.2681268606367,667.9043329877574,661.9207320110874,658.8948990565441,729.1572366677792,818.5334117192215,785.9844113146542,741.4765860988105,678.0599459920128,731.0117700627736,694.5761226891766,669.3430703657995,707.7261234899795,669.3335452368608,725.5246658997256,701.3131847688695,696.2937878436022,663.2236621715409,704.5115085586621,675.21395289556,691.4455132073148,639.17405781756,685.5864700311696,706.5101203984674,895.303816585414,822.5941500799152,769.4320316220452,721.8180422641834,733.6800447684124,728.8543505757453,691.3906374418992,812.0132806842506,740.7028115897313,804.7145409255562,518.2562924076917,497.6232958592258,525.0221664341949,566.7120233853348,547.0368385326054,501.49068432452873,523.7681290401939,466.155406698546,445.4959533919572,449.8627877965529,467.9727019050029,459.06590952810063,485.7432473116965,492.08189160429686,487.17895313475606,485.6487729898185,515.8616321313391,479.2104179325032,431.6966584392852,393.98798914276335,396.5522705951468,416.6051554448556,410.3906486604966,376.0732427244275,346.586087609702,320.1527232671543,318.0282268570012,326.28297235238085,383.7594111321087,353.7940838808148,326.3185166705319,282.8117688885526,284.1494949527642,292.5162342278924,304.5784692113677,325.8989675461501,443.2329943215719,424.8098524612605,478.8007715145643,448.8457489178113,624.9194690911586,558.9560172751225,471.3551285492586,468.7805923826377,523.6880996852352,502.52522499763785,465.62800240803216,417.2554693152882,426.4415736159839,531.348115911756,495.3697432068376
264.6142107638353,244.57381030352204,261.6395066323354,245.7183731353892,217.92381783338084,210.54124187527685,213.65621490654627,187.161593043529,211.6916314510544,209.39238487730887,187.8359285497678,192.49752719675175,187.19636779368017,184.5941277787501,209.13486626066287,182.6669615969667,136.1081014450937,140.82235012432872,138.5596807099499,132.9594640139697,132.8486677963738,130.7058034672919,127.8933177177304,133.16524686106968,127.49145405109743,125.33189559756076,122.11452110109752,118.3216924620144,156.03813768909373,164.99254237389502,163.6729823048728,163.54302205774167,166.27331525666878,149.35667274471066,149.8525628034378,159.07047711531305,171.44224603446352,135.9145925381019,147.38276359561308,152.11208703443376,163.39446123364598,178.79161588580774,186.41371001373605,193.16524039644597,238.29097298304748,280.16845262006007,283.80332766230214,364.721629501418,407.9788863703502,369.8941146122606,590.3446036664786,582.0046621989443,626.9132372171223,713.5903343653346,758.6349174579105,741.6917542220024,743.3499813613287,779.2606252908821,769.1793427764352,765.8234029140943,815.0461117263059,861.282350004113,850.8865685890222,852.3866790171576,815.6228937884026,849.542474479339,787.5482140086708,757.0795662110519,821.5161124805768,794.839061278872,820.9681958424924,823.8428990382887,835.2584677386174,794.4282096396882,831.0444811723515,833.4345131679644,847.9311913858502,810.5621346687338,826.4930435713718,859.7260277759844,858.5956656481187,848.6477982969762,856.3983065223791,870.0190385213742,843.7706700541053,810.594152093088,792.2466477977507,799.8442113548884,783.7327932389752,790.3188052435764,579.6093150274482,562.2927958897213,584.9086149093797,576.0998848720684,579.2821324287739,572.1529685678754,577.8627330940934,551.5836403269813,526.7747334087726,574.3795775500527,589.9480394616237,582.0464335121742,594.1792681829953,581.3433694326283,586.1833754279122,597.583631605934,628.8885408613983,592.2327854565597,598.0955783003338,576.0434581198856,551.3894127824418,561.6280438020895,544.5291729550607,520.5651620875473,527.3312429831957,448.063231090489,432.0431818199689,468.4728317430964,413.8936261671702,370.5825620818213,361.2277716666149,340.2067601598777,325.28577783357025,329.1389584328754,312.7446157783765,334.83275537533484,412.5837345609848,415.8753628971999,402.6810031938485,379.1891006407266,400.6996942311318,434.0996780957212,379.7449066107734,370.3650390390943,364.70235768843656,357.5470749134313,328.9451642810419,329.2699263240762,359.3631536329192,361.3839406360241,337.944349022974
131.83411509465915,132.7580968242864,131.61755469101234,119.04698494364465,112.74941667179525,107.86087419195653,111.6047079598316,99.16082808372109,120.89749091739549,134.91953045116716,120.59531072171424,116.17076414795642,106.86197142171056,99.29198764235689,115.6471054750558,101.6183394757422,65.47194421913994,65.65521341846325,71.50120714226507,69.45493854837811,69.28800071916254,70.88123607374924,69.61051624415997,70.43810502984721,69.87543391576187,69.1953040587563,65.55357411346272,62.606744017374055,93.31915117714804,95.74337144892336,98.41883118341276,97.01899975079188,92.75178767245744,81.14655685369843,85.27982081507893,84.49447665417388,93.4386332441702,72.95662308215447,75.09818511998083,86.26652836775627,93.5321365669744,104.64300639869602,111.7890278327849,108.24124443873356,140.8250087937042,180.0575947221435,185.00194872987691,236.22592392069663,259.7558886560578,251.8293349120605,483.8995551258278,475.7389765757885,481.7258738704863,519.2070218949782,556.5517387686916,550.5710842795613,583.0518770745846,589.1804853355535,519.322950575603,502.9034104979054,514.7206363005014,554.2161664835962,592.1402212769108,601.0701911117599,552.5206306340631,566.6244004405935,525.4112374369369,530.5226475863549,631.3173402947389,577.2112694762038,558.5140310587491,551.4115620035516,563.2073984224255,553.5081441866951,583.5297753661116,592.2645411865296,560.4342040368531,525.7755427930359,536.5676409248689,537.7382676809863,532.9187663717626,581.1067703298162,595.5070663168106,624.6461760826702,591.1333499897539,567.6725424099243,538.1535954392617,551.3988544117001,553.6344257904518,555.5910930785977,380.404052537908,360.8340969706642,347.7785918537071,338.53258974447783,345.44975409765766,369.17199631979474,378.0595913763749,360.8124696601906,342.61640739507004,374.6843996113328,402.3334237893114,382.9077589491154,382.8939433043315,378.1717145292985,429.127144012803,490.7890517878752,476.19633688986266,459.1111035274719,500.8301034841196,512.6610359919234,433.4698086736019,429.409471068542,414.0942160983117,378.9172834157998,379.4651822582695,301.5051721395701,302.4862527008771,301.5180166606538,246.93570236129625,224.8548149682122,233.8549053433321,226.52982971003695,215.59590053749088,194.71384626707456,176.1314444961272,177.4706368969937,249.8659242002642,228.4168164444933,207.92169407600232,184.82369000180387,191.0307906917077,210.0281789654536,182.4926444371975,182.3180313186918,179.6106113203958,175.56389418954967,163.2989410413642,162.2852719014043,171.45652696394427,166.5409101998864,159.2225034463138
152.41632479505532,141.8140750576679,157.1606136419841,149.24251093772597,143.31046996036315,132.0542125021961,125.521866986511,110.36131324177822,119.6281045221345,124.82597043849717,111.46584695004287,109.206329523797,102.850400941604,96.92948192225768,108.31316398612184,103.60812950547712,88.57904155552491,85.36821506975437,93.70471930666982,90.04959118845392,90.03089292139255,92.53043203492908,90.22560730487132,91.98726396926315,92.43861231280708,92.96013910690212,91.70628077447742,88.60945735258758,96.73399797546028,99.88917905963125,102.93907020805624,99.32230072589395,94.2521073629672,109.00568969018498,108.93741731953708,111.61045739353834,117.93161746682284,100.4455798275328,102.72649638994108,117.5545719232576,127.60236488481203,140.74516002665956,149.2195647250083,147.70172544259748,192.2152351694864,235.69559946229387,245.87487726471372,300.0590104851828,328.54916719606155,371.25250764625264,532.2188257849062,560.1589402684334,593.1414715870686,621.0020752179096,676.5895847007217,687.5192397716469,743.9437169746536,745.0060852159127,701.1394516690868,703.6689246283335,738.4545394784649,751.3530234304246,788.3960750533583,859.7408967442783,809.5058088684694,833.6540226836215,825.1524082665771,858.0327514627384,897.7909820859351,837.9126650545307,801.6680082827145,765.4297781796288,796.5966317528502,779.0968168556957,795.3558690597978,825.2035780431736,772.0119776206815,758.9360394956594,805.7529166820967,796.1840227775178,755.9583676923055,821.3041833011853,818.3959421325976,804.9293289140118,790.6216661111026,792.3705209334762,793.0651879091125,824.3006673814577,819.5909567810269,772.555229933301,734.6165709156417,705.1084658004124,690.2746322777097,683.9452026437579,656.9832150813493,681.0553548776946,685.0738359472326,645.5054516099634,646.6718902841682,696.8884403261139,743.8883662295021,663.2170293261302,636.3200717282407,608.8590370554955,728.6668432813559,772.0028928868204,741.5629603668577,737.7354895499477,794.6846227427333,803.0081739850576,677.2621506168061,644.9451779353677,585.7113064412744,530.6179907621188,533.8855154288747,498.7972106422638,500.3141973443431,482.2336676047815,415.3911569631756,380.710521492964,377.2224458669812,352.7350471422578,327.3325468277677,297.58087759276907,290.6571119146531,306.57568929264835,324.34328755986064,283.9390160850825,263.6309751579933,232.07185591051325,234.97656196511392,240.3071166113164,232.77759109920015,227.30308965320032,226.24992769736707,214.2474745731249,210.82612205486876,207.84140212694888,232.76612992991068,255.7554115707861,228.048210774504
80.29365530202445,70.76227038193721,90.20915853759595,78.73541790287088,68.18822331934895,53.820575411858,51.20921876896969,47.52971029515584,46.56230135620548,45.93681366258285,42.60368921520114,40.77328324796345,41.14722267465615,41.93206474128853,44.459128898731166,47.54425638764054,55.36071181379295,47.67524494854447,51.64002845806802,51.03671700523527,47.885273682060514,51.00150969060431,50.76196048811459,47.4720514709963,51.044861624906446,52.140181935194505,51.33119654426967,51.32970288872257,45.46472060634504,43.64941298178532,47.24670686478795,46.42767384933117,42.01579734689736,55.4848759183364,56.05974966154446,58.568208530876895,57.10525719731893,58.957790435079765,59.31636628969609,69.4307749668979,75.65488828413697,82.57305511578015,84.32685351242871,85.76017547811294,98.38667072672338,102.54073690912249,116.80446911442188,132.0111581541769,144.54987908655298,163.42659266750383,188.20615230107185,197.95752909760952,216.11119345898305,233.61319573238663,269.1286522509429,284.6680112645687,319.10578881233323,317.1214034614396,324.3332064075699,337.4158758721645,336.4799281354249,341.6783026649913,391.3605641567175,417.0973857106868,376.437274742687,407.93228656697937,459.1833894504498,470.1254733757729,442.7341628528068,426.9198365521896,396.7584293353447,390.7334759152513,439.118986466644,422.7520195756399,402.3553094260451,416.7003752487044,383.98762912824986,376.8644160203437,411.4788345238391,394.0173658307143,370.16218808305774,412.99233190858473,414.9538297373057,403.889657601249,420.3052508957991,429.00161714562046,434.6114350612148,467.0744697324839,473.220528559393,411.2080354555766,528.1096322423398,506.0681748397636,489.7531166346081,500.60836328079137,446.6009781892158,464.2539911963463,475.6904848508288,444.4177153248115,447.2534395010082,468.1481075446047,517.0414683922519,437.5358181386007,391.6768500153629,369.0824123167503,447.7649536164022,453.84021184937694,429.18733000410606,420.5795459686606,454.3383928593096,428.4866233048199,394.1416684577399,330.0808476178973,297.846226781765,257.3647161303773,285.9643982591011,310.28827403457893,306.88220406450984,305.76439157373585,288.2050716444836,279.3667484215964,261.1027218204601,233.48949705845564,211.81482112629084,205.94127668268428,209.10528560786008,232.287621162484,175.37564314419234,147.5166668572444,139.1661720276956,130.7684662651622,125.98584738616722,118.4066566020524,118.0480346160106,110.21877954989932,107.69595794980457,106.70630220965155,109.1929357279294,101.02902844361267,116.96634433758656,141.5477489698634,109.5360137213379
270.0088202410236,254.0658325940333,257.31638116183416,250.70576054514297,230.3692158824688,221.61448034478568,213.72785717239603,205.23250675071057,206.49876986658043,194.3542597682575,205.9898676395161,196.6508021791504,189.135384769908,183.6363738111428,186.70838742930133,175.6785166613191,215.3669957961016,210.03842825672265,200.72994720317092,202.0362346598024,195.5234780061415,192.413738049848,193.15362055310032,193.2318237509731,195.94801851797743,193.0814078152608,195.1863011215242,190.82649311805065,165.42041871163934,163.34087171856868,160.4018459636768,153.30735964162847,152.73359355538494,193.61101445399663,196.8076759413225,196.27521491589235,189.604285511068,208.63312008839935,224.0127466759279,238.92321166933647,264.0164525698664,273.6407660039572,282.6665730357246,305.0512392589275,354.1276868345909,457.9074539170769,559.2832388955727,629.0095606119011,794.0312119238286,819.3149402085055,727.4092676130675,722.4295687943011,786.2836634778822,830.5132274898068,887.4708187244391,913.7472997084776,947.429899064082,1006.5570787208218,1061.4575130328428,1038.8059071359633,1010.4858366578984,1013.7918378740624,1132.228746176023,1109.9605261520453,1100.6511474712258,1106.445066523964,1097.7847974616907,1139.1107262325324,1135.154373055845,1128.6508734330926,1133.315932955535,1063.519495820161,1113.540968119809,1165.8439233076376,1129.1896912337106,1135.5278127601096,1114.9399942344487,1147.9855241012085,1218.0388035653127,1242.9699649321624,1205.42883517347,1346.9862517807496,1344.129670859604,1259.7436895755252,1366.7835892395078,1354.1376076013923,1323.296607514589,1265.6450892229009,1243.4044925290696,1135.3376582048652,1390.1623452562626,1384.7446583915516,1311.0064097109062,1290.326558435789,1258.0383720466025,1271.7175302459666,1295.9608847270374,1198.7561267757856,1235.4982875533135,1225.384904577946,1251.1294095029957,1163.1906958635077,1180.8227495076103,1152.8725077884817,1104.2694671097277,1125.550710845219,1197.106286432138,1120.523376072145,1120.3540538482118,1109.655206982638,1164.1633380308826,1059.2632164744148,1014.2037166993564,944.0353206565436,1006.4974553737812,1007.7937479649528,975.5227065427874,936.9847142538528,900.883847426781,822.1977364681824,780.6663727955064,785.9147019812144,739.2274964326216,726.9852966468102,685.5059312638713,711.3465520225952,568.1613433983156,524.7528826168509,569.7524365909034,594.2719332025371,616.4504981045256,603.4761713267432,543.8459406929004,511.3361545637825,485.6303600017394,482.3986555977935,459.8360462220465,471.6558285748469,488.8769459957485,449.60964286352106,386.6969189746261
301.5034600564093,275.5514501581207,275.90289753502435,271.43417041947856,245.3783043265187,236.9989514539396,234.31453014654892,238.5844908055836,248.53296122235164,220.60893134108767,227.42958576952915,220.8126727757337,219.5742050238353,204.88213383842,208.53486488184484,202.9865554121122,208.7505540576481,213.48125702055304,203.8859061930501,198.90730600124047,192.79262246404627,186.83199670228893,186.1409283778924,189.51973570178305,187.65855821198855,188.62759072025872,200.4742987021205,193.3363635889206,189.55717018985865,190.2492951723158,188.16217681008763,178.6932751070337,189.7770699505606,200.91920068854708,194.39736455095465,192.95466858568352,193.4240173848028,197.1769489032119,220.4566293247796,227.8085923903261,301.35581484599004,342.93657450918386,334.6800588226648,327.28530599170864,365.174805946276,405.6616018064335,458.5487731968885,502.4784389158495,660.2644904987044,668.2575615733284,730.5252446886811,787.0087214836235,891.5801195969556,1026.373628431405,1114.2518804255772,1118.3216864990454,1155.0424965149696,1256.380646731358,1340.8738387559426,1334.3764661678804,1291.8315022747092,1320.390937024735,1412.1976915376188,1370.6174130992135,1422.4393442416767,1421.133823404533,1444.3739077852983,1520.2551428338418,1557.903286971325,1524.294641978535,1565.2089456920603,1457.1593504062923,1490.186133432086,1591.3619541654411,1561.7388903941785,1610.4160778943733,1644.2274143643008,1646.3990035005922,1728.3483752337952,1772.8090798645617,1790.6854000655417,1866.3952226160216,1842.164630618572,1712.237901805206,1825.933497509243,1842.900121476172,1717.6733485360162,1656.9790599843295,1640.1908335871865,1609.6297165479225,1653.2048244852874,1667.324144563057,1534.306700669828,1519.0790749559624,1413.0224102674426,1470.1019250346717,1514.9563237149375,1420.8586070206425,1410.0170151486911,1340.662005354473,1343.0170840233675,1290.0647346504638,1250.4013165305705,1251.757993160246,1412.2490189310558,1428.1902619535574,1510.590374339031,1341.60410219496,1376.32915934496,1328.948599885089,1078.3930196147514,1047.6233721696583,1060.0216120215414,1013.3242577409336,1049.8233180768714,1005.7087320543842,994.2594804799598,950.0191466396608,955.7346502165208,941.5387094705102,880.693550524917,915.8680834167018,856.0022162088898,818.3325807839509,850.8146761503205,829.5561809959751,728.09822298669,654.1880272470383,687.6002414596422,658.111818232421,704.6883921778332,725.2567619057066,751.8933718222024,792.2943314992639,641.8109150492919,612.5035920321836,569.8236262247797,591.1276384960598,628.3298845893083,572.1882708232021,505.5243938744716
313.87138216913274,299.2339214211647,322.5133609566128,349.21461472114976,335.1275177032962,353.4759240854144,356.58657681437245,357.5252257324883,396.44722254210245,335.32662941804574,309.44717762866844,311.2974036221828,323.4807214359083,307.431500285531,330.57246236823613,325.68253985340414,282.14020789428764,310.5034122447784,297.7802781368705,289.2168284322507,286.426830983661,286.5257030253928,280.4966532987143,289.32959273038364,264.4109546410326,268.1956119543884,274.17867135866675,254.36644358998447,288.47082539281854,287.33279958124945,291.6871183175732,305.3605793177442,302.9509389066147,224.3971746561967,215.7188034510781,228.72108977715692,223.5593231094657,284.8110283349765,296.352937211012,286.5841695701937,401.29671908110726,469.94326657414655,444.7116223271019,413.056874872122,429.7632629823311,451.9594261171547,445.3623929493772,536.9086863765715,649.0756746077366,786.7549766578351,993.687405774978,1121.8872195668546,1249.4113200421111,1515.5422202728485,1875.0387168508264,1811.5387608082751,1856.443872308707,2060.3100885882795,2135.061256125109,2224.9912439797868,2244.244712456423,2224.310835606257,2259.4153461307733,2291.6738407988937,2443.4804906165614,2385.087656287243,2440.694082000509,2410.7491474462777,2428.865699551691,2356.10586419973,2395.1705845753386,2361.949163633241,2325.870580460823,2307.545886523492,2310.7747356881323,2368.888671067144,2327.063461562791,2397.1017933277267,2531.280137398913,2618.2767618257326,2500.008787522943,2518.376008036135,2492.2690468924443,2390.164057740232,2470.66053439324,2454.0654917694883,2403.7958084007,2331.7160982143027,2509.990528892255,2394.2174217222746,2011.05081931834,2045.998649199948,2143.23642263923,2200.1803147031787,2104.2667947091927,2100.7441583253494,2243.773130208116,2133.493390136908,2053.058235649676,2095.8385197581647,1999.625029818284,1928.3689502889508,1814.5730169443036,1756.4592071190004,1253.9444099785712,1238.859176175578,1226.3847222894767,1160.0817341266566,1194.200734929521,1089.389388664245,1426.2302871863567,1411.5816140595475,1324.4406881837203,1501.025354641482,1401.8814213911803,1234.704981378278,1190.8487812632816,1000.0550213587932,988.9001714349351,979.132208076692,893.6314871829057,836.6148515091935,798.9530936969555,769.9454253824397,792.3727798826981,839.2778298827859,768.7529056643999,736.5697530229735,801.7843853210109,690.9805400592421,677.921124104555,605.0121419393462,709.4052572271773,765.6030008570982,697.2447303450474,632.3025361767574,557.505432143612,519.8267493633285,506.7554726389868,490.3307298229212,488.84094335173415
170.9220739806623,165.84070989875752,174.82360103710272,189.5678870318883,167.71631554783852,174.75264500829863,168.53472067492157,155.18780632889846,167.04807104505988,164.7030433622284,155.850072940377,152.9757927352722,158.10452570295928,151.7398990918317,157.35617912885905,156.7058135647784,237.06245217400576,250.40445373059336,241.7987931881815,236.30688142460983,229.6029350286517,231.23268693143265,225.42485903107817,235.76403990586465,222.6020638608542,219.7996311824024,229.95775419662888,214.92566060375145,142.51761403831537,139.12109585838698,140.9000508541897,147.58755066405882,140.0485400568594,221.69849075067373,223.3288475458302,245.48464771574055,232.3340896691099,256.3760562861729,285.70545183051394,258.8999128450062,289.0193175806655,300.3242175934965,299.41768625708073,329.6615971157011,394.3407581080752,439.5459071099482,488.01841065305024,555.7855087706932,656.1029443349839,779.5886693143516,578.2122161516867,629.3001122066918,699.6978359911698,854.3520276895467,1070.4391172170915,1167.511331130739,1205.902711951239,1292.1583567932032,1320.1209300294156,1389.1090730346757,1449.9678507193078,1414.2340686885088,1389.9743402446954,1389.4116449170965,1445.1279289313131,1441.1571858514606,1447.731364523026,1428.4365852362107,1467.7480856804937,1457.7974666653483,1437.712705711204,1451.6323860893767,1485.616492516144,1471.3034867643728,1457.1040754528726,1527.5144732444776,1552.757017280037,1549.9068869545797,1591.7708481731788,1589.9051304036318,1503.3421041497254,1527.317822447161,1553.3043168722877,1494.546168793972,1581.2867015731442,1594.6329990561585,1545.1152867629803,1455.7720765407175,1576.2095914728006,1480.0661267635385,2099.808645331352,2305.972642871352,2328.9676484977645,2216.967131823249,2165.837994726036,2132.1330723669794,2236.702643159132,2163.176911858212,2073.628613890993,2187.552006281878,2164.0088379604445,2102.2836597826245,2081.627463899033,2075.688982397303,1879.1300756590065,1847.4187590239808,1790.8693339006518,1767.7891947311052,1879.70724096312,1826.058488188244,1860.969728724504,1802.777275298068,1920.4196321751504,1866.599844500182,1769.1679456460406,1559.3277696773632,1459.3465007442214,1231.306064952158,1096.4274919955667,998.1378276967254,897.0541954281825,834.1808871095855,816.5260342975423,744.8405352521628,728.5229729024081,765.0495851312443,418.043257010306,418.05136786059984,434.6207567166026,368.22120334264025,369.048864127915,340.5282051712828,351.4541410593764,336.47534894166165,316.83335795889553,311.4193955178571,304.5937530852163,295.76637146213795,280.81505364175547,280.80557936818064,270.0703201905553
227.45945519408747,221.91281368062337,226.75084824516952,233.29187768309905,213.013131535498,221.05038524255852,199.80487749008103,194.28750519413555,202.62189914945648,216.5486666936789,203.5989494331123,197.79887610719777,190.79993777449053,184.5407098691656,186.5360920523908,170.80276753867287,142.1666186577929,148.42724478362007,139.0319092128944,138.2278993595316,134.4909626218278,130.1966101112239,130.01462212793146,126.21420467723796,115.38463654330756,118.50789441221234,126.74569498590157,120.49419236138893,141.22031419763965,135.65420659936163,137.1082932547313,148.44093646404008,144.68844935097965,139.63793089034732,146.9285437391561,157.8084474434586,151.23503958831168,151.89709048735753,173.6573417389198,157.01954301690213,166.33602351313797,172.98067620272812,177.84770319752806,195.5987573452311,245.284600589378,277.4643141889267,319.16644703525395,370.4710708256323,400.351983455813,431.3408971227597,547.0580810026172,605.8676092167675,692.8312417699531,763.8236834719514,883.9033164163809,887.6899996653431,929.4593568596952,977.4356121393294,1026.4811484278594,1136.0116454539848,1259.3172407449204,1264.2068867535188,1175.8868391617552,1166.9192276846572,1177.7168574262298,1226.372082150638,1203.9877161226689,1240.5876901728216,1306.6859353439247,1315.479470078412,1295.4929345719595,1310.1254217007006,1332.617808842914,1295.000377832479,1264.746809478099,1337.3119867456603,1429.7711815567006,1410.8161765204638,1407.3740838503595,1333.3719225606137,1303.5192810671629,1320.7825899117477,1336.145680589495,1257.1998776403482,1310.859484931011,1411.4100128872958,1322.823120970845,1306.2915253959643,1328.8295629343029,1297.3432869676608,1054.136467104317,1120.1725194500327,1115.4878487177336,1056.1116240904166,1023.6541478335498,1020.9242612097208,1052.0008509390018,1037.9856903002817,1000.789282896442,1049.495469603692,1012.2897759096188,1048.644883776743,1032.9679524747855,1024.3203897656313,1069.0047901440655,1026.885982609767,1040.1850099698229,1013.3039921374774,1069.5693566658038,990.6131980226228,867.1018621552471,902.188127173998,938.3238784612262,924.672079817984,895.8347605323517,850.6199237027661,775.8346784262235,739.4514329674032,700.6847882311123,614.0573624630861,569.6103350787914,526.2387032788295,510.95384382224455,456.2499850110105,447.4667794380878,442.4800330400792,463.4855704824897,473.7493226811505,474.45939884193024,403.76116510215087,428.54210359031833,409.7404035331642,396.81256771289407,385.8265437132003,335.5017268605526,347.2024195071405,350.4009571063071,361.1063076118614,339.65235602786913,317.2505395562151,333.240492990903
207.4103551474112,214.97357617304317,207.25170785833365,190.8059234773613,204.58209983820407,209.27691751062372,203.16161423740544,214.16212077751615,220.08813276441165,222.8580058272608,210.10598174078183,215.0642310428088,207.99348330345487,203.5057907819917,200.6944978191783,181.44377522859696,141.08568337984758,148.17950848641854,122.54151808379824,130.03800385289853,133.08697945024016,127.35751841016796,127.61703171092924,125.19040183845462,113.43777890786042,113.50410057020768,110.78736101277612,113.9206108391361,135.80361793477252,135.71741939288083,142.51390486897827,154.11581970588293,152.1146335734931,173.17701219500523,181.6916904636896,193.1399205722254,195.714509260044,151.68424959994954,156.9221542039905,160.6103369755363,173.9604783674213,172.79883865589886,184.28787609538347,203.0921949765472,254.21165789298269,298.07633869981186,288.50526369948085,374.2136663703507,421.9495259505411,452.3000554693575,590.0199358528786,646.4621354535083,728.6803202112678,739.0956355966299,821.7163802864734,781.7211068556871,860.1436457619621,847.2022557133563,859.1141182988821,966.7710774445458,992.2584748192704,1033.239101307914,968.2049941199188,971.6042133386007,981.6397483861502,1025.9957694987295,959.4883825876024,1071.7266771752174,1053.408121817205,1034.5798648644184,1043.886189659716,1073.3447324073848,1170.057145255132,1081.9692386834697,1068.7015423234325,1086.8612225735792,1212.9755701276645,1218.6441245668611,1195.1249019925433,1102.7045582502649,1144.34164673821,1162.307437267462,1090.7546189125555,1065.6338492417217,1134.9894374863472,1170.9873268794918,1134.496910036516,1113.6010885333728,1061.9187512020462,1091.7978410876078,896.8781054338783,913.6232194218536,866.4564993528962,852.3581124269436,838.3685880672848,820.4156405112283,843.8684904709652,814.5009409091599,752.0578522201978,802.4489529632451,771.2740599793177,835.5038285435184,810.8759821667284,820.2914261940812,1036.1039039310594,974.0905879447104,1016.2756897591712,977.56509073703,964.8319762974892,876.3096006136864,616.3290340585918,587.0795990095977,576.9242268156161,666.4982282676616,692.788634452753,655.8156398564756,525.9160587746272,549.6621920860068,581.5071519680431,499.0269967747706,500.5328082469347,465.6741909258328,455.5895498858817,396.5901412717511,396.82350413778016,354.70812087465293,373.4366977183443,360.54458108184446,344.8579836935492,308.143282319159,365.6030570910218,365.6337328273177,343.1403842150468,308.60016890228934,274.1512116939628,282.078390112269,259.6973162365716,248.16439369246729,246.2182245187894,216.02077004037105,256.77705568485527
79.95760257729148,77.44948321238861,71.04643057977962,70.22469778850356,71.97792054206626,68.23735707121556,72.69974276283439,71.61184438425114,69.41166403804849,73.22586085436156,66.4348125130849,64.67685720565385,68.07354848302566,63.57642528743727,63.97110338368105,63.92939289170727,49.25125167863992,51.78445879904959,49.195167569065056,49.93370035579223,48.45009712744852,48.45006175223518,48.07884559929765,48.13987317344142,51.71309987586336,47.24129072773244,45.63356165656249,50.5007416458752,55.89610391974509,55.67220901649157,62.17856072113592,61.07083233734587,59.99866201366704,65.79500262247406,63.25543907082552,67.96717451419508,71.20945549213941,59.19581252926774,63.75510634360291,67.04085420028474,66.17096658592389,71.10137557472478,87.48021936134542,95.9391655096071,111.18012017920498,149.1270343882805,134.29093435794582,153.41795711958025,173.76808271953465,186.47063989519148,245.6356617141335,268.51431022430984,301.96545468157734,324.740686764945,351.7651529433824,344.8693496551144,380.3652374742611,400.3192478229311,429.9021337750252,467.497501356547,466.4362454506961,459.99260099251984,433.090010991365,452.9783981043263,452.6221383316248,462.99081726249534,435.4015350308076,484.9134221936205,477.5159725285483,480.04901951591,472.15313177410457,443.8849561332241,500.7190567857429,458.24663064153737,444.3618185497399,443.1791251849932,477.508914528399,487.6913849410317,504.7636751319993,485.1942906075192,494.4868421994012,493.9159706637113,461.81410242329343,456.0952174854665,493.1988134475277,477.6034128602171,490.8924581723992,489.0317996680784,460.0028870120293,477.9984543640418,382.7045354825808,368.3483221314244,347.99253100030813,352.362904170965,351.260676763289,357.39301436314975,371.4588762534671,354.10313796599405,323.2754659164119,346.7989995299547,332.6689325982365,369.8218759390284,346.27867064344684,340.9230107334826,354.1209034206071,334.0332933451852,335.53785867117995,341.79162231581,351.43252836226145,319.57474420739646,277.84236324771746,249.05930038008324,243.01322090627684,287.9981587316732,285.42921191739515,258.66043730313106,224.3260167415474,228.8172344806379,238.5413158577533,216.0532960283446,222.95096689753836,200.62069017526144,187.30648480837436,177.51816860024758,170.1615469365081,143.4070196926893,152.3984635684519,149.6416104709423,141.76899196103383,127.43135172911354,135.64866693265714,136.00930478219746,134.6813093048568,123.89944202494874,122.58033737752352,135.53865143148658,118.9709974414597,108.3867589872094,111.51194929300252,105.1793055866804,109.8517984287838
47.94975689546511,42.5273134658069,38.28693889197928,38.773749019624525,39.64995386471588,35.36701719770812,39.76846777294143,40.03016633567689,39.38813281887315,37.14593484334485,34.26660361646444,30.43134592558242,31.950023120012045,29.177045280808795,28.329922470438564,31.71023107363603,33.122715057083084,34.77748480634332,37.16971152110351,38.066872198462,35.93509529610196,34.560233221904284,34.70016642105163,35.818583165138705,37.06611525057923,34.16806628749669,33.112399908824095,32.76259287161133,29.07208356949952,29.45568146907569,34.495022476303006,36.3068751853791,37.08721597598724,43.283290796231725,41.10413646009653,45.7391418517776,42.45921759817291,42.86616486575853,46.73862841661148,46.87041063791892,50.00399442135311,55.99116742649517,58.36416339822016,60.75525570167076,64.44468279093763,85.14333215976441,88.97566331846036,105.46970945075094,108.1320041082085,115.25206003711888,104.98478188575012,117.18221385203134,130.83366351050043,177.0133036781602,178.41080816081802,177.3882156872639,183.152548173884,173.62497095238132,193.64045159394448,194.93751673882616,184.78454788982532,169.24697917957675,175.6911673150329,207.1839681235521,183.22374845779328,195.79250334434943,198.55584369067665,203.5404015023543,204.5292765269248,204.25683975605236,208.5278584172177,195.92768030823188,200.21986295198835,185.27071860721995,172.34759007464402,174.52819242809986,163.68650283676868,171.45854205683614,185.3396035731429,168.571308879772,157.80742141158075,164.81096420259414,156.13831727896425,160.83642654113012,163.94578821811163,151.7278329005465,159.23453257287647,167.25877497558727,157.15247245073127,157.46346215336942,181.78371128972773,163.78331416261952,166.24702794235634,173.33683307855773,182.12651270330693,182.7155015258684,202.2336227047386,202.0125675092569,191.0311613104053,206.13581141136112,170.90077973816696,193.8572469960999,177.86638545767553,174.2312211206836,178.09338955946097,178.83830640700813,170.42669447443967,184.42708247697644,191.15634201700388,184.16690884265893,160.0095824993074,157.80931244379678,148.66097073028703,176.58876159763608,180.03203422178072,158.493134808723,140.344283911828,141.77692721466414,141.4176974545985,125.84915634895884,142.70504892002165,118.37777561819986,109.682184753685,114.08511414910411,113.7863351503688,103.12267380315016,87.92005546276565,89.24404465443615,80.31092566881411,66.38466734087046,67.91239482664984,66.582592170319,70.21666806565602,62.67742641399832,69.2410379404465,85.24490728882564,79.05437301830823,67.20001930336372,65.45988031421452,62.84660189071895,59.83916762776092
100.20680977042989,112.6803002618194,100.82091671219112,94.4326072080984,91.78656974339133,87.53569286029825,89.86716627236208,84.68088578122766,89.13742397611395,85.66010849354481,76.01948664164611,74.31265454594734,74.9262359479808,66.24645209945838,67.48517975244904,72.00057869844008,60.52747637310322,64.03301944900862,64.88429979979439,59.54321728742508,59.49389997666443,57.71019304102298,55.54231344586065,56.21145370158331,56.83061836665016,53.310815026707125,55.35918822862968,55.42178840487776,56.91204029127879,60.04531972283058,64.23640594200496,61.46083382848114,62.19742534594353,99.62945568379313,97.64530435683776,105.0339427666752,115.11653134043964,64.06865909842355,68.04007862014403,67.56799746599843,72.12362154582793,85.6203542021043,89.99115242855842,88.36805122175973,98.22154019028554,115.9866734261998,128.50916529535365,156.13739442857653,178.94488954522646,218.6511722504248,247.7900998276345,304.92943694875765,303.70766558635665,355.81551637270815,388.3147920301308,365.4544085785887,356.8225463677713,365.6624939797401,393.6677540329545,395.7222592418824,429.2879239499297,386.23357083666616,374.2719903427322,406.69318718693023,373.8280561566405,372.19414705236784,391.8292746848643,390.67739865440353,390.5667715808968,381.0193512415086,366.38117241478176,353.9253188071252,352.2398378561195,395.6980092274073,400.5527616260851,393.9027308121172,392.1642446435847,382.2721197364877,388.375574078388,353.28126732163,322.95904706453825,307.1597372635165,297.5247995920651,293.03447640274624,303.0810225962642,287.9106042424573,274.05733761734945,288.41829445329967,271.43861326801067,308.64447066784123,270.5478655270678,249.37401147143515,238.19840509064312,242.9203351106148,229.2173521350696,235.23865274051747,239.71786907250456,241.8345620126535,246.43599879956577,271.5000179022046,245.23354338664743,249.1148794661784,246.02018781816255,251.9363064289204,376.8424427126095,359.93859401843105,333.74492355193604,345.3051717009424,389.1100619100232,453.0770604727634,251.9810079652765,237.30770031729205,214.3765142964159,217.0099280963244,220.1461139742823,210.39490513222617,187.26844786128325,186.3172865478849,254.1615475247198,209.10475287676172,203.68502127474585,185.85415516697356,178.4476141089603,174.35046472596187,191.193155599172,180.3800517883869,184.07983617201103,181.61068496646263,162.64689029891366,147.083498778656,153.35243980077834,146.61313571771106,143.82846410240475,153.72246597514518,155.6951863553518,172.29009995076115,158.74896098892327,144.98485987730484,148.04304852956474,144.7770333275934,150.36664594654945
567.8675973724435,619.9332128351474,541.7130549829124,497.8196348325902,512.532618476453,475.6946144041987,482.9086153540531,468.15339959377474,443.4068409548685,441.5977739217077,464.08859558930607,435.2835812184438,417.023727004335,376.8942778249499,388.26293191537405,390.4897659904578,478.6155597654539,502.1939834098184,480.8470880790927,448.9675283016844,444.6543736722404,430.1883017063218,410.5819534826306,416.5305149905138,404.9268117542752,408.53899571031945,416.0970919464257,425.14466490612006,320.5829880306898,314.8166356312751,324.92218904248017,320.0901497708227,305.7026751391884,381.7425602757722,386.7167203163343,384.7156935903289,427.7092710015178,446.3416136785704,449.191854147378,463.3670670402349,485.0953623125174,536.9716384422189,560.5069202846723,556.2527115171966,601.5605636893208,655.3128105265306,759.9261078303653,897.0323778154703,959.685535538772,1131.0742499025066,902.155640104826,1010.7558920920942,960.352240642304,1061.5612046487342,1140.3062986307434,1051.325180838067,1034.7229396248415,1032.0349750458693,1078.903623652497,1067.093102927537,1170.5940106607009,1097.6159108392196,1049.0467259523837,1094.5728782908154,1018.5175028765389,980.8686918086124,1068.7502907371302,1036.6624467779045,1053.9789034829882,1042.389608784833,1033.811278684747,1046.6600786338784,1028.3294597334393,1163.7740090807945,1205.895343872466,1195.449869520495,1188.731299863296,1169.5206852488138,1142.441359203773,1034.61332626158,1040.1838972815474,981.5562711444974,970.5323869410328,953.5073507154948,914.183507769052,886.5333787614948,832.4509171727286,868.6255374918937,853.9017778763314,927.5757593102552,1184.7175138277182,1146.959241429439,1087.174134292847,1073.884865327871,1034.875102067935,1049.7938313421992,1068.0121253090133,1083.1166642668538,1098.342024494148,1184.921096085102,1128.3076175742417,1122.959228229248,1091.8340787905115,1166.8488500607411,1016.778740758938,1035.7647816917206,986.9205741507792,1079.4127134076225,1174.02594990046,1382.9233458376968,1231.9744615458674,1188.545224430603,1062.4460761605226,1063.6312034581529,1145.20475152373,1134.8138033143623,1078.9921279771957,1075.858864620089,1399.6105859424988,1218.4269040949375,1121.9474618988816,1054.0196868152032,1060.1078815664027,1051.8938167066951,1135.2400134173931,1172.6095264560204,907.974872153738,868.2670418903446,795.1832611144187,760.2007337856928,790.0917455896586,793.3638795299269,753.9040083067746,782.7614473657885,846.2085834767148,928.1639473981614,810.02483448569,769.4530431822097,772.173609611251,745.6727881268846,730.4949692676461
519.8504243159686,526.4844106786405,462.61931502668426,425.2038313886053,439.31503096454406,384.2116160921905,409.95473441567685,403.1335342664624,373.80967085919775,372.1708234457618,407.6139713068325,380.2055809493681,362.1113084918548,333.7295414338975,357.2895483702306,350.0146771156001,468.4887816098478,483.3687662108471,449.829159016188,423.5843753494454,416.1037701866322,399.8920498295642,373.1275803057885,398.38568343614327,381.55808173867376,394.821098905495,397.82530133960864,393.8943462720416,289.64361076146315,284.58937144388125,293.2978912032054,289.3033745369329,280.4163952654757,356.44372003437473,361.0630912241342,342.6789034014876,368.85528502129256,410.9243025241568,405.84499910335103,431.3993376045625,438.6984873763621,464.89916124525337,480.42901752226896,505.988329148984,576.7856135557146,560.9810072075298,713.6723068381741,823.6629207600292,756.9392548827009,780.6263223076346,624.6855339509731,653.1844447646242,588.0364526563739,628.1697486323884,621.8923525268759,548.0005349880984,589.3344779255057,587.4350281705147,599.6015457095212,591.078914824651,585.0561399202452,575.8784636859573,541.434981799065,566.7761784590996,535.6058064129948,519.0946848241011,573.2064295211867,523.1800578733963,543.6390780426872,587.9393622121695,605.0211266453109,628.943594993221,594.6439661333147,575.0005585892319,595.0079086463472,652.0422217408136,621.6900927695763,648.4746605924084,649.8878532629257,587.4622560230392,587.5725053493861,587.5774354554791,588.4766053094078,617.8591722041167,564.8837794005763,550.4414241843332,525.5993071907347,539.8248358605439,578.5736166135407,559.7305799284951,744.544354643845,761.2574009455188,770.2337690916067,753.5819082681339,753.4289263656617,738.2711382085856,768.9925081517587,777.5887956116802,787.8938354236426,791.547915160958,788.2679362368856,778.3714205567562,766.4371589373667,754.7673588617166,611.5181315340589,657.896237111034,660.6820750033066,743.9153226547967,749.0355798375263,772.486331491468,800.0448211691759,859.991434030037,772.2730230981393,865.3321761689068,1028.6090288157634,1035.769635037202,964.5173166950756,948.3439940428004,975.0746070327632,932.253574289991,881.9130601258107,860.5543444751062,910.4830581088496,931.6394959991331,1007.884704328585,1013.6349719263852,774.5726767675679,761.8179396520875,699.6841692112495,721.7714671365366,712.0886011605603,711.9517216407493,640.4613229597472,653.6492257195135,730.3496810215257,799.5261231269278,687.1544665783048,708.0568109030993,676.0501657042906,674.5249125354976,637.7363824497268
265.5530477112243,259.13009787287723,251.00377293488776,233.71391018428216,230.89156780970984,197.7028461444315,212.35300155510689,236.5914837890134,239.60979317383013,205.09016875747963,186.6574810574688,184.3325881172595,186.01342065931016,173.3481572583105,189.42112868010253,183.90335075694423,220.180644993718,226.0803663216525,217.95461695470567,207.44529256111232,215.76917551559103,207.6229491707226,190.9158327548121,205.6529233872188,201.56908784025484,197.7902036244451,203.67631321979343,196.44608609455133,155.2625575962208,161.1260119369692,164.26529798807618,156.61061323801502,164.03108652152173,144.6447137399437,144.5401737489473,145.19797868371438,146.09527130716677,226.0866878226375,233.7791299751449,255.4913076366178,281.1500358654963,277.6578830329665,284.8373163816196,325.37018676708493,424.7702780779754,383.811123681899,507.9576952034062,548.6011681918505,509.8051407247294,528.2767551956797,495.4602426028816,512.7846301450155,486.5969860619493,526.8111580305903,537.6029933810213,483.0339868188108,500.4129971490973,499.4057870304201,554.3837363192681,563.1757313800554,531.5365044583717,535.4804747758444,512.016763989644,519.166071732736,489.7778631112525,483.60411477456887,568.7707794922383,489.42600016601295,482.350923150377,496.9446527429071,517.965439495439,505.79383206110737,484.3143469400241,489.1677151809168,491.8119417089577,513.2671371937039,495.4894471068861,499.7519555586176,512.0477532085099,482.6055852833608,483.9725335328014,487.2852549714269,488.3501674800757,523.8511997994054,506.5868061892144,522.6782957574494,504.1445068647689,488.495194372877,483.0571719193248,458.78750610784624,570.2960493727883,541.4536327164558,557.256106342188,543.8532491198771,529.9738545733909,525.8190566817264,573.5301791531627,563.6133270308346,574.7779419366822,545.7753089080593,540.9786949956255,515.5199652686388,503.73978622667744,488.2967059773838,404.3984470768657,408.4161557688521,389.4956271505496,395.1075517014805,415.9771622874754,417.6915800483108,494.9673241277692,561.9702936788977,532.3805586095561,562.2085736863525,634.8383127160727,609.6526723229703,542.2652823984965,550.3178463934336,559.9681099042164,523.7609387010834,485.46922501508817,477.1249236723765,509.53971110723006,479.8955676400464,518.8228301555071,511.9579490054809,426.7208323439353,452.87186952933627,442.984038667823,457.57438250331415,441.669042391645,411.9662040356085,371.39383400469694,364.7284204988227,367.86105054788266,388.7909657083343,351.9657366287633,395.7784815910856,356.4551863511496,395.99186656425593,386.0965814724639
285.6362606082377,260.9703533348789,258.1807742577953,234.13773761019783,239.02878548203427,222.7410758017166,223.66577246816905,266.9149156735043,268.7292686233639,217.6612957748693,194.1772909866669,199.00873175953865,196.93260430096987,187.0919063575568,204.50495159118137,192.97204045160427,189.07035523522023,193.79561633476183,187.0084760097655,183.46078550897036,190.5103461864845,181.5040296555124,175.31884268850206,179.60453622195797,167.84697427296013,169.06918488396835,177.24019279721918,166.5134220381765,162.27585012262855,168.35390013159102,166.72544269710122,164.34448630067695,171.4882958139405,180.6175385372265,181.38833456209088,195.11381030211808,196.42941970408413,215.5554346846156,218.94492681518545,233.7426168552124,277.1647489284165,270.07157748761296,289.1682926495638,377.7495062330017,453.3019433092818,391.4782861875429,466.8222114615787,461.93112269577495,452.6386513888812,540.8814840074932,611.7656795861283,652.0763692110326,576.9801681234477,627.4249555948827,596.0888559428499,552.3239247191408,587.5825362743701,580.4395334826626,618.8463624154962,626.5108161372049,593.6677599828582,597.7197021795549,584.7431087593155,604.0139384519285,590.8500067529334,572.1315783012693,686.2793316081559,607.0600359022075,567.9041475220893,576.2858297521815,592.9005359895451,541.914166805518,523.6279357566384,550.8236163602697,559.4450397485779,554.5443567855428,533.0697697461311,548.8556171501192,577.0587278316456,548.6422676781608,570.9062205692518,563.1648228047036,592.4849283108036,692.1564239226709,588.869685750259,607.9229074476984,608.4585003174661,569.8041628885732,572.399133205792,542.7816147612857,559.8856034691485,522.8950524571862,523.1465569992414,503.92931068489145,486.3969599594204,484.1895039069661,554.4035427608223,528.3966766935182,501.2488956113896,502.9880985949676,562.5939167121061,575.0555958937053,524.2466031166239,492.5144625463101,533.1207205520898,542.6549078174037,502.7734317926765,477.3313497310039,525.0443109342618,532.4594941296687,491.682565227734,552.8008600334915,511.4462061514399,479.54212160096574,523.3434370951107,507.5569452118784,478.1145687857569,473.34778837877394,489.36910523588097,522.4727302409037,437.3546575544688,451.2810797803176,489.8270129106632,436.5733586864397,433.62786789694553,436.7125918442399,414.3218178271696,441.8184106925385,447.04320322128433,426.2439765087666,434.4509168798732,425.0028260582428,402.8568853907209,391.2816360581013,387.478076361961,409.8537036925473,358.54371882785864,397.0912072654205,360.5645021747639,432.1238808285036,402.8093528806589
478.0533450481764,505.6226195407952,494.3711980540811,435.59978221205824,414.66782671071246,445.49272520120905,411.0821538676354,376.103238277234,378.7851553797741,375.9142907333512,373.5438635586944,385.261699786184,362.9380482645797,357.29038708628786,359.37205016087205,324.98464502063945,280.30775391749825,287.6897583315608,290.0772428536804,292.9643882495199,288.0745901862694,282.1477530487128,281.2583878166514,287.89996190599265,278.35912876269646,283.4095167079368,281.83710027867164,263.5697920377933,319.54352500674355,335.617239948172,318.95086603192914,321.5119073058294,325.03835145710264,219.65496638961403,228.14824709221784,229.5571947164357,218.9263485491632,257.3922771856405,261.3639020720484,258.80170925488954,288.6248725851506,344.2970304557396,320.9218404028801,333.84605601858766,419.5188304926791,504.9836642096396,464.0490718025975,532.7076903142943,580.0690310014747,553.9857983544018,709.6947918253601,806.1140118740855,809.7392153614488,720.9588911192977,793.3309271243195,889.2540052397098,813.3989737272564,786.3341595060596,804.4466367323346,797.2367237690153,795.3048821940585,852.652269359032,834.0016488300582,846.6905654794666,823.0523140683426,877.7667589684684,840.2656749482949,853.8218380012376,918.747868941725,955.1377853727516,959.8150321611712,920.7357516643804,853.6788379609034,821.9802475158206,923.6583047849044,850.7292412681097,910.3745243563416,884.936642443704,849.467318153154,873.7146567072286,801.8693507231025,854.5638646031016,906.2082508894504,934.3969315369304,850.6842731467035,885.1394637894512,814.065956044707,829.0210399757896,846.7427934370963,810.3313454994834,681.8098249359433,656.0061776799005,690.9781975692714,657.5008223849474,675.0155273735218,663.1290971396594,659.2772489956017,653.5510043014858,604.3432741505138,630.1107877008419,688.552141357516,738.8510943700007,687.8354051837308,694.8508161464586,452.5763673447651,438.34936150305504,430.537302750216,443.9080889695644,441.3672129943132,447.8414445613339,811.5041361149111,704.9116945793012,700.5980461794629,849.7316034538171,709.0812453184244,664.5645447126595,683.4398818147081,671.9718574236583,615.6394285784551,564.5351368364065,509.1945131377355,477.1962805029831,489.54566225914346,494.91873743351744,488.964482891047,465.5718932068006,506.06931774600025,544.6701707268985,535.6218277173853,549.5524327686513,573.2707336349271,573.5322546816666,518.1202247422757,580.7178748093758,621.6637702433945,606.3308388239639,536.573694628515,487.3383443059919,448.8574663131144,498.9621905257637,464.1784507288488
430.2786437982999,428.265541154082,423.507234653007,382.2740923072639,326.2102211713731,345.78570946265387,338.595184930381,322.6087976549523,315.14715161533576,309.91031974001567,296.9070975808013,320.9613879058271,319.96237922460114,309.59045856516184,306.8539388787369,290.8698544295554,293.97089495118325,298.0767891627919,322.03742687568035,297.5876132009992,287.2620009748243,293.18751981419024,277.3159085183114,279.73730121447954,285.17569040033703,276.4689946633883,272.2493353720097,275.177388342915,255.50356796952408,262.0432082877065,288.7917484782532,276.49327504559864,282.10390915859324,246.5661926196678,233.97450728185044,215.86738964325173,238.12131161332644,283.6936975357268,284.3325680566349,300.4774415738603,333.6802990193179,394.1487066133637,404.15289116817866,408.7191857642511,584.7115930917945,605.3440532318781,552.3948253876722,631.3412710512678,657.645669547764,649.969748309987,698.447112387046,854.264653897773,810.2137914668472,753.918031551209,839.9902343267454,843.4513130098977,832.566554677184,881.6664377889565,840.3395313416017,857.8686066683807,851.759407907304,907.0694624590648,845.31930812353,830.1241201403897,824.8932374597771,810.7050229775417,801.3043981124471,872.5520219966937,1003.9138675457953,1010.897186413378,1056.2748696728522,1074.3303340157695,1015.8554671173692,921.7961530556504,1001.7535455002754,917.1548113692714,890.2789504932476,850.4906370233833,880.5610488714719,937.433978030182,934.7711612544964,967.3067231442174,968.82653995719,938.2301773105648,882.5963822136788,1027.2725173613903,930.1621781344772,901.654951291078,968.240655831302,881.5181770579266,827.1121658655427,768.8808399864871,760.3920430316966,715.4283793032077,811.4924061587283,809.3299923630406,776.6467934465537,711.1359984640766,723.0778990445092,799.8441121728338,780.2112301767698,748.0692034578185,708.2518235268021,695.3185298009988,734.2575152634436,736.3385652206712,714.8179726906707,742.169947631883,733.4101129941898,734.4633598756784,693.6345138223169,686.6638636495727,645.8870557740925,631.0870021515722,686.5516355656001,797.743832807218,737.9934644944558,690.8542140964936,666.1359131000195,558.7681247623024,528.5471778429159,493.2602889792537,499.86169633314114,547.7770338132459,556.2473523993116,501.9890575033528,483.2061950835501,484.8935971333021,458.56202829609913,479.3194626701375,499.0548314685967,476.9188016233064,452.2654224402555,451.2108805928705,443.6603598127885,447.4521855996164,523.8525654873115,440.248767860853,416.2836657606762,409.0621952433144,400.7321566841318
444.4977160160788,419.5022278084217,423.6715330402444,447.642249564426,430.7491509852886,453.3370968149752,421.00533554097456,401.3291221110076,462.6608685393223,430.74303653236376,414.8231828257361,430.8858821824,436.5081434663471,422.1244771275382,421.3854912260618,381.7638458917865,328.39378507541534,336.7287488164141,315.04893234321173,310.1866536858982,317.4355837473451,318.9880012062188,300.1179022823929,312.4164826166141,310.2025399949332,304.45762331181334,280.24943261191794,263.056366185483,294.0136024446013,299.8868362613794,298.5348977226297,279.0050586268431,269.92123134397707,212.67011608466464,207.57903266764,203.7943155187317,220.57401453620832,211.44398938810895,222.2527750625933,220.3156656313172,235.22956010578412,246.86488363150423,260.36709547127265,273.714109258776,380.7092088802792,403.0409064930912,390.2354080223865,446.9262315570372,468.0482648020791,456.8031357558757,620.9647055131699,674.6889325397057,654.0057245317645,665.0289933152214,695.807239179068,730.1938993605711,758.1909703503015,836.3516856652964,834.6058232030649,846.078889919439,848.5457492398814,912.4598149878948,886.2151346032646,842.26380902314,850.1950910578313,878.930834491567,847.0025190975542,874.7211628687389,935.2705360007336,906.9716668851814,974.249697293578,962.5162987894204,903.4794401116752,819.6743769359254,884.4914670867449,856.0369882719306,870.1243204520969,810.2344544151101,875.1869766697924,919.2462707658058,885.071981575746,870.9649813108364,911.2682059800082,892.9078609471152,890.0312774286728,895.5939476643414,837.3764616400935,866.7933215229556,922.878767231512,875.6537924493235,744.4240685048219,768.253881724685,832.8270589881756,801.1335312276918,834.3699815876972,808.0936014280496,889.3303953734144,799.9850393540521,752.3042160112446,793.0867392360483,728.3536420962296,710.1347022066545,715.3687616623715,670.1126104173262,682.2750720593119,666.6083792473866,707.7952234605513,706.8995010680605,688.8224709910432,708.3481193054316,621.8697259842022,630.0629805278041,632.4058585432382,616.5490084736452,640.0994196706049,647.4945890874866,589.3048696293911,541.2327637802777,536.8393229936999,507.2124645620668,483.5322522780478,437.81333449104,448.56617446765176,481.7986404500176,511.9473555602602,544.4300903367262,557.9305868906199,506.7402402181093,503.0215530394594,518.6024489807029,540.3640199313069,506.65225126380994,465.203380269239,492.2608181501399,476.3615084327889,481.26402509362646,519.3332322516568,454.10506464858526,465.7128839926223,526.9481029456886,462.2818180344179
499.1257339974785,456.2341522592272,456.91315996574144,527.1480140416345,539.9619604280169,569.370021239944,523.9808128286487,495.3527954837822,617.6050939173963,564.2693313986567,537.0298608853279,546.5531511422379,549.3855184711201,531.1384193188369,546.0456936945434,479.5339963253992,386.9717842130558,397.2017007202999,345.1445036280754,348.46169131984624,371.9139316395268,374.8424774594633,354.437295397454,374.04319706868256,365.1512118356503,360.0990372443628,325.133952329343,293.0992784311582,349.7745262686221,366.7500867289289,342.71885944253955,319.4328363417427,296.27742735017654,234.17819024853125,236.49899972640017,243.46881496015405,258.1185699619926,208.65809550359384,228.036598200826,217.28618696296144,227.2793193812509,238.2497333857076,244.79871289355967,261.6216798174787,348.6906527139148,389.7793741601936,390.5560076562236,458.5087544527241,478.504590132511,459.5097636453433,704.0592045151567,702.4519934806856,703.4249250396439,750.0092809002431,761.0802307220956,799.6920440671141,864.9609236181619,960.1126135647936,970.448248810272,968.0515071467628,971.0621992853496,1050.478429406941,1054.0464868565657,984.220581055408,980.6133133441348,1045.853301338481,984.0811555475752,999.4016844141032,1029.8822507681227,983.9891525326838,1068.0179474587271,1038.7402765869324,957.0482385601372,893.0837028932385,948.2355974939468,942.1016855375652,983.0837605656346,906.2644122178572,1001.5081841918212,1046.6052129839247,980.3749123628892,941.2122640267496,1028.1883845516268,1001.462126477526,1025.6694149931575,908.6549238226723,871.456577887577,927.7338849371474,987.614127345718,977.381379491454,809.5774901184008,870.5711370202622,960.9596719852332,945.9327416080102,939.666303463948,881.2435282899895,1024.648983531581,923.6408202233912,828.5960103635267,885.0861733797303,791.628875954813,775.8968970426685,804.2445936497694,750.907447929748,682.8017933988415,668.8592434377132,719.1658235934208,703.1476525521351,680.2993330850168,690.4347772338729,642.3682047005494,640.9574804812165,677.7991584219089,675.6202951407947,668.1576737405894,609.8311572193161,567.4840562193183,532.2308895619555,534.997911573784,540.6962491823375,532.1091873094836,479.4214514784774,497.9063220210393,493.4087441700669,535.243872523029,618.7907473580929,639.7472349173939,558.2721823023194,558.5810438963653,579.5578063734939,599.4439176030635,572.090063694556,513.6502546060675,562.1315603820036,545.0726170590459,544.9395580826324,537.149142708305,492.40800665364014,524.4200422268061,638.7725735040024,537.7626417774608
166.86172325765918,164.5565637825676,158.82628063075,170.79350159293017,169.43019754375453,166.1914843598737,162.25269330731717,149.0210325156996,187.4518401618284,188.87873478526373,173.06077166928512,168.17351488915745,160.32578717456028,150.57564549533294,165.5675599564823,145.1713905765312,93.5619766517576,94.380278307791,92.14832397376315,91.4625889933668,95.52790220897568,97.63376851279163,94.09587963799936,96.44799858710876,95.82325038951822,94.62125114323209,86.61972509787486,80.67349467928587,116.76717257771142,120.11602252636722,118.40912082291769,113.82317801633954,106.37143038771318,106.74304553119153,110.91376589474646,113.6086796973763,124.7970438677988,74.30065866188988,78.35823856737628,86.47140074300715,93.23971306204612,101.61847786356324,109.2000760289752,107.63685091472472,143.4200696307632,185.27604098463524,185.9250903823672,236.2093098562233,254.50174607082192,242.78938534959747,509.12503720281927,493.82396394567655,500.0877540397085,534.0336083551126,566.0455686635511,549.962027963408,590.7470387545158,618.7491320409167,563.4609828223174,548.8735668254703,537.6221180906136,577.0578795030614,615.1781171409423,585.3068800552574,542.1158696641978,567.6293394085292,533.5524845290688,549.0210504645092,641.2905604265121,592.8604713129063,574.3000113134543,570.8401410913115,563.8152123295584,543.0167614227413,575.243027293339,571.6545824562538,550.5349825314164,516.5994345974799,568.7407471112014,593.0482336628055,604.9437612742339,599.8582412727794,610.6713688809313,615.9592330081541,591.034327080367,549.9277108195089,522.10563126551,544.2809616569637,556.9698488255001,569.5797416765338,381.4359814054082,379.5361226286557,384.18309975200685,375.28908058419785,378.57624636433695,388.357602151508,424.9964561394814,395.305614244859,350.53038113936987,377.9714678157009,391.4925352966624,383.43988496665946,385.9214485972627,379.6335873032699,411.5111204670837,457.3988206726581,455.06909794900827,432.7937793720889,460.9157718410772,474.0700862324116,393.46100087845576,414.54607438573737,413.43417355656896,383.8439839703855,378.2334520967797,297.63735636935934,291.038830249382,275.1776421957404,251.81739709762152,236.55517988796697,237.80141158592343,227.26871680032488,223.93242294268504,202.93424246094665,195.95051855234524,201.04890891124535,272.20966172315684,243.6352593054589,225.0959493162289,215.0782200668206,223.2317530745574,221.03180741798667,196.661606201408,209.967434382147,208.5952594339469,221.1402395414505,214.8367404508256,192.6643330611008,197.83886189704225,217.7554034955507,192.0707955490702
118.2679584309961,122.68906115377088,114.8516007792409,106.29704764128422,105.04513737704735,98.39411272958058,102.49404846947748,92.67781861357837,114.8605169860818,132.7568919640045,120.74493402412249,112.9585971902329,102.23881167041098,91.55479952879682,106.29567382163786,93.52406477516584,67.53095475375048,65.69674346091738,73.64126200095775,72.79522796743474,73.48745804954063,77.10747461987238,76.09194680253692,75.08478128963026,77.77258365016645,76.7108269439295,71.33390745760616,69.36301203601512,88.31121353831071,88.93523892931942,92.87722291873855,90.60150781730856,84.09178283235363,84.0900295538607,88.45069250564791,88.09274387635386,98.98140549689236,76.97406193833716,78.24443814135105,93.61505384161792,101.5319583606848,113.72013337569396,122.92988549207388,116.17039216135564,153.2484115940796,205.9785784670366,209.3609788274612,265.5575965100292,285.0699410365939,279.8875810211897,494.4147236180318,481.4919120881002,492.7792588738357,511.3557985480175,550.8928979569619,541.5230258673861,588.7785122580392,589.8629853044132,501.7351001276946,479.4062079309737,475.3150395281784,523.1212186192311,582.293971570068,573.975501348269,519.7632446835044,538.7958068643946,506.5202351020183,523.3097609928884,645.3387003059503,573.6419943003881,536.8940885663221,532.4178891903738,548.6132376488163,540.8449150828583,572.2022009648164,576.8820865645473,530.4390840108258,497.5190615853711,513.4828540756325,504.0354905236917,506.2921539851994,567.8423347587169,583.5627573511572,614.8632475276293,575.7379375002099,549.0300239483955,519.8558784648885,536.3631978606501,541.3763764609021,552.5328396068636,421.76567802980463,396.4805020097626,375.8163472312201,367.158402993015,377.8713870317576,411.5843367376313,429.47314826076496,406.8939307544559,377.9771456622279,411.42760453378446,453.44797717085424,435.3504717294931,428.9789786502468,426.3845816917165,326.6682749917245,379.8098758615005,362.6364516042993,350.5667269135177,392.292712476533,408.9048666154145,486.3695452890161,514.4473262143617,502.59716704893896,440.7977943127777,439.3547087937552,341.22917763991575,339.0653902091524,325.2982343451778,272.8736667539523,250.3260069949658,262.49483948692523,257.6140874212623,244.6742246950257,210.27674967626749,188.6116741771241,181.0317531421325,230.8006914990858,203.5535029800376,181.10466764999208,161.59818509785657,168.23250426193547,173.9702643952865,153.94226684980404,157.62912946573448,159.5323918676996,162.32376476663433,153.01894286061955,142.44518856343905,146.3502270980527,143.5766893670127,136.0183019181156
112.39911685419538,104.35252054033792,103.85666939136682,95.34620659791588,97.39529320690208,98.10211021595232,102.48958959357186,94.2052575032252,103.84268133188644,114.2118473174391,102.23152428116262,93.39434034553626,92.6739338929987,87.535230253211,97.10143980767408,86.90370991061965,76.38755776584486,70.55788625803854,78.34025653583728,75.05728280675663,72.8365746540138,76.89429308637862,74.45677468588595,71.86292669248316,73.77668600036976,73.31571175233502,68.34659077316664,67.4770049562737,73.0752973247484,71.96303080076807,76.44356193995726,72.92214629043515,65.49519506405824,66.53469959445754,73.44867222385093,69.53925985025687,74.77338041579846,73.0555879932164,73.12086836012432,88.2157240236131,94.43367871580888,105.21786140528954,114.10288016496489,112.96422481819792,139.3020947345192,176.39307722483497,181.95095076427907,220.82250247361011,237.76200639522295,244.5720803342699,339.80290215111387,341.37966181592355,356.487612787105,379.0289294682984,408.0304854008946,408.4680257870148,449.96741107450833,445.3218540269949,400.3800222216626,400.23600872998185,396.3425523267048,425.7136111280079,460.9013166629148,466.5239889841909,437.07639600943656,477.4895325764882,460.3237510893748,463.0486076509274,521.8246479736647,490.45910078310646,474.09253071089233,449.9584208203959,469.3533913114291,463.37084852158017,470.4129784825744,477.45869746284194,436.8993876315994,411.4762796557977,429.763585458101,418.201861948151,398.33196652730015,452.5355649543864,459.9803805372202,460.2174487438421,446.0254314995612,430.67202025295006,423.5211802758018,438.48030672877655,447.7644493000514,437.5338610144995,438.0036740500972,414.1642939730359,388.1658111714656,386.77268775069047,378.3086157223917,417.6663099545471,438.5628052354648,399.32792241180834,388.7774275462313,405.8461303648593,463.2960175696345,432.7887266858488,410.5921539823123,397.1165829944906,337.04946212719767,401.24720506571424,375.59549276321593,367.1582285042414,396.6266981875271,399.9258029284849,461.69187133317513,441.3978082120726,425.0424097815873,366.08254808930144,373.343382221422,316.53402092913285,317.1039237308884,327.03280052660193,277.8956074444036,254.3707867571098,255.74416059874832,245.92949828735192,227.27248019921063,205.44111548249143,189.67016239992492,185.4233288265726,196.3875630446931,169.1056993497937,151.3468596992825,139.74148313856443,143.36703670819236,149.33602310987465,147.83376298531363,141.54497694584404,143.8202022145088,144.50222043540285,138.46023121301644,124.97907078173672,134.18313384774447,133.4162800254101,118.86123365287555
167.2944033158801,134.97993029847444,144.7610227267757,137.1689399332285,144.36086394536164,154.57675571310378,161.78152012534716,154.00888804323765,150.63990830407957,149.59912053680313,138.29319488236152,122.71767693269312,133.57186812204145,132.5213625637723,136.9841158433772,123.84896066095,113.13722334278756,102.0850872500217,107.48604094945983,99.114966978438,93.16764695589984,95.79837561330577,91.63718621970968,88.57889386902957,89.15850842026805,91.45160265711692,87.90102392692023,88.47668599913166,93.50255360876892,90.12958691329108,94.56993917052642,90.82932269323672,81.43778026893949,124.04974957647396,143.58806635010174,128.48442934788994,129.06458125093275,88.24741954781341,85.88099213242852,99.7897614645902,110.836367584864,115.14364208568875,130.5644191952338,136.21884905723317,150.47517654423902,171.28859116296246,185.2983345482029,206.7073899729137,229.6054733685484,255.8994064197453,310.72988484144526,348.2362712706467,376.81370070291536,422.3301997214238,457.6158300365791,464.7481869214176,510.17946308243046,511.8749837738088,505.6094751296801,523.679930725441,519.1250138331945,561.5670250191226,542.2174901026148,549.8058543011607,615.5807991023582,661.3525151398555,631.6324188836765,621.4431438623551,610.5178370057637,613.2486979317282,637.1134740091169,563.0663803962168,582.7584859900944,580.2298190828219,582.781428282757,585.6010851197211,546.9843652983344,517.8454340688735,547.9065554133467,541.5962767853937,477.2737399283478,540.8311955682926,539.6705063080535,493.4493057613543,506.4703067070626,497.3453121182184,496.22969031811454,506.6213290968177,525.3658776533855,492.7381803211129,532.8571051984497,526.3505670723791,528.5666559242181,533.6166885119349,483.9098558442456,531.3009666935314,564.0568467110174,483.7720935683992,517.3438865985144,515.5887409945195,599.8784513420588,559.7062896159596,519.6138887376197,470.9451770570808,489.067007299308,596.2792616449672,555.3492719884651,555.2551253808278,545.1757734204518,505.6969026353455,474.4307054226105,444.688715361305,421.8004538896158,348.28826254931107,354.8610651267042,348.7270848807236,350.22960734059524,397.8154124343928,359.00379003696,335.2079906454011,306.30591569099045,285.27085224517657,258.5135320255831,255.1638808378138,249.8631614462559,244.59456765398136,263.2926633965243,231.11011442903015,213.41048718355083,206.911893262946,213.0954299240913,216.23447158350268,232.7302065898389,213.24695557623352,214.1061729444845,212.8369862015124,205.40186021713055,187.3059996787735,204.002977074088,193.0245369224788,168.18391743751843
615.0531978626105,529.8021695246076,582.2991225799886,567.3721242126004,522.4174299371048,466.0441726032898,484.08864536586816,474.3317871125416,462.59011042734966,431.0891851626468,442.4515106735945,388.6462969184442,386.1688649666973,340.50613980863096,359.7633794084273,341.7547278182682,401.9266731680268,367.9502854773375,383.1346880970572,348.5663902564282,326.9161997778326,342.5229116728556,329.99630577411244,333.9950785951567,327.7741110344192,356.81053837723977,360.5286584975511,351.95292670260085,290.1523652560607,280.64115655013643,291.5396875923025,284.6711099651602,259.3210269833906,319.39084988549,329.8924239548791,310.58431610160864,329.26043649266563,369.3085864993863,382.6468533556936,403.5349514028033,436.2069992778292,439.7245257914957,473.9440907203127,515.2824983888804,594.9973543239128,665.0336938676239,749.072608097753,773.9102905584014,914.710613474814,940.1311725923356,780.6763925829162,851.755398979725,866.0277544200959,911.7937292384048,964.1217356500936,934.4808808102604,919.3304332477268,918.634007145849,947.178658061483,952.2120501662016,971.2422430351896,1060.3234817699793,1052.2806491288138,1068.0304661593511,1122.4968477251657,1072.8771219975893,1098.202697571747,1169.9369795709877,1091.0269694914548,1074.8385385273712,1113.2164444345133,1061.258892346307,1132.1106522265025,1139.3068650409527,1293.2234416151148,1202.0231458378537,1139.805087305326,1159.0470634020437,1214.1038900102003,1303.9400796039315,1329.3244630083443,1457.5185427145448,1469.203271251238,1561.3869269497557,1646.8499660724071,1490.2043069154945,1311.7453886014475,1295.3557760357255,1238.240451917089,1108.9445711225935,1411.393942668317,1396.2141246393262,1442.1878530312183,1444.657072207841,1391.351176354202,1478.030897535872,1527.7328509690717,1363.9541378200115,1463.925574028132,1438.449556335458,1747.6788844151051,1560.4182611663236,1520.7443113200625,1443.43892500405,1204.5158683825596,1257.5878838512094,1216.6775893272118,1218.862556635152,1187.5968134124146,1104.538377712999,1259.2975956336818,1175.0668436314893,1157.198451792159,1111.2855441699492,1174.9697230516751,1316.42090789267,1213.6428739609005,1147.8340666948166,1159.9034089038885,1065.579725129031,964.8663039823028,956.7351868818572,970.9948477058532,1049.49867669385,1053.348931167402,1082.4271383592206,970.71613447409,920.7127684128544,1015.400295342048,1094.81377392153,1147.3498427115817,1118.4933655079576,1074.015639930992,1020.4911236695724,1008.2061780262936,1008.8749409367596,934.048410441718,1050.3991076199443,1017.029825092564,812.8661899505252,802.171931603869
313.326621751714,286.35755815626777,304.47056000246386,300.6661232314875,285.02661341550163,272.14775828001825,275.12751338391325,258.0692355809579,259.0677998543558,243.5616073653904,262.6730058773392,252.58362219959133,242.4234163314378,217.57566200412256,226.3809309681144,217.6200719332694,194.0281304329069,188.29797568399044,184.30321160537227,168.40878314084088,156.5226667002837,162.36591844956692,162.3982499360126,160.59577186302593,162.0720926999055,162.25079466836195,164.77416318645513,161.1583079273133,195.2290758727048,209.4957540607761,210.1888716802212,203.6349846801517,187.87718636172613,207.55977816065328,214.13951931188123,206.96228770456415,215.63810188905327,186.30038537123176,208.6589293796595,212.86231955396724,234.0010021422189,232.99348147418212,248.159382734288,266.7340150775773,316.1225592879311,349.82300855754704,422.2086616382346,425.3287520350677,474.1492535743608,548.8419859120147,702.8329068807365,759.3358666423081,747.4016383588042,909.8170997357416,1005.8640989450054,947.8840264885274,938.0202819224022,1049.6382324277583,1019.1622335113066,1053.6292812079068,1098.0763728820768,1134.47863763422,1160.143414240007,1161.4314654642249,1235.0202216867524,1262.2346441290924,1398.5973918038494,1456.919852691467,1497.2488360479294,1490.5412032546385,1497.2293976103429,1401.2750650171397,1467.219372983718,1505.8578948274587,1448.9468927802875,1590.0317222721253,1536.6769579957572,1471.4269958580376,1515.4538145874255,1530.7012384179309,1471.4948345436512,1542.140174447885,1469.1540205126284,1376.9255859530645,1540.9647839273173,1500.1059525720234,1441.7208601980133,1416.2165731483328,1460.9380905074806,1345.857182730782,1272.2815645188132,1277.8082158846275,1204.6634465170007,1166.2893272567171,1127.5260681811042,1167.5014416581275,1163.5339796770934,1102.6983920557195,1061.7038423725537,1025.3311661311827,1096.8088284079793,1119.3362036976816,1091.1724028462302,1108.8160904923147,1200.1258155735543,1199.4296644745173,1215.3150310221265,1078.1366224982637,1101.6340688357263,1001.5521286773272,878.1682642126619,768.1010565766192,767.9201591394507,699.0388653595179,754.7394302862149,759.238354068501,735.1351640970972,676.5289784736381,681.7198748416193,597.3163589600223,534.353322730526,548.1473671246692,593.6164438298447,567.5727619952895,534.5644343692039,551.9450538477943,582.2726270088464,562.5336020987412,602.2976068955976,575.5501455315508,625.4856384639061,634.6606508278832,592.7109159274146,540.3329670316683,516.0666911963516,535.697721162037,517.6250522333039,503.9175395707002,520.9571872926083,546.3568106530568,494.4859494229485
417.6952376008114,397.7090814122568,432.5893189518063,414.5375779438455,404.3997794598328,397.01108207546025,399.6882305729624,361.8393436261406,432.06806263936346,384.248320334747,363.6557352761396,386.80348094868793,386.04271278879605,352.9934789063433,349.3065809410279,311.44563175700694,247.6780742161238,248.78270947507517,233.5440289409753,216.98645015166724,207.0627145954996,208.68569539291107,218.3823077718091,216.4127788303824,206.02611274066297,219.7175059212557,216.67352902978703,203.18446724555085,277.5130186240632,288.21062670375994,287.917685663541,295.5267924079077,272.3360494029566,178.16871139928838,178.8403937788307,180.3976190218756,181.93792078487317,234.83991336632388,253.1229679394805,249.4055768263755,281.3693722159468,287.5802177271093,315.9299293139257,340.26138061701954,380.84521545681366,418.4766369832615,517.2757556577076,594.7835968902261,629.6894097947371,778.458236692953,1070.9239651854296,1074.927097461338,1083.7928811959157,1263.0270778190506,1485.5144274935117,1490.809845208017,1534.3555453418817,1674.823549292526,1676.0263521758318,1799.8406981793771,1920.105803530505,2037.4114459421223,2088.872146035895,2204.2517178818766,2223.854103179997,2261.294814560806,2368.338385964757,2367.5203818165774,2478.0359297942264,2594.6810430377477,2440.2799788169323,2310.536185498276,2387.9761762039498,2332.6573470342264,2278.8291172358454,2351.9153331116886,2234.3555112080358,2232.396057678992,2264.068288791369,2242.841973414408,2123.4844794638684,2170.119273332256,2072.40863938366,1935.9260820913123,2090.3282458607,2175.0117394011068,2149.3576248750724,2199.125085403137,2259.539301168609,2133.254614393817,1689.7212911354525,1712.9130388507774,1756.2199615632674,1776.911478117103,1742.6651418210731,1751.1781742055082,2011.4796648111687,1752.3400573893382,1547.6972083844992,1490.143215623637,1557.342020710604,1573.0780650110212,1469.8226886713342,1392.2436526132694,1364.2171703377785,1396.0683153710218,1319.868304127128,1195.1661092613729,1166.6505722345134,1083.990922133262,1053.8235691951809,1005.0299036728424,1038.5539617280035,946.7294366066772,919.085691801783,886.7610337982799,859.2307938083958,815.165537249605,941.063087477796,783.7023309729797,700.7727286840566,671.5530068913064,663.7268219981366,603.4615278648278,595.7124169763707,659.0130260266727,726.5703903459324,703.2200792402649,824.8242724110296,712.7769755458918,802.0063609299573,764.6402662210111,704.3224696765446,676.5769430177041,623.7295547871187,643.991341190268,630.6894356253972,606.4739880893379,603.2074533974239,631.4935254410224,612.6503956848001
543.4922386608695,546.2446304283907,543.5382769829918,536.8687070361497,470.4421280069731,480.9452310238088,485.1860454203973,436.1801541522237,446.7005211242658,456.0197768421823,421.8813956620946,481.673231846773,533.9513422545637,454.2010354985751,435.9208891542447,387.2520221415042,268.9584314790264,273.8922595975811,273.7760623418731,259.81880866797604,248.57537065967364,255.01211892994024,255.9871049111638,243.70265581934265,238.9841944768464,248.25588228138727,254.89106106254144,241.526952460004,368.18502084069377,329.65055635907026,343.373677678457,355.3626916703544,335.60829293349946,246.92028131583436,247.59733595974404,263.3677187268135,259.0653835051827,288.19862614055086,322.5499264660804,293.7952084563863,317.3094265678127,338.2175078815083,356.27066637408126,378.9371739962621,423.8986181624243,464.4649077203854,541.5353135542766,594.8875451832057,700.6955866405515,818.5462374583541,1184.4240751322334,1262.6167305753024,1341.686835207029,1559.9362331301193,1880.9071097434496,1865.370659817762,1899.63664042418,2100.344823060984,2110.7544901798105,2281.244808828228,2519.4191443406767,2516.439742630445,2399.920963620011,2428.375870552435,2505.201140185074,2489.78194690749,2460.2033204830477,2416.333884655552,2567.9897106988547,2625.928434105837,2555.19667248348,2543.78740602158,2518.1468183842585,2510.620653376928,2516.541069176072,2655.4666929772043,2670.780297808052,2659.9900946435173,2710.714335546179,2736.9471966781207,2631.1486100660027,2638.513342748505,2600.3676996051468,2381.308616899441,2470.9116532782946,2554.800441782179,2444.567591972282,2394.375709974572,2564.426030967514,2405.741903157897,1677.9526526801756,1746.943511641036,1747.6881828455716,1675.2714638714233,1642.8245431971895,1663.6420800107865,1729.3543810180236,1674.8518582848774,1615.4220271242723,1655.5280588772396,1658.0759912407811,1687.7209309786342,1615.4838930943836,1592.8233024553872,1926.6889863183048,1919.7428971905276,1889.3821580961176,1802.9144210673287,1897.1170464916231,1825.139669706695,1369.7079738335233,1382.937126049557,1486.7361244539638,1379.389004021761,1287.6349562238756,1234.8862194935462,1204.0659778329302,1095.938102843071,996.6479857242978,933.7520274843224,917.4360011593812,825.0725019214327,777.7022154390421,697.3395282107755,682.6342698310787,702.3518493436039,892.7907457646108,892.9889198319395,934.5215164948766,831.3190099100341,885.2895886935052,807.2820285504896,766.5358528621981,778.9991010716092,704.3466664113598,735.9411528960393,740.5974348515975,732.0795765622913,722.4096071694474,736.3996298372404,720.4094455565088
160.66632868216732,157.73584759336146,159.12061889180072,158.849819296017,148.62047052325562,147.0154777832862,141.94085211290505,130.98525721763593,131.38448461256937,153.7365249443081,140.22410262333423,132.04721852819142,130.0007762426541,122.7134334791034,125.20677188264054,118.32266129178328,154.72035698491314,157.4511026483086,159.2696267200171,167.03139870110823,166.14636247776178,161.15409285084132,156.85982892746597,149.25269639457676,145.12154604743546,146.75780061900855,151.7509349111994,148.44869339337438,113.78261775877144,103.5445825948391,110.73767077471352,114.77512539274706,107.9412338175686,174.54230612793276,182.2338324910901,209.2577985643537,201.1446604548603,188.55662094533056,199.24892970359605,189.58971833035173,196.1745113852095,219.6403358730644,224.50274503894943,245.8697870615009,280.4253934023245,313.2219076277892,367.4733256916591,407.7507578371446,463.68516671989744,529.6659065894045,428.11269463829126,487.1463160294777,540.2829420404909,627.1405683753554,711.4047976278866,737.0689091015229,748.6516943227847,796.7217521626626,814.9709821474814,879.2529429970186,965.8514178573712,997.8639700524316,966.0089561957172,962.002803692608,985.9440217623952,1013.7805810174988,990.4920943836516,1062.7996215287808,1071.2470400386917,1075.321532745836,1076.3726648743984,1088.3726677298268,1084.7518143386224,1081.4888065519533,1078.2644323881375,1158.965692531895,1163.9094428752817,1128.013922229003,1146.727480877656,1086.0001881267824,1062.099044034913,1068.587377109239,1123.5939642707408,1007.445921628248,1027.3734636826853,1073.1912416690593,1024.937382270442,1024.3671388221237,1056.4672334103536,1004.2110856176944,1270.8354448930434,1280.3808183494266,1286.4743273877243,1269.9718965572306,1208.2641325319605,1234.6336703051131,1267.0780224024263,1268.4527205528937,1230.3972616478484,1317.7010396653025,1223.75802329801,1312.4214738723092,1271.3583597368531,1246.7183393482787,1089.4061254365424,1034.562455006822,997.5551674997804,938.9366766604066,967.6024984715956,910.4015665350342,927.116985420541,924.5741497467504,973.4753140264008,958.8881648445572,908.9718526435302,885.4455266461978,823.0326290889329,750.2610149935595,715.1683242112664,675.5637597189076,671.9061158657736,613.7241729622978,584.2962154572862,558.5450601863811,569.391222747916,553.5922852296436,380.9908432500398,370.9582188527903,374.6061593963375,326.01491950567225,363.3021037409762,322.31979244168866,317.22562362183163,297.09558237739776,255.9509099072501,255.41871677483,258.5270848597432,245.26811000858987,256.13354748109805,244.1775389306576,242.3020279648312
112.70641171000298,110.41968317540494,108.42789290287264,100.84310535326662,104.28882676526968,97.70398369796824,96.69884388340348,94.35617977376602,95.09470730814152,116.82902237316264,103.07720589404448,92.78548091716031,92.82029359534113,91.27555812920576,95.0866727225039,89.79487725163192,86.17938711813821,85.69460149037582,85.27509465604126,101.25158570931714,103.933699192165,95.40319548243828,90.31461874721892,85.82444796665052,81.20002313819603,79.48328484197306,78.06392872429265,79.7383076796459,80.44331729596367,75.24971918523855,78.90732696385776,81.9503617319106,76.48335461828232,82.6057412803649,87.76413776026021,97.33388269580938,98.15225955716907,109.3938134874205,102.78963399354278,106.83996910200524,114.25828522369112,129.3277705899732,135.4808393377426,147.75009311620698,166.085949068232,194.33401463725204,215.20800418654676,250.2957903572567,274.0563004812062,327.6318338891487,372.2644784166928,438.2199661197141,497.3142105697372,576.3308304478608,647.8370574890746,669.1188982738151,698.5776307097979,726.3972605634591,741.8199609862954,801.7170201585997,872.5953257506941,925.1662043180074,904.3181091216284,897.8553048683117,918.7300744645402,953.687543514986,908.3200251135646,1043.113023449209,985.0225872490114,953.4259084250222,961.19027418636,986.9662623152692,994.3411303305064,984.7226388617914,1011.5025920383248,1091.6367051679165,1089.845944332536,1032.447362389365,1045.8474909791933,958.7492901159004,970.2692016712932,955.6765581306428,1002.411008965468,906.1137510136604,911.4124565800096,922.2107225717556,900.4314444624624,929.8050085669124,906.5458302624832,899.4004814846845,912.5237793002144,879.7828472699161,853.8681752378375,876.4994494473538,811.9217366075095,844.0624759038866,868.7130878196774,901.053009447655,859.1327051506545,966.4743482674792,838.9012749729111,975.2726564601782,930.568255493227,920.2488318963472,752.0241791776787,700.1218380285055,639.797129891041,593.4081428620326,582.6030175010197,528.127857090871,556.7788359585405,522.5818163683506,530.300771641831,594.1295514013656,576.5444105035913,561.9147282559913,490.1140550392038,436.07645791907487,460.91107813768514,434.9676694821316,430.9924967917009,392.4618286854787,374.86617299133417,380.4487069715773,404.0055909332892,370.8695280343334,334.14741381634235,310.05092423554265,300.5592326048635,264.4974733431781,299.72286213549927,272.112957921473,283.7817368819306,236.06755282906363,196.1008143328281,190.33078891683587,191.59956799719785,171.03790163026892,203.679889188808,166.7484440585413,165.3118200299617
71.4633534958648,66.23845080111047,63.98060687674699,62.18129587937987,61.437641547350815,56.71614055559117,57.94422253825339,55.38450625307753,54.336105377185,59.02462437939266,54.25513936398001,49.871051534246334,52.952783818357496,49.24444498795502,50.82856492043919,53.32278690768631,47.62052258761148,49.57215420260013,49.70955439550745,54.7864358793856,53.991519415041765,51.52273266179123,52.26760882701083,52.39478464667748,54.42167304856709,49.4336557097545,48.51173937527558,50.63277783955802,49.22585558179119,48.44303287657969,53.65198822901952,53.20018810813674,52.42471609086539,75.9507695836042,71.13618964821752,77.62261979830149,79.7129120060217,62.54648446354009,61.897781069796665,68.0488213596695,68.39534052353062,71.71903422636584,83.29210139662447,91.24285553189372,101.78170044632871,130.08474673798645,125.1454335587654,142.13460329437584,157.71443425002914,181.9619828532566,208.1092753328309,229.23737609429156,254.0948679041508,287.9429571762217,317.8970484497122,317.3269899593103,339.40246367993444,356.87825437105784,384.8687460174478,407.8332963735864,432.3460321611021,425.6068248390397,413.10531678321,424.254894218898,412.94791679740393,423.3320166429221,402.1456208351021,452.2128390098503,426.7231820103873,430.8263879379024,417.3224211384333,412.08177545914896,413.7742946680543,387.6126112433294,405.5388070716253,404.70304878414623,423.0491732700555,417.2429442385781,424.9554979691106,408.0932008371293,419.9679272237449,416.36876164721673,408.8682575277021,399.2081444151429,414.5810083376641,399.69811832885193,409.0516566274982,426.74820983466986,402.5327534016148,412.3744409977792,414.53322422298857,404.7530482426904,391.92619850134537,397.7884759625778,387.97079512698446,397.3375326569504,400.2138917983525,404.3763054840731,381.8923136245191,425.7076672099355,385.35835672950606,443.7234121002467,413.89187811176976,405.42655367946617,374.4113860203136,352.0379878566387,329.331987152137,323.61278909708574,327.90314590352745,299.11644303644863,294.28494482868774,266.43923026287285,257.7754544740425,314.28133039814287,297.2931117250357,272.164948407903,248.47949827054543,234.16260490116773,243.02982906933337,231.30361449301893,225.33834589993927,198.7827762835292,173.75313237379254,177.75260417151776,180.01124496484965,159.06754080507983,146.5478945293055,139.19290608703446,129.89252212019397,110.24880117075328,114.30043802205454,112.91387510424563,116.33170308303738,107.94418807403142,106.20154644147064,114.85665052491292,111.3211475092039,99.14523183100286,109.7197597285262,99.33256338646144,99.46645615282668
61.689253086180415,53.96462177596845,50.62503997054077,48.72834596264264,50.45971712712719,45.1817533261197,47.69626487427808,48.25048306599053,47.85515434722983,45.83408563538981,42.5594523742819,38.04656618306178,39.79275898467714,35.59872087480464,35.41829598048015,39.90598870530644,38.465182288985886,40.58142543639098,42.5039404778649,44.05400591178692,42.38333609396448,39.52469566655632,41.26144446895793,42.23023227346562,42.72676666894866,39.53521535766389,39.10960452328872,37.93128670604886,35.59546689038913,35.708136962822635,41.16736820775365,43.3168072108595,44.84041302477007,43.85426315969716,41.727044041410274,46.02816363654158,42.68024766348437,48.661826334832185,52.22461458292264,56.01555232565221,60.50114429845286,66.95065651488545,66.42005446239638,70.44674637721621,75.63592134751508,98.44081805590992,105.05351459453492,122.71113086910356,123.95627811139276,134.73412506355933,132.9312340452982,149.97136421366503,164.7918938947406,213.39231759037432,212.07315861721733,204.29081101177687,209.6815274866501,201.5425828847454,226.12825072347613,225.4035971305185,217.0860091456051,197.43202822854,209.34794583150548,239.43572451026375,217.10408134828776,224.7663220307096,228.36439826936888,232.68527101942556,229.52123083901856,232.99244717865312,231.29988588498392,226.55982191260165,223.49399184439253,206.84067938978728,203.93735184393117,208.2044806977773,198.87641542758135,203.4580599817241,214.25299827852743,197.6869710304204,182.20119626848256,185.04245291942084,175.4680540727311,181.91620996199032,182.0227865346685,167.1854436046703,177.19830023146906,187.6368689530272,181.281128167478,179.69261104929845,198.84201465644824,183.19349933397547,191.17123035594813,190.14465262013744,200.5702599323196,202.13740431161096,216.24739756306607,219.45584182194887,219.23497784667256,234.9709444145417,199.7259684591509,215.09867009076876,197.2608261085928,193.1396213662814,165.5251155939315,155.10100964766852,151.55266497254885,161.60550533721974,165.26222829684704,159.97982481919885,180.38317041737395,179.67946105096846,175.29503864828808,208.4481415048503,209.2759025597785,174.0251302168268,157.24809946799806,153.87895871733036,156.8192560671103,145.100872658769,154.18748197135184,132.13087338540436,120.98340997268105,128.0135484651234,129.66138950128837,116.06683610247929,107.9148925790054,108.3374778193659,96.4591304627486,79.4807076802975,80.9805503312386,79.53556260530978,82.08029421529604,74.11533047613501,85.07507738464017,99.78621746274054,94.81152723671204,82.0881674731906,83.22716462126753,79.96369423322093,79.01169513700721
202.38533734823343,187.7634479445874,178.98664675423944,167.05540209237532,169.5881739299032,154.56506346455888,164.32489796769593,159.35405902251975,156.37014434739402,154.85722568155086,143.66857689448955,139.63008380487477,141.9505532978653,125.0533932044003,134.6356232589471,142.03503331404067,138.1637552168335,146.75420719968167,143.3689766887778,138.47853321546015,142.42946103155714,133.58252962597447,132.86761599196248,133.80149089105524,129.69997652164488,126.20763421141568,129.58432709921425,129.31224706147992,121.41282250919784,122.37285338945556,128.77141789859274,126.13693860168776,125.22161825471412,128.1789126942936,133.23533461230426,142.1330487426506,147.8955376327887,148.19636782013114,147.82174873702314,153.61226863349464,171.4431386482113,195.32739685139683,208.0335132401328,200.4204361038411,215.26650097982477,258.6716143467205,285.8475325964902,321.8685796141318,343.1256649175019,377.6897360774995,363.98339754462006,409.02129981637313,431.33577658404624,471.6094043600585,481.1180559271852,482.3474861536672,477.8121653713763,477.7784559222787,493.5341122321392,477.0529162466745,481.3642504369896,450.77717407102057,476.4145365477575,520.2030897123718,485.6751200983578,457.7699023473963,489.2311054169408,481.6579236891847,484.00841306917886,481.3085395702436,496.8063570534316,496.3211149300095,489.2062816927228,485.4805363741757,486.1782150714452,503.6973849915692,479.5833270223803,480.4339417364404,514.4091305810148,488.21491538138326,500.65810316753567,493.0211810368445,472.657933228888,458.6118567839745,472.3477934274148,433.6359676966125,429.21737447916746,439.4465991955248,440.7950885446225,459.0604802326337,461.87798571312186,445.7559407419299,442.602197110761,439.451669939052,422.192798764223,415.493739911401,452.696389095404,458.148110427386,462.7840040632344,488.2898336181725,457.2259149494535,460.0514348799843,443.400449574153,422.35501138115256,511.1149390428072,538.7261731595393,514.7070119664118,554.4885043260664,579.0757960478188,579.0679896546578,429.8522610229631,434.1811021119572,433.8317961762318,445.6983757220091,465.2358970285712,447.8077182151495,433.1222821067696,412.3371574864469,455.1072366679037,415.7024968434741,407.2187328952835,380.03620087577417,354.34931833143503,359.4891724828716,389.5428791387577,370.69373223140735,351.2296536325176,346.2483486079357,323.9045596966613,323.1559853595096,320.52518304853373,318.32914928485326,301.4890059025103,293.0380796740386,322.65330109060375,326.2692314595204,284.7407496502084,276.58184397085483,306.3967946695021,305.58705294312347,309.0814295560276
520.983767882005,487.41930728566433,476.8417112935911,457.3487741749154,444.8731915416921,410.33990274915,436.40903183284826,453.1944613759811,435.65805531762845,416.1679339394607,399.671662827127,391.40060901919145,391.55930769180486,356.6649974945031,388.35634989758654,384.8837890727683,497.0507729190393,519.800349046209,496.543660963382,484.456795791463,511.3273296889578,480.91884835974986,467.6009852435014,469.94753421479015,453.82141053624633,456.6092697044894,458.7601465700433,467.1152635723274,331.0079209210201,330.8214199612112,330.77047876870114,317.5127022409219,300.89755955563635,378.20272031038553,388.3860876924432,395.1607203681127,423.9567106219881,467.5629380683503,466.0159820316812,496.3269201108056,530.8265966522448,553.9706723343473,586.8825791900199,575.4078577875247,627.8387731077818,699.8176777800519,848.9056268052556,941.6463680776618,956.8938829665448,1055.7710026295651,771.6362889232187,837.1436438688413,840.9520149158285,828.735190041263,885.8801838367331,937.9697399544048,901.7731652080396,892.0334702538961,894.3896608176698,844.9420997734519,847.9567465367462,858.3074836746256,911.3483156705788,941.8610515170652,890.4778438143486,805.7860172015735,882.9585876166556,828.751723465168,855.9203937307095,834.4938665382299,901.6089277957844,888.9820769000895,875.8381592653224,872.144620406006,844.8963135131894,837.4924734006327,790.5648169648786,778.6749064521268,853.7293492581246,805.9156079457223,1010.17186438799,998.2746849735964,935.0167871582794,878.6387841414655,872.3288711582856,831.0346572508321,790.4567226457092,783.6942367389388,761.3835156315301,781.4154507479957,1046.658183530994,1073.0851893995034,1043.672066088125,1008.3713202041088,941.571833411267,937.608888293538,1013.9312993953374,1085.9386931331803,1023.8823549818914,1022.902850567062,992.1700464190832,1002.284458959123,1023.919902241314,1004.6694467670268,940.3878794186462,1012.1552548358874,952.215335715709,1058.0005897187702,1098.2037887859108,1104.9249461768204,1051.9588177385865,1084.8677463985643,1063.2138601378874,1061.2701647247482,1155.6465398389705,1226.0148140380172,1346.6211740960691,1235.9045428469367,1372.0048884179323,1251.7697897935432,1215.288680544496,1150.2551786110243,1053.0277880148649,1015.6980788341516,1129.968162797416,1204.6116441558108,862.5246017408158,789.8937443404722,747.9610634883926,791.4956101459948,769.4799628931218,787.9041776503657,722.2791258058553,681.9923533552562,726.0551839037287,725.0507524640066,616.2922769072131,656.223453928726,687.1430685694736,689.4067835273794,693.0343520758535
393.5882967731319,392.1259432150543,371.0039423439244,358.95879750771905,351.8313508597724,304.073427920648,319.9584538916373,332.6170993982334,313.1790588504493,298.2794363304495,304.965704936711,294.3596539563658,310.0529884075035,307.0188891570339,346.4960405833279,319.13065704092224,305.174628835652,304.39659248717874,280.9577588922125,271.8306340162518,272.8652556539167,255.94171017794983,267.19831293804646,267.5637497522851,249.33971559656763,253.56557134299183,253.1981844066282,249.7790657828893,233.8574466760595,231.90939017491712,235.0630821792716,223.27194210047816,216.91772276685,233.8272017532344,235.60459356849307,238.1524047397828,249.4454940134834,254.7146390466073,249.51647820358764,269.4339077707216,304.3715260739874,304.4146920967306,308.4855381275736,342.9627006833753,406.7281610805654,440.2707058159748,611.6695567798264,714.463663961758,625.0773450847367,616.7820220449843,614.831109000303,593.8265474841631,593.9693275701522,658.0102901087438,683.5514585607328,652.5510860877117,662.9150429520769,633.4851386192448,628.9007200054982,607.4458909946703,588.4041430753787,601.3585252414574,617.1073896013081,667.4612209030663,652.5830680466108,639.5481422315844,824.6190961018573,781.4149954185555,725.7763758732731,666.5978183813204,642.0156247714722,621.915736880063,616.6206398841781,663.6700914704755,652.692606260156,700.1472693267117,655.4396119888784,685.1273704579132,687.9689090959325,632.3887858933513,667.8142714229732,669.8253743594586,690.1493939038407,665.7211922062697,636.1794722417307,618.1712849522642,608.1856950424632,590.885155169988,586.07935060162,579.5737294782663,598.4831072689549,573.0126874097494,588.8662874988081,569.5563262293115,540.6410679766923,550.9354866149143,583.7766772872146,677.7098169343359,627.4942592875012,609.4353961991796,610.0642741357899,620.9308670986329,612.0773340724622,617.7230888343522,782.604318595249,857.1322250834976,827.079512246247,828.488562540138,868.8595128994218,791.2607305679734,608.5548592167712,672.7947833982124,628.3383491065563,635.0204548088786,693.2532259139115,698.4486319413847,694.3094391669302,676.6955397957457,688.9032685158545,626.6824571437197,612.9538821097862,607.0303821961363,610.9107306339857,587.9084123187291,610.693289592821,604.5261657886595,586.3561206276711,611.7396158038871,586.2897298751501,641.9638407720472,616.4306372709183,582.7423183421356,536.9535934172237,538.2381355538009,553.3256187905931,593.2779038855593,530.9219521796491,534.3866646007132,519.8799408291188,549.7967413859025,535.24799283782
189.8036480652465,176.39469437015035,182.917555998013,176.3178480472618,166.3020497749443,143.62986348997782,150.87616300895135,171.55751856807274,173.16720222540297,146.73651430047985,142.40216276874293,136.88811470969435,142.18126408009618,126.98975772232882,140.86148908858627,128.09320167456963,203.12441596327037,207.67171078855068,201.8736326827729,197.56596763113131,209.0577857136384,201.3436411271868,203.51961544896545,210.94619035024903,196.349424796731,200.1241860444107,203.7642454613681,197.73676024419296,116.33179682246748,117.60681933514871,119.45867894165488,116.91895029331336,121.15359121796438,168.1578578828145,172.5484268391477,183.669624179472,176.9927934444637,225.49852386969968,226.38941066374048,249.03953935983523,284.00274677024635,272.5720914737172,275.24260267435056,303.4182899763894,403.1074327907654,373.684573437732,518.6349807158367,603.7581466350387,537.5132603045117,529.3488924009786,363.9055545915166,355.0359507277109,354.2919509343961,390.57078306507833,401.2638003891052,368.5502243415769,384.31700606299046,370.5034745650201,388.1351867234844,401.7386265860176,384.0170252477489,396.559591403013,417.3188572083852,409.0012076214613,408.0816584579521,408.08601628441806,505.3681119433567,461.8746592829379,447.3903762803595,448.2419271527696,449.0380051507941,476.156585754704,440.8262962435471,432.4438611986984,432.2005987185879,453.6187292779599,412.2633685959546,433.03737269833937,425.7367044118674,406.3314233819752,388.95792343424966,391.979581382249,384.793057891473,412.85290765333536,386.6481015215463,373.2127726675122,368.156704890663,352.69305595943814,333.0055499482568,318.69953156963084,532.6515450352201,498.8695615651229,513.5051496814478,490.1487663696367,465.2024377356118,471.3570080056558,503.3347669912389,512.1105393429649,506.5038748836405,509.84718559161047,501.3713669486837,492.6513778526446,483.028984952358,479.5500929346885,494.3903090347226,544.8835075535115,493.0615555605112,484.56131060697015,535.0199592864617,504.8616277550963,530.1660840813265,559.0564972065087,521.5170443730358,539.5810038486555,563.754026348213,535.4235791452353,509.5663655481404,502.7033893084766,489.029386993278,486.8837938568055,444.5507874811125,440.5992219531626,475.5283643507499,434.5978020178328,459.0448085262689,439.963541013844,286.42701834871565,277.6095482506206,276.6518597271805,275.3340328153159,263.912065997464,280.0935435797505,247.7562761005359,253.1731881281944,263.5682058701456,264.6395812191818,230.2383033643264,239.95759480641425,217.7569655836176,235.66707645755312,238.6819066000943
189.6351206470525,173.79774643376516,185.85164002066213,183.405012001903,174.09482344186705,157.50997654018124,161.65007196340034,216.1161140822702,224.18262344378635,162.4495731390958,147.030625778619,146.38790421156887,150.4623260173449,133.38292282653777,147.39083128959646,139.61777504893467,114.68503347827664,118.56202770540996,122.56495752454433,117.5916379123656,128.16974030462106,124.15199127512696,115.73871786229743,119.39589195870892,115.51429958376654,111.9174621971978,119.54720664360757,115.91378522488723,113.04773338401448,116.98859473867591,120.36539465440012,116.77223156295943,126.36014900791902,147.35359461746515,146.27982112584462,158.62005638881467,148.97120135746084,138.53695234193336,146.92913502520233,162.6527680206839,202.23726866644668,182.6008144797341,183.55783049109723,211.82077503487437,305.7512336540209,270.1922504046371,331.3937297152773,341.15999019437294,330.47431996121963,343.6907808663955,457.898018887987,472.5878780138327,469.404448105964,517.7212135014449,512.7171318188332,484.0198374668149,484.273159841744,475.5441281624568,526.8613053684841,545.6921995286854,536.9519238085016,555.2678442245418,591.5956706419923,563.6670497062852,544.9700968155479,532.813000920243,648.8803037866755,569.3247283264371,544.918786757871,554.0892320101635,584.7365499345069,595.8761532985608,554.0193877618162,567.144591890324,563.037889484138,563.24335690363,538.7026922968319,546.0588991074725,562.6548121533651,541.562281695688,512.515148315486,498.3847843892942,492.78548168590856,541.3437408527861,518.7679847540593,529.1566908043208,527.1526265398636,488.7266387590106,465.3156422572443,447.54429014394526,433.1551094086434,407.583715204507,407.7900665659657,386.85841470847765,364.2629700063772,366.78304305860337,394.5824923970393,388.7750453320394,386.9595061066892,387.80029906722734,377.40179544946335,358.2198021573513,346.6548971679806,343.5730552786316,445.0742107997701,471.756667168887,411.5536952339816,396.224670646346,425.116841130639,397.3189769184048,330.4405360386507,348.0613739582634,342.2515743584112,335.09679206642363,344.9736572245711,333.8552278105348,320.1927619525072,314.79346439733825,317.2719037014698,308.3891675274512,271.0430262494021,281.1433873034072,309.78886452260645,278.0661133552518,287.2757260588365,288.85609937163565,331.68949889449294,338.37864589934253,346.6895602459437,302.2794335695656,308.57910843106174,310.92854066135124,278.8962894759011,287.2517472154531,280.27005341988786,290.33941141300033,249.1338932991141,264.34988432923865,226.473203748522,251.60454447750277,255.30083343155823
259.9380649123256,252.97827079912017,233.1829116070616,241.21850035617703,223.27993734543597,211.702970038847,236.5836297682997,211.7300423011684,193.80292520674575,198.8237717347908,203.9903256457615,219.5606503890684,200.841446612776,203.25495175335425,189.38322073752093,186.0851449133341,106.05703591602004,104.08491098337022,103.67884736647412,103.18299358318582,97.1257380400548,99.32787442486212,100.31792392793383,92.66481499278576,91.93738705077796,97.95782059211716,88.8540445952922,88.09465503108511,172.35659971415313,173.74654122550945,184.9206282559189,184.3472839968144,176.09775063780367,122.20030039639032,130.78750790209455,127.25575031578778,126.3177670457791,104.37995250053308,101.32385465649556,117.06861637786812,118.00883149743775,235.24157766252512,227.482089286446,169.0308948599249,156.44626398950504,220.4575601861785,237.32207661324128,245.74215674301652,263.2331717591876,239.5826699210484,418.445799425413,449.9628502847762,429.567950551314,390.8739953185068,437.7825792429288,464.062005241551,451.2407488139296,461.7255911486034,475.9965901842722,510.6375871313718,459.2454674900532,469.2095289974268,461.5561472222016,462.52452763446144,448.3405622740845,445.7030304890207,440.2351055747091,466.3200872252279,475.96448517430446,602.2756616335075,659.9112068560388,554.7781933783987,455.7406794568661,432.52028386009215,471.2151113784326,441.5802123288488,481.5976785930751,494.8248581848356,467.2517657394762,632.8125350178666,468.8212985032252,470.82856065919367,459.31598229350703,471.6119539145768,478.9927945133337,448.2682126538951,437.5498713395968,425.7526659378175,407.80638031614734,425.84488679064935,240.1790032335094,236.7898843683968,281.6208261076094,225.2370297150869,238.12731707014197,229.85299484399,230.18724982603592,229.74194633741016,208.31730969546103,223.77130573405069,233.18188300885728,238.37856891069868,238.26712551184457,240.18523488571668,264.466673225706,236.1888635816545,233.00202284649305,237.7141520691165,255.5698051277901,278.7872085545416,249.88404844154823,231.9095730932663,228.68424405784023,243.79112805452573,222.3798443047384,217.95263477062676,232.51649632330256,264.64997099174707,229.88617293950904,216.43707146129177,208.30540808977148,171.75312148657716,177.61883791809058,180.97500530852875,180.52250060557253,168.11248200899058,287.116206313826,331.9431624516627,336.7525543184911,378.6276404758456,354.14134054419503,302.75191962755605,291.16476015786435,305.2433579817749,290.2994878216218,315.53997672369246,291.06288141253566,272.941815427105,285.5210827618257,330.99642486868044,333.73524079303985
307.44962738877496,296.27756969113034,284.99806232553385,286.5638643019484,248.8831709635846,242.63794322545843,264.64637508563885,243.70656183902597,225.71756607430123,224.720020952592,231.6757640235022,250.31844076868788,242.3974921714436,236.83405314468223,220.1297442293061,209.24476818580055,176.38632497176368,170.2720818372572,178.75386460616616,170.38408401971972,163.75895771532916,164.35564636566835,159.20849637038208,145.69631168282655,146.51854290732726,145.7600594343539,137.05042745038915,141.1679848847963,177.1096965799005,173.63385540695688,189.52946743461447,181.77007867866607,180.18186169627387,160.5799299254629,162.26398026161718,152.85289387093175,155.8448915637705,153.3821185309154,157.18029060376858,170.79383236954538,198.11977342717103,329.9311364139375,299.4853817808031,253.18153258775413,268.2243189700302,303.9559067350182,284.56421142299934,326.6763119182818,367.229705984361,387.2542060111508,543.8295750100859,583.7618805602962,577.039360067382,632.5184661802217,602.5215692653065,604.2380956597988,607.9744342755922,619.5338807880975,635.9283242499372,635.0679872534416,613.1021965162221,618.0101707497352,625.1003487293549,602.2477730916614,578.132787471284,579.1143803402786,557.6714493799673,608.2718661541758,641.8641083741072,818.9724291578888,957.3608013670018,849.5901692439772,648.3599629658127,592.1620454786283,642.4732214668173,602.211591493842,680.6272258510073,724.0907817958451,762.0084375976512,1104.3672452395283,840.89160975993,826.1614256193906,724.2681692598785,771.8601122182433,727.097231247252,640.6532691776199,591.4934912664474,562.0203462245064,535.7349188063696,555.679408917253,484.5000972980252,482.1878140128658,563.757709941818,448.4942394927348,491.0101945131513,498.1076881861257,463.6572428629926,419.1987103777771,386.429638127849,395.21937083246894,386.82027913082726,428.42072378240056,402.735972885352,416.2133332315662,416.7022271241971,387.3803318164941,389.9726954467442,379.3380492685292,403.4160005017101,444.346551179022,411.10625923113474,461.85941377431215,434.34135293490687,374.2285118380006,361.6805677805234,370.3114257705471,400.3892588357463,408.4169691777572,400.60157295503177,384.55384780747306,321.57801425049473,304.8580782607724,308.2336605912077,310.0327703266132,321.4538915517864,292.8348311882972,358.18379457557745,374.9048114988223,370.7342598163538,405.4795359718815,427.52282909011313,375.5713666128053,359.73881194119707,356.63308503361407,335.7797404664936,376.7191290065767,365.2407291542974,344.44926887165497,365.3133633266697,414.06759298418825,409.0290710444182
235.9198576019086,222.72314659425544,223.17213416740583,271.8999222049748,236.1665177411115,226.4921573835059,237.4250864321775,204.39658405901136,227.774586787508,204.076533523453,189.1909462934388,195.77218827460308,193.84394888854507,185.8982781969476,190.3425113906128,178.27702266076577,147.2738617215245,151.77432265150026,151.80223527942815,140.73268447318085,145.12606312347845,141.66692754159058,132.17370338090367,135.63532755573976,135.42230417959726,134.78595523725824,131.08049720362226,128.38646092938637,146.12267029238055,148.92817929957545,151.94770623023638,147.42972752285064,147.02686055437238,130.99279776755398,133.16245998627653,132.60616949798634,141.6644087759347,132.88973224776302,144.25168708887583,154.6479254881253,182.5973985874184,205.40345052786185,220.4103585841862,209.54273579990368,268.68755372437164,344.85203861533813,334.98729688364455,443.14777354109873,523.2014894888028,513.3157318848323,769.7190314400124,773.3231659593557,738.3702614334651,873.064583978521,886.1192033367012,791.6401843552914,807.0357994418447,870.3158717289988,874.6808125978789,890.8754873419401,788.7428776806605,758.296731294472,759.6127130296945,693.588606355342,652.0265981130221,678.8441616825669,646.7272954990392,676.5274624539818,704.6916763254459,776.1306349644863,742.357346604296,741.2265640818151,668.370540698252,621.4949185178411,681.2628104457311,638.2003333623442,690.6436586956679,709.4542218241194,896.5076373020198,1149.8890501624674,1142.7037993562678,908.696858573452,772.3103829675484,749.1390819893295,703.6732487300517,650.777946735553,608.2032848595795,608.178831886507,636.6861023227574,672.922348250029,582.1086087944034,595.8404679694007,631.9719128531202,551.1805471315959,624.2189000164556,613.76294075711,625.0681666948797,574.2404240623499,516.1104678585066,534.2496465180014,526.8942578646064,569.1035683943742,555.6371256608782,582.8008150458228,540.381587406128,520.0840388363539,557.4613311574177,543.5482730482454,539.5087800605562,484.9209382150899,457.87424384245423,488.5813393078718,466.80255919862674,470.0316081264184,469.6956027647123,468.92154996562215,456.3967232779462,413.3524636691879,427.7755964333176,397.66482098888537,331.5676137444315,328.35363273226966,339.05655728993594,345.7347514705769,347.1915233246985,319.504717794078,335.0534051909667,327.7140896293943,302.49718061247154,305.945486386889,311.67349558057094,286.65052485579565,277.86311539887174,295.6691570415485,285.09639228747494,359.86176892474344,381.23708205944826,311.1005035515925,300.81504312455854,344.7619992383064,288.9960266695658
152.63681052780487,143.56771480311298,143.57884559277974,189.9067106642221,170.2706092637385,161.09954895911892,164.41203028457215,139.38682197042866,166.8899340264315,143.98949734410252,127.3684946006071,128.534130366155,125.08038643412284,120.30950326172496,132.01394075713625,121.0606184836616,124.2484112217883,128.7719961161977,122.05567309936534,114.41906350973966,125.48741308177732,121.23457287778452,112.4518638859898,117.46803322615158,114.90167636528103,114.91074006541145,112.12078681033532,107.36226680232384,95.49492154373544,99.69359447922147,95.72492503565316,93.73616625830424,92.10210172512797,105.35501989978854,112.34803162391752,116.92311236971877,126.54903107303066,109.8891488350004,121.19134418789564,131.16935576938607,153.30233083461647,157.26229178882326,180.6218976569458,178.981698943614,234.36637822556176,321.6256989228313,315.95978280696335,439.2129077097552,526.1713586164875,502.4751880309151,603.8585988171021,587.7604949754635,584.2616005962101,705.6352177968319,733.5312563813707,632.958075251945,643.2546485386858,711.7903780524566,705.7799152792722,719.9098451843447,637.2684867849549,608.3815811077046,611.7260674008876,553.9097886773754,518.6348624581408,520.3305656135288,488.7632304961259,503.85576623998,519.8846411570711,562.6841835978188,499.2894876947461,510.6103884813188,487.7784933044729,458.4421717165328,495.9582698298952,463.48245046266334,467.1814772312703,482.5244035292505,646.2867009540073,799.522315224322,874.4766454502459,645.0949126537332,557.4984098617078,500.49505129579535,489.559113557988,456.9664082781016,443.6794701582404,444.8847280913632,467.3290014879588,488.7809954116269,545.7904361645443,574.2299968351601,603.0857513398463,546.516525041818,595.0323696994966,573.7721336269261,607.9151595920832,567.8007998944398,497.66388690350624,515.8530200045684,514.731906464347,541.3907957590366,542.4771495751492,567.4078467002231,545.5733514075438,540.5064106541951,572.8236056442889,552.0613471022906,510.64678384142354,475.5896430423344,426.1161695189528,430.8816650134652,428.31554240464754,448.941324501861,440.08861277417583,422.26020032253626,405.4054352444778,366.0964419984043,376.354395884249,350.3699661454671,309.8332777716614,310.6096978536977,320.745334329804,319.2430120078534,321.09841712036285,299.82457136645246,237.16202947298032,231.3033279806601,207.08529261563416,209.9110646742332,207.93570002977177,196.79688678708155,192.71061763719905,212.3157838292085,204.47845641093087,266.96642633096724,281.6412189777206,220.61107166380708,208.52638115936443,244.7764551371352,192.88071393429055
221.64607334096803,206.015075633274,206.01321992107324,233.3669051555481,227.47497402343453,217.7851081693622,224.63160048533163,213.8772068540441,231.4842907278709,224.1977870020884,227.58468142391848,228.7737188143482,216.78472041870592,208.70982543041364,238.1615641288752,217.53349833299035,188.65805591316249,189.13727888311087,174.22602032281924,163.2619477211411,177.41534076948523,181.42518387613748,176.37660741311043,167.4821443497637,166.12253046498765,156.21670758668722,149.6140984678558,145.42277352060833,159.25382628502308,167.39871140777777,163.56864900405438,152.69196858197742,146.574966815623,127.44972817147496,132.3197374044573,136.48432666445495,139.13884003689395,128.3306050823242,136.74095931011917,142.74198476454166,161.71669316035948,162.58484636599567,181.27984418458627,178.71715525475489,214.7764525253461,306.19737533655314,307.0743054878269,390.1723032046504,427.2030243667571,426.1154515783724,597.3647000499775,569.5879185874013,620.8297085876643,662.6977751723336,677.8999023112426,597.0513306974158,615.1016072553558,663.0849969207748,679.5638335132895,692.4268566443923,646.3295124665971,640.068220326749,650.4772299756465,588.1075861726197,562.4867554862943,572.6331345330708,564.737362985217,588.9200459982857,624.9115656431001,634.7065004978017,574.1436209373908,599.2988451265745,588.4855463168246,569.3059992029912,608.2024929412474,583.7602556045236,580.2832625541163,603.4107302537599,711.3568635248153,802.8636103721198,831.377971641726,742.7462217164046,730.7076800999941,678.5729913983699,639.6426485153112,627.8173758245017,643.9449344599153,610.2471650076735,599.9843367586126,636.8749132443364,565.3494944186003,598.2891975608073,589.3891157720994,551.7080459277581,598.6617166182967,573.2591991346485,592.7757873630899,583.3571122639188,496.6043069305198,500.9097297938157,495.6402795654519,526.2904593931958,514.28650055995,508.1070630762195,403.82752163856935,424.9110399352568,415.8222968970946,402.8089667176525,411.331703375706,398.25682493123145,446.5683492410344,478.1991769430301,496.5097640978491,457.32459602887775,465.4188967684746,418.70349620995626,417.56290417938055,394.3673357946964,402.1572738260022,373.2474583324794,350.620505772777,349.96568851473785,348.44339027583936,336.91933091743044,340.6798921757732,324.8520312886424,348.54406588601046,355.8684602383393,311.1041876188351,318.83126716837984,309.1529054914424,293.82246232871245,292.65230277580315,298.92167252585045,285.7415141147386,344.003640983567,358.4036572938906,287.414396763363,289.5944168117257,317.5189260365655,274.85112190848645
187.9014844723569,172.31142460571743,170.0511801738707,169.44981470121894,175.7765968678242,172.55108940337223,178.03785029580737,173.5365997069005,180.60675447891623,187.08058091479907,193.38139575860663,192.67480409234693,184.0858728500449,174.96349738250507,202.258619556788,182.88756190196383,179.80434684812855,174.88694340294668,166.663059413642,158.15585253221906,167.3785105853695,177.63592602940514,174.125344441018,162.31087980800285,160.72167104786632,150.48229910067542,141.10711256372394,139.37091130856348,135.9871885949248,142.49103465309582,141.07510722660717,131.46729460714653,124.02872989378103,122.88458147163996,126.92225586215731,127.9519509397219,129.11648862885076,123.18151357779436,127.40547254929513,134.11289260796954,146.48414748733094,150.74247812120356,163.06437828225438,160.63757548189665,184.57134071842492,263.51488161140486,266.79286744335616,316.8636638516811,328.50412074389766,345.4271926922446,408.3368666319029,397.4339630712929,457.7971038399533,451.5947746110412,460.92994610739805,430.6020959023088,451.06861721436,468.73992159671576,472.19831205687154,472.8785642521301,462.2845959339319,483.2955809682427,502.2934048152907,465.3720524765292,448.28635102215446,459.1309129965441,456.08610886344695,473.2151426656855,521.7861230661273,498.8273494733804,465.5951970159842,482.2104872124149,474.96515667793767,473.0404347998431,498.5263199432022,488.5057624472866,474.6874121854949,489.4158005531716,511.0642703116797,523.7034670016301,505.3526253394265,544.0521781814113,583.6073370346006,571.1460487648252,532.0439214308009,526.7101956936203,549.0758768439725,516.0906134138087,495.69163346009,523.7426844100571,525.4645896665725,546.1007304794588,514.5539760741694,493.3960123509432,530.4622909141506,515.8764709304353,517.1097971527275,518.7503006130138,450.5006812459479,464.73047163932017,459.95259737728617,477.9231477847025,458.0861642851533,439.29518639652935,384.19555378858337,417.4856223001586,399.8960191070898,388.942805944597,414.78200493024144,414.6077521693791,443.3918867049605,490.2333961687416,508.8536641888689,435.5490247745319,451.02323895719366,385.8872765089801,387.12754266181554,376.92275477238087,369.0934993278876,341.4905098881934,330.502821506591,338.2502605630137,318.2315166842318,304.2554761162062,295.8870649677303,288.9043481730963,293.3915513860039,294.9388080293677,253.63401305550107,256.42881389189324,247.75963008713924,239.22465058971093,240.33693712596016,231.17327126276055,224.34914978187572,247.1562050212804,254.5221744893944,214.3223991111371,223.6451339708166,229.6813888467139,213.61345150014287
196.43123079846632,170.09453886325903,167.92764419657786,164.50153684722568,171.80172518944022,178.96820289141513,184.27570148247904,167.54861157590278,169.89216730380224,172.32798973049404,165.1949771071602,158.8723195152159,162.63096502902994,152.71697728403015,174.74905878355386,156.80428865543476,135.36361701205024,124.34849341037084,126.09655094294452,119.2291554750762,120.02359385813509,129.55579721817332,122.29568452526516,119.82187190776057,119.33083338461114,115.03242120659044,112.51437569495272,111.80401307580966,120.58120717327714,126.31621908874185,123.86099865723952,118.0810697944658,112.50560939842217,129.3083127386466,141.32324376798817,137.11837551905396,138.14585260852044,106.696769857307,110.63644026358008,118.33605137184485,126.536728491903,136.27944669951845,148.10137885883066,153.31517417274435,167.2563386190813,220.20029067994588,222.99548005113223,266.0845679487258,278.47443433753017,297.8834430262543,379.1772453979474,378.2109973895425,426.8422658195426,439.7924757483864,446.73567606680905,429.7081630979234,450.4181156049975,458.9827200115885,458.9685098976241,471.131975052978,456.15750759549167,483.5164636423729,484.2778566827081,464.423457895835,459.2379443364248,491.94481586438354,479.179697142987,492.0213674268143,524.5009579299683,519.1959217966776,514.32590547172,501.01352096034094,478.65065356847936,490.144330896005,499.2760797349204,503.3218611290703,487.7615007558329,499.8322758199141,510.3406414583972,521.5865911931868,498.8230558615302,558.1799389123144,581.8717599115971,536.4059040962076,513.0648790770598,501.7847920615529,523.264152730501,496.9202500007966,499.5247446377373,505.55235442789865,464.96064462897175,466.38006760478976,444.288039944769,439.892336943953,458.7771781464879,474.2548610183224,475.9710749381371,447.940731750032,423.8509665703499,416.5273273806047,450.5614469483612,449.1514236571814,428.2051267026925,403.980875124702,352.3476310472259,411.13205912107816,380.704410099497,382.25603483691776,394.5730864632801,381.9863461645971,422.3056289068479,427.7495020467389,433.9853034178538,372.109736695312,385.0681181383496,349.0616163874642,357.1691940122061,375.0927080240074,344.7562351242098,316.44412167428266,310.2979883479008,310.4721860042565,289.28030085164096,277.64260743481185,270.2529275769225,264.7029595218001,326.26854096188146,305.8214694467708,266.91481811864907,266.75959166521653,261.07026895226005,263.6142633476787,286.2164177628823,265.94737960064646,278.52868363447124,284.9674247196337,274.0185055435223,238.14304267058145,248.5671494114744,242.6273634088517,232.9040013429166
283.55090285508606,253.41399158181517,257.9620295806449,265.481426180111,238.72384711310227,241.2502447160247,258.0930682713902,232.08482108170068,230.50359878863145,224.9504433937671,209.49154136907384,211.8225652914745,222.8440110312465,196.1806002733212,246.8262692491104,226.7546976361895,198.61363716727524,180.6337612282973,179.9285561205665,168.2691274086566,168.460941245531,176.43490433559592,166.4066262268054,169.2159022188333,165.4953781736534,161.22960792083717,165.11613036346378,166.4270595624082,170.33443738290532,183.1824208769449,173.29223177014194,166.16216604936184,170.64432313046242,147.19442533813626,171.43043428416843,161.67787624149997,159.34518868431795,167.79515140702358,179.15135029222168,186.7711345007637,189.86733164272565,199.6767190071028,209.19337044755824,237.96025634554385,262.80648832790934,304.74120740662613,293.99937696576444,348.1926192567483,374.35148555034766,416.7727202117128,473.30939034792686,475.5021396899804,501.7416297409844,546.9885339300155,568.697483696059,546.3228211078315,576.2260178207796,585.2821085358315,579.1155553646132,573.8454515820678,540.1242532812089,612.0722720306865,577.5881078928721,573.4299167614735,581.3496906507232,561.409360609118,561.7865337740336,584.3309370573427,583.573879751744,584.1365690207447,610.9851632280844,569.4321002977306,544.112705596125,542.3374295975708,572.6152902907749,588.0004317364518,581.542856975941,616.5006980523679,621.5589929483376,661.0420277098954,644.3717632767755,712.3394731245711,733.124424740729,661.644040295253,655.2018042680415,621.4990633621197,637.0130494294472,597.0010448689767,627.1046660795425,587.4474473881922,550.9770951121576,526.2930665199817,508.46345650091695,519.5581047576251,543.2785566620576,583.1466334212901,544.8400826538563,487.9677430240753,535.6269651508188,497.7879794105836,528.3202827013472,500.3114417606012,496.0820895099177,481.24630255501125,470.0576623236705,505.0066448418097,460.7358396185253,497.48532943263615,516.6722435138397,537.7732046247821,625.4545162489512,555.2267101652112,538.6002394664697,455.8033864220272,468.2229576764966,451.2730173233152,457.6445676451021,461.0325703135927,482.38505194563663,482.821098568134,440.3904494092496,452.3426817669413,421.645206518748,422.5109235213757,414.8431008029839,410.814185292448,508.1517306108062,447.7003964698797,440.0293107892781,436.2792165862571,446.45536980204463,442.8991044456287,484.2715473560097,451.3134304792186,483.3937479324852,466.3473818187829,423.5935625821767,419.0929239351033,467.1807016361458,498.4126597294074,536.6862674826448
273.8171751909195,237.33120077839453,242.74150255686416,245.38587733655984,225.54720185737,224.45316717157743,243.10642620606515,220.78073000322087,225.6386459727389,222.40109279774504,235.80437095913328,222.90578257964145,219.80796804453863,188.741099617644,226.4669086927168,207.24565057113333,227.40029175376887,208.78138324240345,212.60674818926745,196.40594076345496,194.5087521095216,206.3892818291863,193.03721431417264,196.1279377324423,193.2681116279866,184.56582818025188,193.69715222976015,198.03073787400652,166.7377873704028,178.44952516018105,171.12811421558885,168.13001524970088,166.71840578376694,190.92701832508615,214.87126441610556,203.29279555486065,204.88797785131607,206.00650636654387,216.95328932839865,225.0609932272425,237.71509479038352,246.3946643221124,252.6501203512753,288.0023238341015,359.78390216340085,382.6211505581522,379.41002635538746,422.21715645163937,455.7367726487449,506.2598883280936,449.9320127873369,496.5400894741831,496.1989219072296,562.2019270329583,609.5841568184518,582.2294876958247,586.5017803130244,578.7929411146496,562.7690708409745,565.9821431831361,531.6419219674698,586.9061026738937,559.0461226085666,557.5160569038512,571.9944049559464,539.593727828203,562.9736297220057,577.0044195366975,574.3410487557554,586.1345954685788,612.197500794599,565.3678843603341,548.3486516502938,560.5132747122235,569.6952993087567,581.6897967866371,564.4813244547205,583.2243722010463,590.653479434615,633.9867102274824,625.89863726045,691.2987276232086,698.5000416452502,629.3025195445131,641.6387576364901,609.9228137894966,612.3096892748883,628.0386897390257,661.5865698429793,584.7004355113992,715.7081311668335,664.2687981340067,635.7461936025442,660.6566581180892,668.4411357048086,703.7303628869914,682.5143652234922,641.771664399944,687.694940503193,653.9219527232227,711.2475626916082,661.9051421385191,660.0762833106388,644.8350842008474,444.37020901133,467.48264304263273,424.46429836992775,445.1276919810516,446.5324809000556,450.1287461480324,744.0185445327319,668.0169188802945,661.0819947504114,578.6216816760914,577.7902414741905,621.7104664040022,619.4463116094464,588.761819016323,611.9714053433129,580.6086213327626,527.2323997674375,550.1620648738651,546.5235680747982,522.9933583593903,516.8058033460136,510.6720711601493,485.72372596189166,435.755968053746,438.8796534395306,431.8484255676548,481.4102599128779,477.9654960857727,480.9355142952152,442.6717869671502,455.3979121307318,439.2502778459512,407.2530232482192,405.7895561958536,443.0665973410949,462.8423379559663,487.28296580813935
600.9923011124492,513.8997637620929,554.1659944495119,494.5392513531215,433.1141268399761,417.6269325147057,424.5961121062021,389.6039132307243,397.88082116393616,389.7591884283885,398.73103085508296,400.6473918994361,396.2441007344274,347.34571644367605,368.5990124790518,359.6267863950079,270.65841794221285,269.4091595527064,263.1775420757973,236.0245020774865,228.41084562465625,238.4121631229773,228.83354006890443,231.75909180266368,230.80064874014244,231.6579354288476,231.901203542218,229.21880685481557,298.0367063963348,313.5337386991481,321.27088915579543,313.8609285815841,290.0871956652493,322.1080765597822,335.9835570665354,328.711855680487,354.2554889285663,263.84091230159214,273.34403363177205,291.55758321412486,312.8747978199196,315.8211815198984,334.8570735683992,363.3756161877913,423.9007340906145,536.8523798498131,592.7349547627978,586.9128862417548,637.1582645217976,767.8368163519771,1080.726300227341,1163.7338016029198,1168.9935537516396,1291.9839287508394,1481.4027622426372,1470.438298438086,1504.522963135479,1560.9128926606866,1550.371877231579,1620.3449806430765,1701.385156058704,1839.204475212876,1746.4435392237103,1799.0948166776925,1828.205785224438,1860.3957136077368,1918.4913273646528,1945.99305238838,2041.1249150388917,2088.9452653627086,2165.2518516366463,1931.8394070722927,1938.2939347734775,1932.1141112901823,1986.5814276455092,2001.3784892399003,1915.424892860202,1910.8076439782149,1984.631183614246,1935.8415528086064,1887.211191836437,2095.82909090896,2044.0862591444595,2030.747060972464,2329.7152873417426,1987.9660939440855,1913.7333344228928,1799.0218060872846,1850.88672350743,1785.142720360451,1404.3683741646817,1311.7701181548236,1248.0834736420177,1208.8185152985072,1224.2389706762322,1186.291345322866,1204.3367734408705,1172.5885090195711,1132.292513773709,1110.181288729064,1247.2629011550002,1226.2162139219602,1212.817919479506,1148.515003756458,1006.3416317821102,1073.563075321954,1001.0960681695876,1003.4514396062634,916.985821070221,846.4555379927314,990.9747808278706,963.5620120523172,1009.6625970632108,856.8558777312874,832.8417468440339,812.2100006455248,810.8035491102347,741.2156484366917,740.065273436096,669.9218509148845,637.0056488898933,663.1127977834896,698.3497942205031,615.9762243026627,629.1779366976881,642.6284892233202,762.1901021104497,726.8316187187437,718.7511153644713,678.8432167682053,801.6681467619925,814.0271080819981,757.2924846316847,751.6618684639043,717.950100857346,718.1516258491741,706.0479860288093,710.7334233441836,727.3384495153017,777.2750843400721,759.5137075785234
570.557658261296,516.3465599419555,526.9591305125639,449.4815968834788,404.1451543662436,384.0245447522456,418.8101684194526,377.1977382570228,383.7726499399696,356.17874192228004,340.4283376961704,422.3983300280628,474.7965881766779,389.9618740732245,369.50906702830486,325.67699739544537,280.85720583944146,276.8648044547695,270.6528638629748,244.65129599616373,228.4521563644724,236.9972256477361,238.54772885024076,233.19011352615723,223.7778207426769,240.07403388621196,231.93389626387847,223.9171817755577,287.2982188229501,287.2808588478725,284.52716162025604,283.56893731180406,263.67438227582454,253.8546314129929,258.38061982015864,260.5167523714325,274.5363320646689,267.1548247838873,275.99233869365304,270.16902332144355,318.8079586886129,343.77887882724576,375.2446422259167,400.3321446145472,427.10036639643215,477.2979846067323,578.0187722098906,629.4197712279444,704.44032655026,944.7633428955704,1236.738875385316,1217.903600040708,1219.864716575513,1369.8533440213764,1666.3558373385351,1627.239203967858,1670.4565548474643,1822.903521751453,1795.65455579825,1927.4917149378891,2062.223459204947,2226.2499366721395,2118.109718546822,2200.167156075204,2246.7584936531307,2297.16088219391,2219.881944361454,2167.8700832274176,2311.469214545255,2347.0772657762554,2370.934788655817,2173.8215094496127,2210.589251147153,2207.3379242064666,2251.7004117122483,2291.899114130777,2143.79392343777,2132.9318562326093,2182.442105654794,2126.018654327855,2060.5209616899087,2048.7655254471,1908.8504382411345,1804.3532916701288,1884.2984697185536,1766.601904532277,1797.8408190717512,1700.403422319661,1837.239019687844,1878.634330666001,1681.6958034690044,1615.1111588977717,1548.136988081389,1472.4029797464746,1523.036459696785,1489.7640920584226,1527.8269788349646,1477.7654619408074,1401.1893369026943,1381.8828599383826,1448.2078388376924,1529.30900379258,1464.1487551543046,1465.0729555037865,1118.0892922546373,1161.4821466879648,1049.926549454552,976.6330396053454,911.4808567639142,856.321706684877,1092.253359426843,1079.3011220136018,1169.6059951160494,1024.9946734275293,974.4662988117932,898.4488187242478,908.6071886735788,831.1210327018674,798.7168724411005,743.1997809490268,726.6970515672061,722.7666523089131,696.1964452164498,618.9739142097783,620.9745325057494,631.5577038279675,663.3154915628762,641.6576156864753,656.1868376001389,621.9174470698949,712.320199454284,726.1529406054896,657.8635877124427,642.7118642238015,581.1642172571326,624.5011280307696,612.7683320608852,627.6682156378147,628.5548259321383,645.2657003264683,602.7770402442884
417.30085919274416,443.2070039263993,417.5827306522666,349.5377561044,319.9252745208512,320.7708494427621,378.1202466266638,336.27109682386225,343.75993247743,303.225545990862,273.5964126696632,397.7672258560804,506.7293410740826,400.9896786374663,360.1392344995463,291.19096473653167,215.15496842039076,205.9826222323313,203.16382196003957,191.19181642282996,182.27732558794696,189.28067003304568,193.8158931346358,184.7608361766115,184.0162748336558,196.9477593727052,188.07438112880308,181.5628576577228,257.52183789523616,224.93349613427637,230.4743031830247,228.59749160867057,215.79274386451047,221.33618696678505,218.7844797906409,245.098707325662,243.9073232971111,193.51237009705477,200.111364885411,200.3908705830457,237.2142997770971,264.67743696007153,298.74927127514843,321.96126643035984,320.582347510923,346.4336144334826,389.0699287674908,448.66126733179016,517.9415534856942,679.4979197296556,932.6455529290336,1020.524672561188,1067.027204650281,1289.742476290799,1602.09527073624,1573.081953336271,1620.499933406233,1735.5217441373115,1687.3442367092914,1767.5820550909584,1833.9997773847565,1853.6355675700515,1788.22978374038,1897.018572380798,1987.8613522364287,1942.6996407901647,1875.656328789,1781.945745543036,1785.0928522916088,1756.053292816624,1710.4400414731497,1723.9419747003717,1785.8197891236962,1810.9204743404373,1839.6016845970207,1962.749679107218,1788.3929497067122,1810.336178270098,1878.1060508377257,1963.7753734480837,1951.2551896801813,1912.5119907053104,1766.5531273900876,1568.1169177044665,1575.4539386517192,1536.0705090598403,1562.915553861138,1532.5266806877175,1577.4818701685276,1551.8867412374432,1289.3005930052643,1244.1422920083512,1231.232745444015,1209.944901115506,1214.0593017280555,1223.4119652723496,1308.3290458692047,1247.240041352891,1194.31945524015,1172.176683439744,1146.9906473383514,1232.1262340578471,1131.4974460814285,1182.5395779106636,1502.504398769198,1482.0833928979878,1370.6519091248235,1350.1546254638524,1247.178220788,1186.309011590234,882.4954805049987,842.5889925963994,883.7909486506747,823.0703868919977,785.4235136330628,743.4589946050135,714.1777650739539,651.9286506117136,617.0206810883104,591.4668334981656,593.003882038113,551.6653754244073,531.7795860226877,466.0185800196565,445.6021502267792,404.0165730703625,471.0784416914508,450.82955567485743,487.9265533466812,486.73686232542985,557.6084973512095,514.0604120800094,454.3804928174675,443.6638254218341,409.09219222205786,415.9339396962331,395.022194330895,413.31618471005766,451.09884956684425,431.0377999968461,411.77775101510986
223.29992470663328,221.65356504338612,236.00818706645367,220.7520119241165,212.54146166075267,206.4473305991473,239.4432776570276,206.07413473369704,199.19021734998844,191.8739283936661,186.2045341748701,197.6409714677108,189.7495897636105,179.97054120480945,190.7577585837492,189.73690279882027,154.38614844568107,153.1764335705922,148.89840294794465,149.2909722334343,160.688119672381,154.43005534318016,150.26099636550055,154.2394768365342,152.80274696867326,150.64781639659608,154.2476761983692,153.64700543713235,173.24413596842766,165.60129654986278,189.44102258566184,175.55869677717857,171.06289462017085,169.42102240671193,174.712607767841,262.84516887300447,237.2795978757477,183.80770654284933,183.92817975648808,204.52666993176496,200.5881691328288,238.15652373857816,244.6457830924289,297.8786803793134,314.9099407380605,332.47643150342856,380.0749550425678,434.735950848509,491.101695366954,572.4988539774322,728.4804513717478,842.2672187199119,967.0741630349344,1180.5521443131267,1344.2255777953865,1462.6324466446429,1482.92802113397,1507.6936498061375,1569.6676853915749,1550.83104066133,1590.3301209666922,1594.8519283814617,1583.1308696313006,1631.0451089472124,1661.916567313865,1687.3576952647998,1662.8790028148285,1789.4559439194554,1710.8072946596014,1729.5665157980077,1763.832866018393,1741.8081345597857,1788.723537822813,1786.686489661297,1736.1246704497555,1822.3584003324509,1653.8810021217528,1696.620147328143,1810.3817641296648,1789.400337627584,1810.845366572647,1849.3335560537612,2061.502170441929,1795.5889152944185,1748.3557097405137,1860.929257520576,1867.6851230315408,1818.0006990547652,1863.2225602848143,1804.699674345156,1480.326406353562,1446.8065443956002,1461.43044961178,1476.4306187313423,1424.7154551580404,1377.080722016374,1402.264482013552,1354.8813787567044,1311.5835380879678,1349.1694755720046,1260.5939757081878,1336.6997123762978,1306.9359259268251,1303.9932553554677,1512.8713125363995,1411.257219389945,1325.8026977816216,1277.833100106959,1265.783731052568,1229.7195162085054,950.727608664758,927.8953861386362,907.7455345440206,869.7364117738285,813.1426705496298,779.7904210875158,757.3741543529644,715.2460687187074,662.3950754151995,639.7827217514784,633.6150695724237,613.3653609057768,562.54281434975,566.951279801727,577.7860108134914,515.5441911440764,514.2157234780173,502.8691250623999,525.5147972633752,462.21560509836,553.7716457999978,493.59050868486526,428.4548581905842,439.1295779460321,403.2463478397662,366.0634654370798,348.65349519844204,347.997935500454,368.6755845373021,367.75343134895496,377.3582125068061
122.20035713173807,119.65786671467298,123.19979866490056,111.16273702186626,110.41614803888024,106.24776589956622,115.77777645759195,103.40739538615254,100.47574192579044,105.49902115018894,100.1001897680944,98.25227123641922,97.81608690786511,94.02147043074558,100.42445304338892,118.00058640127624,92.82049622205294,88.04752500071608,83.18585986311926,90.96730383079822,96.72555208347146,86.24790589767905,84.55424364486639,84.19531923929516,80.34717206516322,78.73418001295555,80.7080927854594,80.18654011157476,87.13407264679229,84.01529856442698,92.69760277143584,88.80943408997274,87.04931172266336,105.07078100007575,107.4631774579017,149.60061158880146,136.8049738588008,101.44144428587332,100.58536344479568,112.55606940640529,109.47586562202152,127.84744074357616,130.9350478131524,154.40991276037306,166.57895275731383,186.6402446683003,209.2557590186969,239.19346202959315,266.0120315765208,306.75572230695417,380.72563993468384,445.13418960477793,518.0951230381728,614.4321546256033,696.9557044668172,757.4973682634086,772.7368773694235,788.0588246760773,832.2142583735913,841.4001910820156,893.9545018760682,918.726816368851,898.698673005682,900.5695192075174,914.0434765769631,936.1718749317004,910.4569359423984,1009.325960407611,948.2315511492576,941.092408292056,961.9472885505116,963.8081836932552,975.3613771128728,973.1744485843128,976.5224328132382,1128.6427950684774,1009.6254450748596,990.4514754740655,1035.9222139262622,1001.6379120094716,1055.3750765971088,1012.9005920797102,1079.5408294316117,967.0183734691084,936.879664166416,969.1047885064856,970.5723615398452,979.1489366187748,992.1984149230144,991.592154455918,863.2233444824992,824.1907622866358,819.8223584648312,840.5982267097917,793.6904351718847,791.3639054888364,808.3930384099777,818.5550630573467,783.0943922278692,837.9091625457096,753.7089978283831,834.2061030458369,820.4131437056985,813.0106734542545,880.6818718760156,820.9214082256435,781.6318064101051,735.2116739916673,714.1468310310387,670.2056643223717,550.894559093961,534.9967120965293,528.3021288780866,533.7057635574931,503.947354360037,492.9112986792376,463.9958322915949,419.6886525420045,423.8865460560046,402.0911935847182,390.7904681869225,364.26717894058817,331.33791204575795,344.7265466015555,363.2764232724047,323.60031983888666,317.1866605180018,300.5541403798153,304.72378939203395,265.9966329635089,309.4526998621181,287.36357555154603,267.831373974617,251.8439351215322,241.66829106212597,223.73717950561763,212.14854657821127,196.2101288780152,218.8248597181108,201.3711512297778,202.40508660807825
91.57292700242094,88.69650354399343,82.43378421314958,72.96252391877512,73.4311252571889,67.3543920867391,63.30537586236926,61.39090127090011,57.44234347570866,59.86842328049581,60.62581115650942,56.99963651979756,62.22578172319552,60.06824119177595,59.80046853628512,66.78802532245648,49.11109964451938,47.54394335533696,44.18457679094925,46.32054687150973,46.1897620435704,41.608981054558,41.38541860165041,41.81047814450957,40.44069232637257,39.28438724641887,41.80658135942049,40.32425197666603,49.49296065953461,51.054585649015145,55.05183359428324,54.90976153334781,55.45326921114192,54.66134975243583,50.820259151932326,53.11340741610938,52.10652071593315,51.04830838818516,47.39976627828072,59.02235809896517,61.36322635649869,63.5946659668176,69.28624948374109,70.03514586243944,74.25288964470056,89.45031625319834,93.22503578718931,111.2000516901738,123.89511067528176,135.19745219508056,192.5498452370344,220.6705124341028,262.45202623578774,281.6076511407779,296.416866978936,307.4190151189745,314.2408849016688,326.0669086398695,345.89556996729567,350.20120496787706,416.6906684141985,378.1845502972085,386.33537417697823,396.1532168579225,413.1706174896462,395.3638106691008,384.8014568115494,396.32106231424905,374.54457576371175,362.09764182523065,365.5831425511839,377.7339355166511,361.7401753043164,335.94000329362626,373.9289903872219,419.6825730495385,391.9191794713345,387.76482001409823,417.0842466665026,400.5790834186272,461.3983994088627,424.2295294566542,374.8792991501341,376.8482732799853,380.76513696959154,357.1250222423069,375.1450303744383,392.154778505353,371.961481958028,370.8038079185218,310.97110847669,312.12165735717605,313.0840739802803,316.3716012270358,294.6228543779084,301.1716396557647,299.52282838168867,314.2404926052354,304.3028351456054,321.10941597751616,294.3706202408255,299.6215829395077,308.1459322190043,304.1808186253867,332.3739284473767,321.4613531575084,317.07490139685126,317.3161304067966,311.81174389918164,295.40719529837975,252.7455173195465,258.3118304631921,236.31975893249512,246.99911714312225,241.31603683145224,247.1814296812746,297.3621518587956,252.1203414727833,248.9795710265292,231.60032276051817,216.75856718938292,195.5971913765953,179.785646634424,190.75507777235637,218.00003564670828,195.0548126165728,213.81491785841249,196.80471816443492,192.2088014372508,180.3776277199017,197.18024343043632,187.72914766839287,176.02010662729475,163.37237439053754,174.65632492027086,184.19389344234568,173.89214783550722,146.71065803496433,156.05416160604227,137.2742663133581,130.41154277380278
97.94932030406028,92.31319702060168,86.43991226429469,77.505149532616,79.7732054834693,72.97384904990284,70.72433027654019,68.7798743958167,65.83466948829145,65.77465847748607,63.46935596710438,61.53064667168481,66.21014632732421,61.38991952416824,62.36697046825597,64.51947380247054,64.53263424152067,67.16627875191513,62.7743750523155,63.32858787127199,63.83436789573976,58.59097796514115,59.22208890455125,59.91907806838064,57.75181447377423,55.56213324754392,59.88636862928283,57.55065537049696,53.80881016061021,55.95909159930667,59.37754495136655,58.68461737618724,60.20954522625336,66.79185450326871,65.49133507249583,69.47702658769158,68.05616627362637,72.39864578440564,68.9620261676085,80.6276440096068,87.68960192874393,97.82978729825608,110.66890663976864,106.28665661962738,111.47197244954752,133.3644239163984,138.16453148278433,160.63900765826028,175.64610578317863,196.49948833814463,202.83459691754467,232.8329309505251,275.1084312133416,292.05701372610133,296.2924539007684,304.6564610496138,307.0737182254257,315.493451374773,336.21459390768126,332.5813413321496,381.3570276353289,336.53536887577286,350.06948143284177,370.562983291415,379.60616444215856,352.9739665392703,352.81883080012926,352.0172115279996,343.40322915407734,334.8297997172476,344.50365928691207,360.41810932368224,345.9269570244528,315.67506638712734,350.30321986158424,374.6647704774794,357.14244400233883,358.9298407050454,386.1395186044627,369.19457395397353,407.4186472907893,385.2544536459785,340.592411894709,345.2965929156994,362.95236012653584,325.7934523507693,339.4930301586434,350.5407700908835,340.01912900615184,333.188284452186,365.9910263090669,363.208837835725,371.8566636619817,377.7204960312824,358.4802910478646,355.8028644624943,360.6031872035643,372.4219895748057,376.3962549937556,383.4712756788029,354.0937843889191,347.7736312208613,352.4401091939122,344.0107756304677,303.224680544241,306.421536049754,301.7792682948617,314.4226453940355,309.7958500217438,295.8075387993953,317.4523989535285,320.6814570601504,309.1237456396544,317.51495896820785,316.49095934061086,324.6691772761464,364.2400462100537,313.8676845079576,317.2567557414522,286.61595540695845,269.61610584154,247.84591388938043,231.10555212825864,246.46114415982265,273.7229309111761,242.8681104878584,210.9335683172077,201.22281135067144,195.15878777152247,187.854265639806,196.1121408660872,189.0666844192247,176.9118346778278,167.45598356046145,180.57759100007613,186.81440800468476,173.66511602998705,150.74387858435935,168.63148561078904,152.46169222110572,147.35318384324464
490.7753795070819,477.20577390467406,468.1178033767309,437.3193822166522,445.99343283305166,396.35336314816107,406.1992670320615,405.4479825083742,368.90954553505367,408.3001914445103,398.9831578384496,389.9624444959955,362.154641874528,314.3322262126592,323.1332047449672,338.3850314536738,309.0130120424588,332.72900221358594,312.0538483955277,302.2168544804464,320.96062894080364,309.0447019040051,304.6554744275165,296.644371534736,289.0734926437247,281.12524723182366,288.1738974186811,283.3041284802312,283.3894540273158,277.5767819029471,295.6982574482974,292.2802226747447,290.2523832175521,239.86149342261396,251.6419490764669,262.4112185955438,307.2084702964529,339.22121249138314,314.8318983188319,329.45569148719846,367.10671845203376,406.51248260427815,449.2722140047964,437.9296461068897,482.40731521662127,566.7300094493303,611.9373314890317,678.8242296660518,738.8803743304334,816.569649567604,854.5771570661499,965.6355346534644,1051.7993327375675,1077.9907165997288,1128.3177080652447,1206.8389515751276,1167.7152327114304,1159.4569274059072,1160.071182367686,1099.9448858146236,1110.9451923130755,1044.0892828203166,1085.425952591284,1235.4509613514847,1181.9227958951783,1050.5294613312994,1100.7471696966034,1107.3188444123246,1082.724805897086,1033.0966237638522,1073.4718663965514,1089.5881009364798,1058.3945523997847,1003.5305661730496,1082.719729740192,1187.6227018838883,1101.0723317297852,1130.191255566601,1223.6596805613804,1164.7706417625088,1163.2725531665312,1223.2358898999228,1234.4645775282318,1196.9310182863928,1234.978104487342,1091.3366217299233,1056.5552602455375,1067.6341590495751,1120.1893811457144,1134.404984131538,1077.8249633913583,998.7797530909794,1042.8398606024125,1001.4382836247784,958.292085166856,926.2884419977872,1070.3425914194884,1030.492518244061,1089.5053601793422,1144.304119871896,1053.6043903228333,1018.6873299107788,986.0738155105952,926.6658384541664,692.1496923578021,719.5518037205352,696.0849180141081,774.8773213289496,794.5592172142777,793.5497930083669,996.7135042227396,983.9504465800238,977.2908426119856,966.8689295709776,994.1871062994804,976.5314886213416,956.9762359415728,887.3186916374914,1035.3956808259084,904.0839667832364,849.4133779361894,867.0571405949086,840.6069321719315,824.9943000236065,876.6415269798798,768.8872554769384,807.8572334617411,843.0851310509911,825.922095248755,818.2004448717203,824.7004032045032,802.7605669779405,746.7587755042571,764.2044370805514,817.5238937357772,818.2217933250768,752.2921841572662,737.9327000321724,822.323930371241,882.5671267682765,827.1435025726497
589.5803981518707,583.2590779868793,575.3527587014755,541.5759043049766,545.9328920309067,477.3105868292924,489.9563769561662,493.1722849788167,439.013711930757,482.4162084984943,486.0545257779431,472.65083332771854,442.1747507143905,401.72243744999287,426.17459906104057,429.3965668662442,437.6714235954148,456.4530860736066,426.0534226058321,410.6818222180829,436.793723463285,420.12406006683705,412.7501877006071,402.8593817735754,388.1286308589745,383.7288931557948,384.9107055747466,385.1834498256635,335.88757096079144,324.6064753356693,343.814889653003,344.312052096915,332.0319786247747,360.6106265017072,385.5055274066476,395.9556171388395,468.361224781568,443.037586009643,407.92674493125816,422.0962176475382,489.8540630905841,521.1725546322617,558.2772415368751,553.5887350288207,628.6709129554386,719.9602143493257,814.6705078708038,890.5602153754133,942.016881251658,1048.70918333311,962.9661400574728,1064.8444136404642,1123.604654358665,1156.1329887652466,1246.6617682822337,1332.2589707134423,1303.009149793901,1283.194743421374,1260.0503575660025,1196.7150503380365,1185.799450645386,1153.3761584427791,1204.3894031833477,1380.4870239580953,1346.9001115852293,1179.1238309188077,1261.2079079557266,1242.1193050948868,1199.8321089939463,1139.6763141181698,1165.956403194128,1168.6136057921851,1156.1973541139798,1153.3477862639304,1208.9748638031435,1294.0459084121792,1202.5650083835717,1243.9568877387817,1346.4194751399098,1276.194818314949,1283.7412225230237,1345.996462518431,1396.7362547513037,1333.9933777885556,1298.511939830606,1177.9058959120252,1150.743862215424,1155.9077793222198,1218.1180409573797,1233.739954633305,1308.2257278620505,1204.874588786223,1258.488618505577,1194.7299840148055,1140.3949576520367,1110.4601974321674,1296.706155039214,1286.5614957105684,1330.8859646120554,1388.207762991236,1314.580325887078,1280.3082563982912,1214.6234527756064,1177.107387328691,1248.4149719415502,1303.5737442300017,1241.5330160679475,1338.583780037933,1391.7027398372402,1377.384080120615,1187.565525884433,1209.81920138306,1186.6658944713663,1201.5368033939765,1235.9422824854996,1217.113083217732,1180.7194910568553,1110.981686700528,1268.4715878584473,1145.6917517296513,1070.310726347823,1111.6802530897107,1112.3985997467255,1048.3780560299865,1103.5061249246703,1016.1974467781168,941.0108381295744,993.4928204963852,956.10443073948,976.140886520356,960.0043469292194,932.0483815124528,854.471487685488,884.6201362882904,944.673414390496,949.5089892386974,865.1677362895228,877.3391401545531,931.220411927918,1030.2648893055134,966.229143462402
379.8084027406528,358.6407072122564,364.4532670462071,360.22627931789447,349.3004705299232,323.8883963560718,317.5634872101276,328.6278663694483,315.9798161947993,296.5577572407431,303.01776318987544,302.5522189075015,306.1877613344599,296.1071133426349,337.58953364152643,308.7147755787089,339.6001465872845,350.1175918654428,320.774449568785,318.8803351432662,322.4240837972444,294.8506643509181,312.53416444717783,307.423837829876,278.3708073386708,279.97755084844226,280.5425071873791,297.2560819848537,247.3044280802968,235.2114038652874,257.2178287958674,261.7838437009575,248.29339105803083,333.8275527851663,331.10874706559986,333.46396505237783,332.7187418220014,300.4285413460794,293.038339303507,308.13124470547064,359.00087118836643,370.3431926782677,373.87613359832966,407.6030850995562,526.7217761942995,522.7813514813176,648.0872531406075,776.1330285235333,696.554801285597,708.5880820318825,586.4004637726928,584.3829920037355,593.8976802682339,658.4561242988098,685.4001272796113,683.1571153225955,693.7162170554861,681.4513958168448,702.4726950030465,680.0237461267672,665.6864662371703,698.6007670622628,701.5500650834683,787.0750976765689,929.6762331075576,828.357090335953,941.0658985679364,883.5555355583572,832.1058722171882,774.9846002341312,730.4774542391558,724.3628614791753,732.5518900160291,763.8564323977553,749.363826012777,745.6707714876453,718.1270564808966,768.2479706956952,805.7081198634501,772.3416928786655,812.2975082106894,814.5673984914661,848.1263684976071,823.9752090978492,777.3101204058929,736.6632899490943,768.5359799881247,740.1176152199114,718.0765462312595,688.5214449446751,846.7174264546651,782.0479547330356,828.6634540599741,824.0930489023896,769.6125802008424,777.1593007212589,800.9235543007535,864.5116526369263,817.4340955826171,818.504291557063,802.9852592754119,827.926240344197,778.761699813421,776.4555510398712,749.2908391693862,775.281962027346,732.9251029716202,716.6492699445778,781.0527170992716,690.9439133374841,715.1833894299062,737.6323489637869,712.0014029459933,702.1828705671916,739.4244823178109,745.0345171102555,737.4727125243663,710.4220512351822,743.58159533574,702.0897983112196,671.7093895830367,673.630790973519,722.7291757523515,691.8593904721837,703.5551809683983,694.8234130729061,603.9818780818708,605.6555621804379,574.9069318084859,568.4215454988413,553.720542066772,567.8704470976554,520.7912613595516,520.4435080313775,546.4705435002473,538.8292892954095,484.54815546868167,486.4973833311089,475.55210845551375,485.6991787511881,474.148914213779
278.47592001084604,243.881799692834,261.20133548043543,250.1439638429424,239.120879036496,223.7526651955324,210.54231594717984,212.8438235171712,215.3354115764253,200.0170612369223,220.5074685116343,215.4427253204304,215.2086044686557,196.1076431298567,216.4033267982713,187.8179665366601,181.95390184620152,192.18305351945307,178.61887414784638,188.3216720892703,196.6014239279936,185.64987349567392,191.6101554098766,202.3710784808051,180.9480100193096,184.21537442515427,186.16154049772817,180.70679967901737,171.78672378906336,177.20375246006773,179.32073937218485,178.81556091283494,175.67805915602204,220.18973018053435,230.99552054246035,251.63226119896436,234.71292006417403,200.5239092362245,201.90648656570917,225.11419269212888,250.03753023009276,258.3375155970021,268.20120618772205,307.2581442504721,371.6327444482273,355.639943670734,444.05547086011774,538.1655667305097,480.78128682059577,497.2653178856135,488.5011754842995,482.5406290070584,484.3481950079547,521.7099978294849,530.7252376709772,499.69286731118586,542.5358746724226,520.4600468741937,536.623094464075,566.1552775186967,550.9245344038852,560.0347054894067,593.3516806228228,591.0981145190416,598.9182410006945,580.2338052608227,687.2544224874206,661.1974232364297,643.259607820247,640.6845007155945,636.7259238215959,698.3202852191873,632.8868007789994,617.5070426260376,610.8506321714832,620.7200451156326,550.0309191119866,621.2008648028321,597.1767432631377,568.7134095661394,533.1679513696258,528.8309000099187,515.354211091256,548.4739840725962,533.8991192970259,491.1382564370499,474.0238107613338,457.494937763664,437.681347763018,438.3773075197885,497.7855917461143,442.9053761099929,445.4885941751632,458.308289049626,422.4527530330167,444.6526386610671,453.953320082212,494.6870431984785,479.6621186495366,481.4576645436012,456.20111509986685,463.23829287155365,457.9795541626619,443.3379636562496,554.402765771148,620.6495659363997,564.4778458089854,555.3291614596734,622.162252948771,575.35921436569,511.19575250445126,531.4032082269892,501.850783066544,509.2076786697348,494.7006478777839,472.3168053619577,484.3993492459595,469.787565958086,441.0664589920232,467.4347555611106,427.04182195910687,410.3961805366441,429.3163086947496,399.4699762164911,422.179166023312,399.8003014558185,440.0754549324844,404.2329212024272,375.9695354599327,363.1700613074199,351.1269199101943,408.1057726724479,370.0043601376113,376.5089215852661,392.50749127820455,376.1875459224768,330.61718254576294,348.0899389125745,315.40794034428023,326.6534063536778,321.88751784694654
302.3652601249809,280.9628644153213,333.72909316296784,324.50018778899124,303.5390142418198,256.5090094807909,230.8326026835664,229.062920363213,217.9857358519719,194.5663318039715,196.44646285175523,192.12525532294904,207.7932870967481,187.5251610184181,206.88376164695592,179.70230389034705,213.665773947046,214.48605121196127,205.0151181028394,208.3142680923772,219.36417106267365,216.6157833399288,214.59447270979487,228.38856956931872,205.60690981454775,209.4348624645469,216.90789413770605,207.67561578130216,160.1542015973384,165.23530089872435,166.79413775297812,168.46848359979427,172.04812261131485,196.8604468960473,210.9540398976508,240.49065801889515,211.2029007877348,229.70679336151724,229.44288492194065,238.01859178664773,275.34002669735486,269.5753155163027,279.9332684171639,310.7372346782658,394.2034529211693,375.9041372515533,500.8902415911662,557.418107565159,535.3768139569597,530.8225968283089,452.8486964274496,455.9893647874544,468.0652149295319,507.2788682590249,526.0495328960275,480.80178653980784,534.5766845952306,514.5472350825094,519.7390280633092,551.0854379757625,523.5490806881883,554.5234894456127,597.3130398702813,589.7201754978536,588.4612120105627,586.1625484651528,615.2654470157207,586.050365913069,577.4873148064513,603.2330325198832,607.499881909159,657.3888049034382,591.2677879332659,568.6853528348921,612.6094842201619,617.4492579633355,549.327809645367,579.1488827305353,573.96785251491,557.3183783566241,522.0522296220248,524.9770713219964,503.57878724839367,566.2727050289984,537.8217632638416,500.2809084345824,466.4409438536747,461.2116422331978,456.1093569780831,445.67481522808464,565.2228856162909,520.8766824493813,522.1014998165452,516.9539916237799,538.6686040733969,537.4515423034086,519.24212565259,518.025699670567,520.1497931194326,526.0330966248852,501.8753959446283,517.2596322353517,527.8739588692733,508.5042368419477,625.7780107481765,671.2669507902415,625.6055505403175,593.9162937360894,633.4004065883734,597.3548180566755,513.048476068717,550.1433795942087,544.8018716569262,549.4592237780507,534.9602954008784,505.34956377857793,511.5303747871706,506.5790855663359,440.65880885511297,453.8114820600813,435.5441140895124,432.9504499575036,456.83083587087634,435.5076432474791,452.6130090864814,445.9609376727139,365.9813153148559,336.9688928525834,336.81935105099274,324.27630540178114,315.6133975173874,361.04674037477474,307.7295509012208,319.4192605521184,354.468562116412,354.9718296659588,299.64751303771544,298.25681647860006,287.90152864325444,310.4645238204267,323.493691035035
224.0667243085529,214.7680399540377,193.6205320099093,195.4947353667434,179.97775280138038,178.4493632450327,215.8707992418026,203.3356206034709,173.2920433695671,171.4937989876644,176.3650492471872,196.518279324811,176.56150015300616,174.14098158998647,165.65975008380178,158.7829601524812,115.53207945949704,110.24971979437731,110.60903671977952,108.74649059418974,107.47893480688757,109.5617167392974,108.83592039271754,97.73443604859696,97.02738020221912,98.53866072405287,93.24323598280732,95.73879467561342,139.90797416668917,136.5335662811664,144.97050403485358,137.92623275831428,139.04522147193595,120.9796045910819,123.24485909678116,123.2655408429672,125.78029414611292,102.2441714605559,105.65033882982152,118.38547616765057,122.88392933322716,241.2116623550153,206.834519484348,172.80910963704272,170.06448774326,199.18142375097025,207.40168698746845,220.19762696930383,259.4690615029563,260.29023157710344,358.4833107180811,386.9807531708213,409.5147948399047,393.1878219942543,402.2075906271184,413.5118799912064,407.6234442691371,412.2927780161286,408.78543359626485,425.2231177585464,421.509697761034,444.77374425175645,453.3830806498323,447.20866638123465,432.8419396467499,427.0396186997212,429.4782805726462,481.05507290993904,484.91326996653817,682.8455172094622,791.4756879107154,632.8050619353844,472.28228998335584,450.6453874562928,476.7690836096264,453.4000072164312,438.5875185035357,487.5644821641183,481.65828572141066,718.7239287751821,527.7087592882135,528.9679526414601,506.9507816888829,499.28044126710114,514.9232315082949,441.4619708542081,446.9620382452042,417.1417920317854,379.8003859750426,386.9499238887177,302.5290054069438,312.3863299491134,401.5942482746782,306.601452382688,296.68541669060187,299.86891273787745,287.00406591673124,277.30417629706574,270.88972494268893,275.9168905217059,273.27242785790247,268.49368451903075,258.8904683713612,277.0676131346478,223.8324171125033,200.23622125197096,199.99409329525628,192.64370565803324,211.92248178292573,247.24126583994155,267.7891384804028,267.7064762122649,257.6509896330936,233.12595711651431,226.8447584023474,224.27605299906665,257.6295046407404,267.1927067691356,261.84832231383695,253.34725655094547,211.60592774899743,193.50176271710816,197.70476070112448,199.8071244029893,207.55572789109243,190.2771024309064,281.6349011677583,304.8218724768873,292.8088991667244,321.7168222178988,325.64642806665097,273.33388166975755,276.3489139740613,269.8554921278473,262.9896224814105,299.10916825480166,269.5677238232204,259.4822718482344,272.6278210461128,305.77016193649024,305.5995331632096
346.606954400366,321.7190796871328,303.9456802311677,304.94089449404265,264.61754781723465,252.29136325995796,301.8773174497869,273.94780414372553,241.09830821396892,239.42421752268856,245.38688910976052,260.4591420141822,258.769898976869,246.376810586306,227.84929214990456,221.66094585821435,193.19970803732343,192.0412737111405,206.6750024990262,192.990231808529,185.44868258477905,185.7347638403359,175.62914221946565,165.03647019090155,168.38218292672764,166.4884899093473,159.68581262196437,168.07094383784082,192.414207195787,190.46079517103885,210.22993530905757,203.85292227491647,205.68711626833849,164.7403393022345,161.86239470153888,154.86164633720105,155.59221192763448,183.25858539247105,191.21203790002016,206.3619277678481,243.43879774094464,338.287340351831,330.2951986195327,294.7612798589463,303.11423877210217,354.9200320775721,337.85030646718656,377.5397505485,434.3108381973065,462.6348479975794,607.0293203363873,641.7091926793519,617.5204662677725,718.876205840765,668.5362644947065,664.256676064535,693.7803045991633,685.5891828303485,707.573387314407,701.0225268244941,660.1669570511089,644.3672805836944,656.0016858541151,624.7192710474011,592.337454619634,618.2224121893031,608.5199431828073,648.8575696686171,661.907138659195,792.1422801103456,873.6614901273038,815.3139336468653,672.2750999184747,629.6528608712266,688.4701714230818,667.8821264144377,776.2333651877553,813.573777125501,859.7291670101947,1165.7404631974248,879.880128954108,894.7794372660825,793.0045619919104,885.378455655088,790.1238527569724,664.3231954469289,619.2666803100984,606.4202989763105,591.9355491303575,625.7276854814968,571.8453869661986,565.825019650882,604.1533445264381,478.86691979737606,561.8354457860182,576.3790370450636,533.3459039181494,486.5941233218155,459.4446761153548,453.3786602466613,447.3075595835664,522.3475520978081,477.3085196745832,495.58664794813313,484.468740808176,456.52888193069685,451.0425034813068,446.3808535868094,482.757158019981,501.8522463347062,464.74406651177793,560.6262328740326,516.4381852442606,437.6087804232923,431.5191936136295,441.7652580775527,489.5407561677101,468.3144915686202,436.895060078628,429.7343146569342,377.9130966297065,354.6775800833947,353.6054813434539,357.10593833022654,362.8792105846379,335.9507371439935,409.9106240599856,419.5361763285641,409.05097968579446,412.8296383076532,444.6113713692876,389.3082539622506,380.10737120003535,368.310475156035,364.364743212504,408.9072551406959,384.9706652056999,373.071462133316,391.82260647932407,426.46897705748063,412.5766573746431
383.15168663640486,346.6227405672692,323.7006082044431,352.4465022322423,306.47577151804325,289.8309899341698,324.8814058560579,286.6196928477443,283.7775906268646,267.66357132600695,256.4614045696202,265.142417434607,265.31748964184027,249.64595821686805,245.9684046782897,236.33643751302108,234.5433556026877,238.174620780729,249.83507654973505,234.58884322670664,238.445491083242,232.70890489081071,212.0570455817225,209.98428044320605,211.6547686528472,202.72345703129628,197.3841733215505,207.6521453014976,201.33046754785343,204.6049696700016,215.7802288579537,217.1148460029877,210.0367836424867,195.62549446614491,196.67123383538885,191.7612002244028,203.6786163003257,243.0378153115037,259.7034020917956,284.49815140161456,347.78550601469465,353.1048545180941,407.28006941092633,401.5762860188059,499.6773883026664,659.9100433934352,610.1406825588462,836.5872966222968,1102.698574582933,1086.7459677826744,1297.481031599756,1363.3986029206185,1364.1340124171386,1499.105331935172,1465.8212190954205,1349.2014920674258,1383.508889724645,1383.1274289549372,1325.1800588410308,1348.7714744326274,1222.4363717720985,1194.0570325648828,1211.569576747882,1160.6173818266293,1097.210470540021,1147.6220472116104,1081.396617089568,1088.4641370366533,1101.9762868418568,1158.2125175631925,1082.5802486395423,1087.5065665379,991.9583168191256,942.3938197595317,1047.9827840073556,1020.577533393334,1074.2178231536964,1103.095315647009,1254.735189418565,1453.9859655552284,1331.0043698331033,1203.8803687509687,1047.425386144923,1087.5810303237256,1002.0406239622308,898.7689831740709,862.5644236374819,902.048681103225,889.0493396339873,933.5180739859434,979.0791206947084,1014.1124709761322,1025.8112006151473,889.2069041202052,1025.931317762598,1058.94967312254,981.4758821868044,905.1322032252168,822.6600757848873,819.9029376514835,817.0376335605177,921.638063628707,860.9529947636728,889.9464902050546,628.1046898481297,636.1532825484977,616.0060428520953,615.1589836524824,639.3259642713952,586.3650235451024,717.3496735702048,812.4002568974008,742.0902968435016,745.1340529448762,705.0161124272774,699.7289608182756,699.7774184728188,640.5837180561351,621.1473703674528,599.383725433798,543.9974043488857,545.9170291561646,569.1501501384122,556.7014018116487,524.4971641153862,484.518199429252,457.112355312334,479.8044778166277,440.170974775866,423.94816456828806,440.3391478037155,406.36054579867687,392.931561396898,415.42072885204016,389.88446398568885,457.4453834121677,473.2311638213107,421.8135914900714,417.5485238232345,451.4718449985549,419.5636911221927
572.1243618800037,498.6517437704954,460.9090266557242,487.9508931792713,437.7360863961615,466.88875992838416,504.3802360056055,406.6000971207576,401.0631564092893,384.807107169592,376.0063868360237,374.4788985591025,360.48441662749343,336.30506799437893,334.8740716183945,328.59422265426014,224.8574424826913,213.34217922791095,208.7155258587264,189.4681560859132,206.0914298640058,200.81724813221717,178.21658350705513,176.1117985601156,174.15243769611277,155.245097424359,153.49613958647294,159.4339637200863,228.551243553615,243.8533074387768,245.08976223059332,261.66660917323696,248.0840251780005,173.7443860061021,173.11247389389274,160.64023767671398,164.7611138441437,161.41994832234937,171.68403075429688,197.0454666888271,275.9891819339807,222.102081198987,276.9029795594819,286.7844395939062,305.21319318931995,346.37477970675064,346.79072507778767,459.4503522712736,542.4459185470782,505.2468805341869,772.5917717640265,771.5731759637362,809.8838113893673,890.6208175221836,928.8291505375,923.645770376253,904.02024261576,984.6315206263504,992.6581578974328,969.5713699812164,995.6902900976132,962.4612250979744,977.5548639622206,959.2418248556596,946.0356232170568,929.9935864449042,869.3026949108491,859.4504917028554,819.8984400547121,855.2466087433812,808.1483791198071,792.4945803997393,815.3275991411599,751.0848832091726,864.5380744297404,850.1592745356647,847.7275578029445,875.054561360053,981.5533445979524,1014.3470139954568,974.0960923402838,973.9701240333352,882.0675433025227,883.4481007914742,864.8392068625839,862.8611694195026,833.8675356957822,832.4061120225531,793.5964354533104,790.6957498614742,602.6619143852126,638.3615623517381,582.9007425690411,559.954029781775,586.6396718984355,583.8049865039656,606.5399975268465,624.4438793959387,536.4306391724526,550.8971754588425,563.1546478350657,602.6286032179914,591.0012589971359,604.7998427326143,606.8790492581954,625.7126523943278,603.9517373658283,601.3258098038403,564.4346083038931,528.6682023850422,513.5745062394302,545.8924353911458,554.2624932810625,559.7483773160533,514.3429168266514,493.17389799750686,499.0842631836333,457.99206796216185,464.15309723331086,445.88454267616,418.0938945963361,400.6049609137021,408.25766325907136,413.3005012146453,423.21292951929416,409.71717704764,542.0092506910773,558.8220266364127,554.6345920502422,570.8918814954648,533.6254272371176,549.4655155744124,517.5800194985436,617.1417317623595,573.8759146178552,583.6126435166826,549.569006438709,503.9916439700355,508.34872425035394,495.8312779348231,470.3423007078395
295.6712001063092,263.9228912057497,254.0762667752545,263.035454266615,264.83218884271537,267.7304915399558,284.85880410587924,278.9013518976924,275.0604619322464,276.8991332461483,300.6811819283548,305.23623686094555,289.9749258223483,279.02351154350663,310.4536975537892,289.8355439717798,233.06843023822012,229.0283983353754,208.90253387351035,194.57035474133576,213.43695789328345,218.07901092232072,213.25041457583595,195.9012352484244,198.12864668972728,178.64884967058,167.92399165996417,167.3034678637544,201.68605052027343,212.7945281251687,209.76707309275284,195.0477648529975,184.2861528901939,137.50673965829586,138.43570687256218,138.77371454151972,137.51414664242498,136.54290302404783,144.35942176220829,145.8502225337472,172.03344099746468,160.60252295676634,182.64435678353607,184.0605592827185,197.81261754961912,269.0055083782799,275.4730948804081,328.6710492137591,349.88012894264267,357.7173778142494,490.68064160814754,472.5619574822293,549.6225258886396,556.1249501545952,555.3687322723025,521.6143694541615,532.0513626110545,562.5673124526396,610.1858349357802,615.4586787965685,610.9138718859774,602.66727261366,607.3339630524131,570.7728268667639,571.8605652105018,577.5695615058339,582.5899430197697,602.4227063477491,613.0332756479232,616.0006553388957,575.3958779530191,600.5660755665726,598.8519978119116,578.8433537348762,611.5983498644982,597.1691717349472,602.4938832637984,633.4685672872581,664.4344250994342,688.3081084795937,652.9300537756749,670.1380749510603,704.4556229035113,691.2465846068607,648.3982584486877,655.4954481635843,691.7303775280405,637.757373833432,598.1558036844208,634.5415397234602,524.8688043983517,563.5704313835989,523.356565378453,490.4322926127284,524.8121448277589,498.8123765786424,500.80311050314987,516.5832055048268,437.7226136852071,443.9904996685844,430.967907043082,468.72171022719647,452.1725732151213,431.57818920944186,362.3843577364409,374.59243724277104,367.76625529303686,362.0458017813558,368.4602272275271,360.860023043537,387.0211805883905,447.5273066635773,482.8378566146497,420.475304215269,418.3887130124799,382.0336788023535,380.2010535415326,364.6069382380983,377.2253441004375,356.4501641059957,339.1576629680293,331.81838573190385,331.6538996876555,326.0069356308962,330.12503366244414,317.08590343783425,379.09963207006206,402.5435175028533,361.3681419902288,373.68593801462106,349.0572128628763,337.0151195066842,339.995283235084,341.5201426348774,321.08017304404814,358.5998501575107,363.4186153576578,304.60420393101987,318.79984537914936,331.55554632884616,306.83965806969445
287.4639227942246,256.67015195978155,250.96808894401644,253.57745805318407,263.2106377059975,265.0682238938652,279.9666815543642,284.3837728018195,277.8765381231514,284.6702502583753,309.3286860619437,314.28648349673506,302.6701848153716,289.6289856820145,331.5563697993926,305.6820445642058,250.43246964620687,243.62297223550024,222.58766886463843,208.5822602495921,225.90910743209065,235.87990811590527,233.499933959757,212.75851073603877,213.797995324202,194.79177583745437,182.7825262607322,180.78800298267817,213.99410350104745,225.70421613511036,221.2960518067135,201.4009476853052,190.54913552338965,159.74330880915716,162.37141688356462,165.10760028573745,161.58485969932846,147.07369354006346,153.30757620494796,152.15428474990884,167.34480348473275,168.8004338549683,185.0888974106433,187.38580507885865,201.96272272172013,284.6862997673049,295.1728558641967,345.46696561408,364.31227865952593,390.5575617389536,528.2197237008812,515.1483016523462,612.4855266661176,604.6010137403682,598.9443737482844,556.6171501235322,574.206883805375,601.1967139613353,656.3498975347695,667.5321364624838,652.5195266712203,652.5669458411073,655.0891281094363,610.5179411030942,617.1422927039409,615.9598478588279,625.3958651181258,650.2412585471582,670.5485893447681,669.5545839862506,624.815650905536,654.9915263073019,640.2184439330792,630.1126114751339,651.7003843493483,638.1463558936852,639.4664397889791,675.8127516519803,691.6731008724804,721.5420407527773,688.9196922783457,722.4499564744784,785.5213928939191,762.2339359025962,707.856700207495,708.6004027275528,764.5686598372538,690.1545925184241,650.2585072976207,694.7538002168935,578.1944150317728,616.887935480451,574.2097977367199,543.3014732052312,585.2107759666014,552.841613064489,543.7754532237183,560.5879240790397,484.8109013908633,485.6096114682045,466.7849807250442,502.67961192782406,486.8294506279863,457.5914228407914,371.5042031653859,390.1036974238544,387.394722668031,381.0810869290635,396.2341869123629,382.6623922958057,413.9506375000482,486.3716112805847,527.1062021679037,440.3134648858475,455.7781476996513,410.6506502467789,408.3417832389417,398.68058451422894,409.5800957242621,383.86104014198327,367.6613537967272,363.4557387414658,357.5974968170881,349.654380015353,353.57641902306113,340.0262660524078,411.91426922384505,434.2700534943724,379.2929252275398,390.38078355545787,364.0020738770518,349.0175275136426,360.8603849961541,336.42372464801514,321.7483864955692,362.4506336889207,377.74453285519854,314.7631792375406,331.5456246542784,343.8563210536056,322.2347367865621
295.0569181917033,260.13861109022247,247.94690799105257,235.25602485431307,222.4862292370099,232.67972238787272,242.9579930365015,224.10603925479973,214.9764213281385,216.7599765313438,215.28976867628467,213.7230743725549,212.1932180495655,193.98101362796825,221.73366701228528,206.26301566906625,170.283252325709,160.02553913646304,154.87701137415698,144.76835534790067,148.78825610153473,158.36474874122575,152.215705793034,149.67796594585306,146.57324268835754,136.85299772872614,135.22563479374242,132.94012042630587,157.26820076143284,168.65544348201848,163.69350065928143,157.46259975824347,152.7197834775002,119.79030401240016,122.01155688974072,125.34774331660093,125.98209020161438,131.71331609073175,135.18626616779773,140.572757777523,145.33009720506985,160.09888140395785,171.44680012052098,178.35665136002942,191.17244312777805,243.39448955267304,253.05361605256155,297.292081881999,315.3116716178742,336.9736083957136,443.8090983456452,447.35936360040586,504.8106469907908,506.0215660853581,506.1416042012849,482.3084866909288,509.7169790638706,528.6648737724074,551.663376335343,575.991016155635,554.2911186233321,563.3800233449546,568.0923069974932,551.6559803892967,567.591218171703,552.3316827814579,554.7218106039907,575.0406447907716,594.6459770240085,603.9325565220553,583.0660786489025,604.8909765103006,565.8743655876401,558.1463716829703,577.9183230417584,585.2462489252418,574.9464188596933,600.2968866481303,592.7174845080041,621.4568877967979,610.73260938698,652.0558113343401,694.5782109767943,650.4698416838719,638.5383789102535,617.7283874138594,659.057957073623,603.6894552389327,595.987811248751,618.8594531024478,519.5360427588537,534.5716874560272,502.0783724260613,495.32014580386056,529.7550007378728,520.3524460953241,504.3045774941984,506.9144255820795,496.99601724641326,483.7471975774813,472.8194506389901,472.13887561503407,460.4526504505287,442.1046984011633,363.0713646902623,379.4661749728776,356.71247876171736,365.6224182144293,387.90663219203634,370.38025355497007,421.73412557804727,458.9596831959507,475.8928604601597,412.35533992793415,430.37106086596464,400.9629862040225,405.3614928076439,394.037634197354,385.3650139275929,363.4494707060992,339.76599027793566,344.7286035319779,329.4520502498306,331.7921504102928,326.7308841681916,317.2745388949094,419.1303840642792,415.78262174808526,379.0558007548051,383.12671284151344,351.6586648641608,354.30630716471615,378.4089379096828,345.2467222073352,350.0456338447774,370.062314727646,365.468420768967,325.2540949362054,333.8991468894215,325.38554844788604,323.8065658309173
256.573905215384,223.8362854151556,219.6528053388731,223.847884529456,192.67309371308008,193.48184781615063,202.54356101187895,180.11526203653412,180.63219926036493,183.55197490083532,172.39301347420127,174.38887015453466,180.3198500862812,154.58290579917858,192.6020406643678,178.28221302813094,200.8707089972088,188.95433739392965,184.18163512743243,172.69077345598924,175.27670329004675,181.3091822169324,172.8078132888627,180.6248458515325,175.29571488947164,167.1091307014742,172.32672614848832,171.13664599531035,139.25805435651563,152.90933265696907,142.4287197079804,137.816793991837,142.31617668963963,141.11508707319308,157.56698583332803,156.5390887412794,157.85284028369296,182.31835269502895,191.06185859669705,199.1883425831057,197.7244406094916,218.9038551307358,225.1004662966874,253.92965081448037,270.83023901904954,309.6742133501079,308.12651935751484,370.515761074021,398.7573909982841,443.0720299193863,395.0654718413026,399.1650127512774,421.87863147244025,450.86870491563,465.4973357357495,452.5872967632142,492.05100873190577,500.66621487314194,497.4213605355175,501.69794642088266,467.7611442213593,510.5582625933086,488.3839355429223,483.3804913415468,490.2462546166879,455.4653579791025,467.2682943719781,487.6945037770794,490.2632987893617,502.8180534847883,516.7265875619668,504.8781296875002,475.7364848125968,468.89818617723296,494.9193949140512,522.0773038971186,509.4027789845089,535.6351689722908,521.3143716554526,559.2164340609014,555.7545147046603,604.3907102875357,626.0603435732517,560.5729215079585,568.3028927112575,533.3425516840106,551.7707424314068,505.6561123359691,527.7434498697326,506.5955698833514,597.6620581360247,578.2959135281801,558.9252692458247,573.0257576362037,609.289355220157,639.2422656882874,598.5450229995903,560.8025520133889,616.24033261729,579.317953821067,576.7415322985269,534.9717654980241,543.5155208407581,525.5371537133553,401.2392779724447,412.5447228180833,379.4439923276915,409.55072191146536,436.00726703697967,441.562016670623,629.5838158068353,585.3464760577392,578.9247276298071,500.95144342093903,511.62271732692585,485.3949667029315,511.0313496252865,498.5539406964039,520.7586541128796,513.7273361377024,471.1808550793768,486.8155774623755,460.3497702612946,470.3227901019176,457.61377473276974,442.7651002136794,425.3348040515977,381.7657031475915,377.2002843931218,373.7483857850983,364.4963011649319,376.23691300051735,407.5592528609044,373.910833285571,398.1042235800903,387.8266144820404,357.5310467673797,356.69655111935225,386.7913451078843,404.0760599815497,434.3434547396395
772.7839132315951,621.2681900972817,602.0292645496835,654.0330933960397,538.1354180619803,515.7959151167664,504.1916489559349,466.9581863231811,481.6802640681652,472.84962179611614,436.1760400321464,428.0028980305242,430.0499247272221,382.23827513077737,433.1603812888368,403.1386870543421,292.809893057313,288.33206748347044,282.89891823507264,273.77129566688814,279.8598220521688,284.0453221772646,273.22648705572493,275.36215582359046,265.4395880833537,255.89299320521977,259.94368928461535,259.794267880995,349.0717875801842,375.5895200134698,363.9567447391807,352.7117360264271,360.60036850401866,338.8548042702716,358.8288391290251,356.70016337795414,398.8169261189,303.4918895153938,310.5856905627677,327.235895351162,342.2875284106796,363.6500094712746,371.1413146497405,422.3763831466697,463.2287786612022,532.6776445942471,570.337481735483,708.8204397216958,747.1467058620391,833.7729910220925,1112.931819655683,1272.0689150939993,1356.6521382892174,1507.667047818018,1655.298522598209,1651.3235787639835,1637.5173973002593,1612.703541615581,1647.0387514063789,1664.9076056668305,1627.0244420959718,1756.6489087064726,1773.8521933225193,1815.336781879088,1892.5736896909093,1723.513246421439,1817.3264690201684,1864.343480514448,1715.1819604761115,1861.105661503252,2022.347704296108,1808.560484839502,1795.7013540004348,1796.1825944534874,1881.0886120126288,1844.4833328556451,1794.765316667157,1905.0757301834508,1890.61613659891,1954.6860015271227,2008.3993123055832,2092.6182765451385,2224.480949885171,2100.5016576403127,2105.786884428592,2055.516626543282,2178.127000562141,1937.4894137500896,1975.201021158392,1942.9533236167808,1404.2970222019296,1334.6436965578037,1292.028601929464,1269.485025296284,1264.4445452586242,1248.446393264886,1258.953763901434,1203.6680990363998,1306.9046320222465,1248.9969653011267,1226.7009041643644,1192.0884458227356,1231.2767597193354,1144.0053513711966,1482.490601198189,1493.976427465062,1447.7385475189808,1550.8583136976738,1538.0233444118169,1425.1623743180735,1188.783696177439,1100.7796837000924,1195.119451275812,1118.4149059910342,1105.858842617282,1043.528901278907,1075.8755419422764,1043.9949196070934,1112.8851244827588,1119.1579190370694,1018.7442181551178,1067.0960066357582,1073.4283350634312,1033.976822620044,1055.435651194711,970.4577679259716,1271.920808901583,1185.6016961750106,1151.0848016736031,1131.9013227160171,1162.867389883571,1188.359531793874,1210.1089288535095,1071.1787018367704,1056.5732196811994,1010.43872661967,1020.32191286457,1052.389109347081,1123.8073931896652,1123.8503404192402,1102.0515179443948
745.1305586038504,595.2650252483247,585.1585291334922,606.0367705607517,485.4933947356991,461.08310128527165,439.2992974071013,414.2897363173581,432.3711615393933,407.743225767339,382.1485082340041,388.0807439200447,388.2981142573918,344.4492022182168,365.2875606407544,354.7906678476088,291.74422427593623,303.51559862963484,292.7577059218976,280.30675374860806,291.0697389445389,298.7024136292528,290.9783507854932,285.1210242462942,278.2610919539261,275.1607786095831,275.41343709707763,272.6332782401082,328.1399265180376,337.10651813022935,343.920804982222,331.4028909083399,324.47418016796496,318.2430054196008,325.55773983411683,330.52168310529805,379.1128943358498,322.2238916421117,324.22207664086784,347.8349204169881,375.8226413660083,398.04825261226654,397.1884385527306,436.4946085803829,479.06837055174793,613.0830017246327,649.4556319063099,720.1306499744957,763.803641971783,858.3027068280082,1027.2971677917683,1135.2547243711306,1176.9667080012564,1311.4378918985983,1442.9359972750835,1424.1377265676829,1427.8062397744857,1450.525013840201,1516.005554538384,1554.9396711138083,1557.1778409510755,1671.8021886045078,1597.547875928264,1680.579204370748,1744.5181033147005,1670.4567945047936,1815.599062968509,1864.3231075512936,1796.1508805096273,1792.1125510341628,1817.8399889318264,1631.0376296558054,1696.194722113213,1719.3830912546496,1788.9269371401415,1815.540181855522,1769.1385823672692,1806.9310945398968,1848.1171815284777,1852.934918757422,1869.734035638596,2044.4254599451035,2054.3327423027963,2036.9216209915944,2298.435718036377,2019.125630474481,1864.8114444997295,1727.211587890249,1775.6651519429497,1711.1268808992718,1469.8349409004352,1386.8005457969116,1354.9522839105073,1318.1714200145657,1329.33099116019,1282.9492678360668,1349.9573971653672,1282.0572403741046,1334.245159210852,1270.8316083615657,1293.573240583075,1272.9006410614656,1284.3542832691733,1169.1619472162556,1227.5678631562191,1297.8191510438523,1245.7193335696072,1306.6055082391474,1248.5260047799063,1096.7119310743676,1049.6716783483996,1003.1910139928606,1135.6337392652822,1082.551093557115,1075.590646466828,981.761118209283,971.6697801462388,939.1263490461104,996.460582144898,935.0390761445508,892.0308690192277,932.6656187066952,947.1144401647688,869.8459870487957,882.8587908099591,845.3408899504011,875.5717376621635,851.543807108808,849.5560684496148,838.5397907097265,927.5393417153812,935.1813247323292,904.3724422974296,853.521905501251,833.3634545653518,805.6431600030843,779.3089944205539,783.5712163334098,761.7031101628605,827.0152700368427,781.6355631680949
460.16653057007227,400.2059720585642,414.36924605626905,410.8162107062492,373.6144367877668,326.60008607839245,333.641482519889,308.13103975089416,292.7543073647728,287.47426028847417,276.68981817870053,281.5653275765393,288.63559801476583,262.69157478838747,256.7744266527961,261.0549874374849,227.94383976226976,222.73198094053043,227.7092540977281,234.3249874898998,220.40020810939376,233.1794283797044,237.2999209388172,233.92515872067204,229.18698133630105,235.41673920196703,218.4296244248198,222.57118648752828,268.68332240504213,261.1689842430237,278.4395587120831,267.773788478564,245.11492209041683,270.10029633703897,273.70038823375,277.51714349124217,302.6062911875861,244.4524510146857,249.8508320916791,260.4541581896111,296.88506965458583,341.33592866882424,335.26363095098014,355.1644404011487,367.1912492531783,416.604970692882,529.1383790472303,519.5167935221637,548.4321543873708,671.3736367729392,807.1438496676464,914.7328529857112,1001.4649046008682,1070.3265256457871,1095.272806905654,1137.1844175315894,1143.9359008689082,1174.543484701465,1166.584747491192,1176.9802277236115,1216.2603705147478,1250.8588569653366,1195.161772372729,1214.9179995137702,1256.0925625435657,1215.1766923619216,1219.2115696093156,1252.49774293549,1233.9991568926112,1287.816333596346,1308.9705021651316,1239.9081612320017,1276.854759274208,1279.9125113408268,1316.4082833834284,1445.3874892465626,1322.0577704236314,1424.8423901808223,1438.668799635546,1346.9996114657336,1283.0198972523494,1352.913972611743,1277.9441211789308,1290.0935058991167,1420.7999997255974,1383.3794810537693,1352.316088500049,1278.7293564913316,1345.6256302423312,1344.789338175599,1208.3184557789798,1132.6181777592824,1021.2260572040703,992.717091302597,922.6703991350696,916.939775643892,1008.4216938214696,969.1355108989956,958.2504188242748,918.8101010381858,939.863616319516,957.5397077187298,954.6662053209776,875.1581029279457,1025.8754632750345,981.8541329494196,942.487520160568,913.825680366432,888.8460428625186,904.6509261237552,803.6440752121154,795.0060709000034,786.1743496579268,735.4758366020615,801.0853614716901,742.5928744962581,644.3918934177091,613.9802022306878,606.8879280820007,599.7589287813578,577.7565689807025,539.0551552911357,590.8981946669082,543.2074049026137,523.0337724286082,469.7363644262377,531.4832608440264,512.3029833028235,556.5253028206434,546.6150290332964,578.708845780011,540.9501414628377,484.93417755809367,516.1846238662987,503.7186854062912,535.8768727865639,496.3585986776321,512.6494243337365,470.280248988318,460.07986771390495,472.784900175419
319.47381797722784,307.80396196363137,302.8376338504151,273.8107120800015,261.120769224604,239.13226003346423,245.7055991664997,222.3459548763229,218.582709812142,206.38743163693545,201.9963132245428,227.70531967510445,245.5458055419496,223.4493312993524,222.06791542914996,211.22258954641973,316.75910116320574,310.2326645150419,306.8856721554956,312.0971810941445,306.9208932498738,308.0742180745833,313.01264738411226,302.7413258382842,299.12972377310035,303.26339014957966,284.6380320351957,280.7248146798489,188.97095115556357,180.80085296432333,196.2648531111832,190.7067891803528,181.35995126135785,219.223279119218,223.69881230168244,248.22731998471792,257.8955405030941,326.0825042434625,344.56816071120664,379.1135036188768,438.5201279510088,474.9062954227669,467.7464435313134,522.6291154046028,560.6605393152641,599.8950632741797,692.9396601229994,714.8640785115755,812.2754132312946,975.5189383478878,665.849981386636,750.5283800732127,824.1003377782255,951.7386305304718,1059.1505361573938,1104.2492403251777,1148.169889685396,1164.2645822870966,1166.6614474045411,1182.2657155815891,1198.5726610354006,1234.897449248301,1215.7359329368526,1267.4402487642828,1302.8516301997402,1242.9921154521369,1247.208922839401,1251.77234705243,1222.937481090792,1221.150247684896,1256.5810579439417,1205.6548934553437,1227.6359409818829,1254.84947224786,1245.5541765579044,1321.17623752931,1224.3913092173732,1326.2894996086457,1345.491498443511,1340.781822380514,1318.2724340493694,1323.0188830465795,1318.2775991681665,1291.1847698304075,1280.143543092281,1291.646318114212,1266.94261110989,1196.0414345811316,1269.090401557531,1229.809961296839,1941.6357236623849,1917.8113637377476,1803.6882383459383,1726.7764122100652,1673.7607661738152,1653.1760005006113,1753.7535229950315,1690.3936466356822,1670.0071127556575,1615.6884851632656,1597.9585251730823,1682.9205130919738,1646.1702684334252,1603.1782805974638,1195.421637426387,1152.2595180358535,1099.1686962734268,1092.7307154918165,1050.0814354956733,1061.5541649370978,1383.667878839499,1318.6342778821995,1239.4836615476115,1143.542942510479,1160.450912364994,1093.1221518692942,1054.805208263621,1005.7734360197072,971.4232903484228,947.9189635994442,951.4841709967742,870.6954621248581,880.6053763740221,819.9423507688502,843.40331626328,775.7671494951875,474.7504666950473,451.4564327314412,495.0961076380984,479.3549308764359,501.3248670691637,471.2845538157431,419.3059458080049,439.785552045156,421.0430696166807,401.54054155327975,383.7483656399452,398.8486405272808,383.8722131336724,391.20970321251207,385.1796029833481
437.5621340893551,441.43144579619775,422.113721022722,361.9756126348734,365.0536340564779,359.5906075864777,343.33246445884413,305.9418791865629,296.4340951604529,285.7546843937581,278.21051455533564,310.4856280735869,324.81734327391007,312.6939139955502,332.9355416990114,329.82562995078626,222.23179206688155,216.8223735458405,204.8936447779142,217.13887498614244,212.0729407231319,198.113455472699,211.4791416010358,215.1564847611071,207.48554167591809,207.8005121437633,201.154257253938,194.0286080300136,279.34059515765097,282.6958596201964,295.0958460392663,287.2571094146883,284.9333889821636,272.22883075337904,279.8941052821928,312.57087470637015,330.86755556737523,249.7512947583241,264.6666264334375,288.1459694096717,277.26753032122025,303.73978160627496,316.9358095277559,402.453805587643,411.6014166414985,401.2838117800974,443.1853120842469,478.2367371820092,551.3945283398691,648.2922706044553,962.8307681766512,1131.5280652051786,1300.2205634474583,1574.0451508369538,1779.8076824322634,1948.6023717162343,2080.0739823340623,2066.404000969652,2139.1937643667197,2046.06077940705,2073.8867098958344,2107.3798276873526,2094.7373612485617,2158.6803744384715,2218.509932284125,2134.413701561692,2128.252120232801,2178.561439701148,2089.282321204629,1991.7037097399889,2116.3747139695315,2043.7400875977764,2079.908401844347,2240.0901382836746,2153.885024723628,2416.8426474032103,2162.4530015263103,2345.5235495856523,2455.755324965592,2425.396009461454,2417.219256913111,2307.252661649824,2302.9292603459307,2346.97122810413,2232.0028795542494,2325.8850377769986,2260.8121409614,2122.3973468231115,2244.2291981500694,2196.238657715768,1583.2589744172824,1505.1730748695709,1467.6578158661168,1437.715203525642,1387.354404926159,1362.453968153549,1431.605990363838,1445.2825082212792,1440.7209305907409,1383.9473172266687,1321.081532577492,1399.7463558947095,1409.962478317214,1364.5837077591923,1180.9121822149052,1122.331281194921,1094.9053908954656,1118.5282955321295,1078.2865051993697,1053.008693253377,1051.241656522609,999.862650829202,956.3329162259032,893.5791740942277,893.4664384968803,866.0629924893076,853.6105808714032,808.7489273715062,766.4351233918878,738.7024434304985,751.1494590083751,672.2220260544585,697.7240647374848,658.9329888563806,714.5011809474391,645.2277780926523,874.1452262940973,781.0542063095448,796.800112092556,786.940185082052,782.1677564621275,770.8679831379218,657.9158255611468,635.2638782718424,592.1485987218978,530.9886070269839,531.9501523886476,579.9272406212165,574.5298354481822,598.1580878856691,574.4193014731961
63.17568539955541,62.962266929828274,60.30715158695367,51.24945364774546,51.5782341656634,52.53072242032332,48.64817666526089,42.38093042310846,40.157389744400135,39.44222404844552,38.83946633718859,41.221031893984495,44.05157564257503,41.56598156934592,44.48320399906408,68.23131263905057,59.655089659285366,54.00137960182699,47.13452336421759,49.25010325078585,51.36933875164884,42.995556789267056,47.24501846609056,47.9764164340515,43.654856814073575,44.56154338645374,45.10193352841986,43.049755975112745,40.00431718345144,41.08632568584537,43.40977134245156,41.09022062395434,43.743250665424966,54.56144247799581,52.5120359617791,57.27858375356488,58.871009451014224,48.37389556527467,55.761258110169656,64.69823695192707,59.15929512863424,67.61032272372394,69.79972655772923,86.9515371807918,90.71468077448874,97.16139760471602,107.61610771028528,111.70048294711638,124.81309538071442,140.1103866030307,139.73281031179118,157.23660675844948,183.32765672014384,213.61279897453105,246.22668230690945,267.5617828861276,280.11860039128845,277.70975190891573,297.02318995823526,286.7174489268051,306.6569834924871,315.6602997082457,303.0891331139412,309.7286358633305,317.3790042795395,315.5487457069187,313.8131589964223,315.26959974356794,300.10892668543937,290.3917683224497,307.01205549061046,300.68105263025126,310.5139921636569,319.7210204556802,311.2054957139316,448.7132637709387,362.4680488582088,361.1013053137124,380.8300230171564,378.7439350099605,426.07198526964737,373.1204703563074,321.13616071291074,314.44012688290167,304.3412347174951,301.39195620381923,302.29225573221254,302.3607634179188,319.2749015019951,344.30091386379496,358.3422453392728,332.3155824490592,323.1172361665202,327.55438879955113,315.4533788736183,305.59006044990986,325.67929648770803,334.6752996963055,322.9691732939881,319.5802808296954,293.5686341923583,306.4986247841874,322.216160282867,315.2141374181211,338.6501302008133,327.8198186960329,345.7861186973073,337.1364447335315,314.0365818626037,293.9949182427666,250.6664310020943,245.890211517415,237.6642824325442,224.91755094331037,217.25310413909276,218.5822192963324,206.2905200591425,193.38153461290224,206.67298253709268,194.9710842257901,183.40071566321532,164.01796711765164,157.91548021516627,156.82411638591063,172.61187740798928,151.45684524406482,133.76193692816472,122.42169986610642,128.8827800544477,118.25610863251512,118.93965235250492,123.649180108883,107.6984952929614,100.84244578443804,119.08784870922368,113.0580979480939,101.0185571416129,97.2997961287584,97.1061983364272,92.34692118989528,87.82517736441785
74.47766541475197,76.1498615730174,66.9877464903844,59.51788846857325,62.15221485802228,58.96420290795177,55.563837574165966,54.43089471947256,50.69197880824949,50.470248525046685,54.16338366376523,51.32906795713588,52.21008285122526,48.08547968290412,52.56725670745398,67.80450312155877,55.5336255429684,50.73725523451389,45.14122196273112,51.72437723934297,48.21409446569721,39.99010822805333,47.5232821514436,46.3939306503774,41.05645863615527,44.05033046014908,47.45373817159632,43.2854732887928,45.12489094498248,42.73572045180567,45.03274937005756,49.48275141977683,47.31268757244964,42.269774832291176,42.79467040288927,43.37743822764295,39.47061249133883,43.6677427330452,45.1314910091537,51.87142115119587,58.79230417894932,63.49978512574922,61.64865155003833,70.34065235063322,68.7256809544306,82.48952445707032,94.84201226554828,99.27600060291604,107.18110355224783,118.76540737576404,126.22618608585869,140.99755381751453,162.3205964771666,179.3712940842857,186.9578911077412,197.2241531778012,189.05720183574795,192.0472425760569,213.23740661517465,213.96106743735123,251.90806674967575,247.8186436531267,247.65136839266276,262.9170209990152,260.742281524657,252.7829565403445,234.0066126069706,245.9544689301183,231.3010159212264,224.68678513251965,226.27559866984095,224.3838777414275,223.58207097677024,217.4925700283057,222.05947490245725,334.0599151876017,287.5659929405751,273.8083632012118,277.0941997444696,271.2908848860389,298.10632427094134,273.19759953951126,242.3099023493569,240.53641394943543,239.3076348575106,230.50303745245952,219.5798956883499,221.0236809538987,228.3451842675013,237.84557525534385,241.47237354877396,223.0358938810051,221.11051810551223,231.9285213649712,217.54498089206223,215.4749490781437,220.94498005593212,220.84247425955863,206.3451379430838,212.5687128742062,204.6019401322669,208.48619458491348,217.46916066830624,225.22445351208728,178.74722612901434,182.43990459798675,196.571144231009,179.23540517842557,176.49572559807748,167.43466791931402,196.4204161171883,196.62963314668417,203.06902096137375,200.37225375747,194.7751594960607,200.46894713497724,205.4489356650688,192.41072112634865,205.4345501144179,187.7112901374232,174.56381650760167,162.26013530875923,140.49670101027164,151.38098517801654,169.26330827843617,158.4883298292833,173.62278118846766,148.2584158711741,145.08414934975156,142.46284862713892,170.53141677740462,158.58691107123562,150.5064955287556,152.54400279954774,161.4350271992259,155.76056712202188,140.32885306284768,123.86533813721628,121.6663905573482,131.68620924118065,111.3913553426129
100.4105877178058,98.56851775265464,89.49186989196801,83.29006899700664,85.40362723059465,79.29884240567783,73.36007383577727,80.72635048882512,70.0950699866222,68.32998870218158,69.46838331134067,67.0033313066353,68.78295245701864,67.5633972290414,67.33084891077412,68.41801575161814,71.02794971759305,69.9408846451297,64.32361927544343,68.21707650875923,65.77705750245,60.99456207173191,64.5184180477804,62.130970412477325,61.132012768157615,63.20411997257548,65.98449047963615,62.18022515885411,57.69031008144314,59.07794195274735,61.13768520229165,62.63629162068109,63.83470217669915,52.06236973852796,52.07681289783609,51.25657769880541,51.63620126157426,73.33449597056604,70.9830993101391,81.73994984396859,88.50179290214929,92.85017759527813,101.91031921560806,105.44286130889247,109.66307130108994,127.2929420490462,137.2536138891509,158.10953219568543,175.92997566016152,193.47824677662456,190.57968398741932,218.10582900100263,256.27993251361704,281.0332049925508,286.8864442320281,308.4019703349032,303.3069796900016,306.8764135742255,325.1956376974764,320.2443238559515,381.79114550024497,348.8264486157637,361.2855635337537,380.426613457298,400.9030927494986,374.2149101189905,369.21560881869993,365.8730425013516,355.6993872898097,340.1456875746824,337.8050528305909,345.84939708857235,340.94829106727474,311.2750904168527,343.016466665209,389.2651162275768,359.539110342657,364.6768893778544,392.4720108269202,371.3665187602472,407.1059846469194,388.6478187509833,350.08897160966256,359.6015571945535,375.04840270192096,343.77005026295905,346.5785219928417,357.7216341861964,353.8760778685838,336.0844120567359,391.8958492800149,396.08969138003806,400.68166647722336,412.38738286220274,380.54354483318986,383.5411362970592,373.3245432607425,384.940317527419,375.38928776786736,394.730501865416,371.7335300615861,362.59602133333664,386.6329022215565,388.7528579224278,349.61455774404766,346.12427080139355,340.8883426543597,351.78705241502274,344.7500258970098,331.0795389311684,354.3362287698874,351.6243148585648,340.2956859792637,335.8892033774255,337.69746530935424,340.3608460850189,394.3757051635312,336.07728017076306,347.32312131104834,310.0450077536446,287.5521377725192,268.3438388048803,251.3293300637441,262.2250235882408,292.36265168092007,263.4414902842592,227.87121753054493,216.214114298093,207.89655676634163,201.75631457570293,220.6219219830977,207.82553555180337,196.00234258697293,189.95286454263876,196.9654001607151,204.08268170919527,206.19732158427323,179.30184637736275,173.99844673579472,160.28650750651445,144.1939199675264
142.09753217043234,132.20847891738956,125.29718450585558,127.88293154906911,126.48962644621147,122.65647392723136,115.14418073284334,145.86838376409185,126.8581800953002,118.07335163453408,103.99799667270172,106.07054648084184,101.0910196257292,96.14022252414269,97.70456713714508,98.08211211673353,110.3310660592142,119.87609944427496,106.35235859052868,109.30607218213692,112.38933542314123,107.134967608856,113.37688779744128,107.26821812039564,108.53785699510487,110.45674563845064,115.9067153037841,110.1583633616484,93.1377348683055,95.80902842998492,99.42473257874948,95.0836374213969,102.97314094525905,100.58232582882636,104.1751199919063,104.0660533510359,111.04308833926102,129.68198627415362,132.33345079454293,136.02338527605835,138.1404462244238,153.95825465144583,179.48403195781017,198.105464185099,214.22493593699213,228.5788522641817,241.79088065530067,281.6363354692804,296.4042841381176,300.6090087708413,251.51691946289543,284.7875315818328,327.60458289906614,358.65643857147614,367.08254589599096,400.864366388111,399.4882316810484,378.30486446230833,398.7630148637928,374.979837234795,407.6795590746312,407.55539057952046,404.1274266059822,440.5223080748417,456.8366359692067,419.5968086212092,417.3274990544954,402.1326219829342,400.8881314378936,385.18018548054647,375.1968079996017,383.5640024905826,387.1855770307749,348.6076456801246,365.3999275497703,401.6978276489564,368.47354638601024,393.0963475588711,429.7044630988198,401.57073432075634,405.31292315967465,420.55898380893257,405.1991362304305,408.7115193987183,468.735378024832,426.4116854020311,406.7779541921101,399.1483894429524,430.1488790784931,392.9753185302998,505.9804099702746,503.23787107816696,532.4083089164893,537.8001974467755,497.5314989868148,489.1191712344038,508.47940011047234,503.0411750169616,487.1396812063772,510.6390822447721,475.2268549584522,492.8539095227864,508.7780190006386,513.2739017962604,495.05990097795296,466.5618879048442,473.02419875060485,524.9829578041692,498.5293190646017,475.4215936155533,527.607095548131,492.4050150700392,477.6110570023826,460.534124632298,467.1328993906609,493.7054697550187,495.3471125716963,442.7829826975088,505.88688249946034,395.5647321894541,378.6277481863591,368.3956364346003,358.25798011385683,366.5326976869707,362.838959878406,320.7134678372327,271.3265843660899,279.09173812507646,268.22590178750545,249.55912480631187,257.2980654855301,249.03262843281172,240.88918525243523,247.24232600393725,241.97247141660236,244.91735628087324,262.26992427839923,246.33415654387716,244.58202781175945,216.0750706609232,196.84857700088065
503.8732866131893,472.3140685194096,463.0336300373303,461.8119393528586,471.2636338719337,434.2885153363295,428.14482696671286,574.9800696503606,506.7684869604418,469.0526430396077,428.49168288362415,413.63341473919735,375.93934977205487,341.4465783598821,356.9487943574358,367.4981274673245,370.1284868117309,381.55016792737206,360.0729912820665,355.6642868686436,367.18914758815725,349.7575628219527,350.5328017676626,344.6120361458819,341.4264187804385,331.6077491533679,328.70428319282286,334.7679764232476,316.57066816568675,306.55386702134825,328.3195385122737,341.3373206168146,317.2050975439247,312.09803253099284,326.0770493011568,324.89202207062067,352.61870095813924,355.8357980655507,344.53412164163205,353.6876836084276,383.2173121248942,403.7366213802605,443.3698830560703,442.69770303324367,501.82503969751633,515.4160653773972,586.2599964203503,664.1846868314005,693.3058845907555,732.7935834238307,684.083851706704,784.5821095691323,819.8357253203291,844.4195556385222,944.4142695837702,992.0139650369788,976.1919389049172,952.6136040180248,971.885217206578,924.5159667360534,949.497333124958,992.1202251857736,997.0197814548698,1087.467422659414,1189.989151510689,1016.8796717557055,933.7754272661156,910.5894156731298,907.4828061325868,884.7195757491656,871.1710542938125,900.5298434318146,887.9249752935328,885.8888423914419,898.2750251897517,974.2410136424668,908.488518297146,951.9948089052718,1108.3422502975072,1075.04798562445,1074.4376305135163,1123.8950199816888,1152.6195948478,1162.554660802681,1083.4320066947112,998.2484866785162,1002.2005481858288,977.541746419416,1076.1740306743825,963.3326823552874,997.6330405314494,924.9691531741852,949.158183913571,965.125781021365,921.0210126924684,907.465171707022,963.7755124108688,962.5989136185904,977.08679526353,997.5032077227976,1021.6608884107094,956.2653916565454,923.3778915589904,929.5426458454032,948.182474572475,965.5314321272808,913.3847123383024,960.656156505016,969.1909301212556,925.9428096559568,888.0566140969744,875.5141290563599,852.8284133302304,880.300467832648,876.3446394939979,884.3716142982191,856.8591185034093,790.8482299505097,888.9430308746556,848.5436366592942,795.8692361091319,800.0499553223765,847.4457938159028,832.6409761483908,846.0023963880355,787.9670551448118,764.5378595955895,794.483717402102,748.1764009661766,713.4068321257578,725.0800208401104,726.0511635292243,675.5895449346391,699.7014282371392,718.0271273634183,693.5933444586234,662.0600696755703,681.5573959624451,657.3597591130468,680.3859467140892,644.6110745326602
374.2259084701069,333.11292112224334,352.2897936671637,355.4406687624542,354.4439176328288,339.18453197191553,317.4835078595275,313.5702151420541,294.0649715731598,280.95222952413303,287.6896931514822,285.8616951270571,275.0715569083276,260.13640671374816,285.13883322563754,273.1807489311551,239.55236366972872,245.16348730803503,225.30205723946565,225.43945003308357,233.5505395560556,213.66866486175329,216.12303219747932,220.6472325966316,209.01359859549424,204.92678586271504,202.98332481407863,220.71428444280969,246.70138168253047,230.5465123328961,257.85612708803404,271.9601153994521,250.61440296935783,276.3970254210696,352.5291746899691,371.9559335347582,388.5553945263092,283.2302830149657,272.5385800205558,262.9198270434915,327.571686383218,341.40090393532444,425.28227349858815,413.06690522051457,470.0005792420128,411.1354222583311,450.0429363102252,508.1244132080964,478.6359233918957,523.7983750753885,554.3968371362882,577.9058884791931,588.5435669753507,599.7459962618933,653.9945617800734,665.5579387789054,729.0516474617573,718.655960761483,766.6564713947513,811.2780552641942,780.9569420203808,794.0398869244489,769.7494432542405,858.3645275015492,1024.6865559969858,871.2099483972685,819.3753645183953,777.757275230784,777.6745332058694,774.7769394239189,756.1764236042194,786.801004355149,795.1848465740449,846.2112093182878,811.0417558878794,788.6781835181265,749.5927589282439,836.8538507795212,879.0916226376547,817.413616744061,830.5849026162157,817.058196233735,849.7783015546172,854.0201354617506,814.0455919269166,799.94710465492,818.7443613867603,812.2900389774051,902.4943225111136,839.2482471391256,749.2047191164876,684.7963249898735,713.252567920624,728.5460865519107,686.7267331974027,714.079954173542,727.3815091092869,717.687458340409,691.7320148410998,710.8248863044535,660.7747511946322,643.4715607947553,632.2977618428856,635.7125229495763,702.1615789729299,677.5617415676254,701.7219669016748,679.6813317721812,707.1061069088041,606.253074246396,553.1086266189706,538.8966267373746,528.3880920625002,505.4011963146352,514.3891274216097,523.1801191199113,527.0712652141796,511.8035763488681,522.4461772667695,523.3904886572576,529.3250475707248,491.64927428674656,547.1542979925802,568.315347695748,561.3410767762817,563.268684646713,658.1125000799265,662.7650221563488,630.2486361165633,606.2948525537848,556.9269423467156,607.9038536794411,554.9367797388428,574.2501973964029,630.3150669438994,540.8997217967053,502.22382135272966,540.951734127157,531.085549511372,529.5034352576002,563.8194959206085
415.70643932141104,335.9519174812407,364.5016740400277,343.25663750836645,362.50771764883376,358.6835578687975,331.8420654139218,294.8085611296207,274.0306416040578,270.4195961686292,294.83273703710614,287.1287807700901,276.83079218167563,257.69130724314743,271.5031606542399,242.96033218840017,329.2894301255958,347.4538476136399,333.6158194256909,340.7058994802818,342.00008941055887,319.1574544264562,306.12533353166447,331.3048947145611,316.9296575898596,320.27292393511107,317.6371145271211,314.9670923639189,216.04619417918795,214.13034218117556,220.9940153570591,221.09730776650343,204.8197765941866,255.2900589674269,283.3853164622544,289.26761934454333,289.16252570935615,344.9394492573105,346.5363161330341,385.5981369431734,424.3339839826043,442.6582836765035,480.0186692202633,550.5234463157133,621.0186944104562,604.4944265683929,660.8978522713371,763.4638854338903,692.790469908039,776.1283779419506,519.4410424428557,541.3649297050185,541.6009519822695,526.440847170027,515.0130862058053,499.0673537706821,566.3526671217542,536.2151888282318,544.5276585189558,598.9015899608917,609.9384105521568,565.3828941164292,569.9589341239471,580.8154347465688,566.4901305875233,521.6246024107601,550.7318817863921,555.0312709510779,552.5536507099248,547.3326251920525,547.0084498815784,558.9260569322405,546.9681905415508,574.7613637734781,547.0571494372434,552.730789222967,516.6092036817818,577.1500611037015,561.5134092961206,515.371584494572,488.5374041225778,477.90089922596405,481.6086769007656,491.7572083261745,577.7113316777941,574.4213551388581,516.7894945526103,526.3000737362888,567.123021968365,549.311266462447,906.4551362583646,760.560664623623,755.3508878577761,837.2908292513566,783.5321491006251,829.7462937666179,840.7175140774043,842.3380181869037,816.5767880956771,923.671868433824,792.105034367788,807.9809478011274,810.9381985827393,770.1932253671522,610.3372628534119,618.2837240838147,613.075177072049,615.3364317149529,643.9973988045072,592.4639481825145,779.2471238799668,848.0957963945863,871.2204756465237,820.0689296945185,785.9968334878378,774.9378131753472,833.46642912938,810.0523278261236,791.3262890111226,854.2277402104238,826.5552038487427,746.9547531713072,763.8054325487632,765.0974429174076,772.6356566983455,766.047810532831,563.0700286027735,535.0208862763205,541.8958812047483,519.5685986330697,488.9385372734478,524.3613499468222,473.6951372547432,476.9197272546298,512.1502148659414,468.7632421226614,449.5800158065868,489.1383309744571,459.25165570043976,463.1100335040069,460.44142381665387
488.7838234934037,426.6512050959396,483.243512573087,466.48188397315135,461.5833726948208,459.5594002188552,398.66788205825753,357.88281371535777,330.57489105980846,320.82905227547184,314.1968314350067,311.2011811527999,338.03717976539224,313.53737987475444,347.1546576040205,292.31276987597784,359.39262100067106,355.4568876441221,346.6009700321896,341.12832650073494,332.5255855864421,324.90639047868365,310.5930960072057,326.29926276285056,310.21388053157665,306.2428000285793,313.99982802482924,307.70917848921727,226.16253465978556,220.04296562307016,229.79720976404124,234.01218685438937,219.8402067615468,361.7258590655418,384.8408821932259,385.7460120633479,392.9335368393662,332.1138147052518,326.2804896016079,341.3699769281168,378.0161539008966,369.3511208215432,381.7018593410007,441.00886271480505,527.211393599073,536.060712537334,655.0648788285145,712.3764498211203,685.2273054538186,709.7832126571816,545.5584707298331,565.3561427882308,580.7155623488931,605.2614174302535,584.0547066723193,540.3835362011451,621.431553370056,592.6435364202459,565.4585742784842,599.7038467898009,601.5256213020133,606.7576157470459,636.0536644810239,648.5381786710211,620.641124508176,610.1754460864571,611.9240166293454,619.8957078760546,627.0695342323575,636.7466028319059,616.5623683625539,614.1209396461213,590.7336343523427,603.4193873938342,631.1617118780275,630.6770621226981,585.7553626210956,594.9407090695285,606.6675812346002,575.5883922043738,555.686504878597,551.2630484402611,546.2605960180797,567.6823405389322,635.3411870817525,605.4279932077933,542.2062946555867,563.6718822389498,593.5017340197651,562.1780492540063,800.8237605408681,702.3692895717917,700.9086531600772,765.3190880559719,818.6022404331248,828.3058160762572,810.9672739592678,788.5972604372528,770.5981736685872,843.8225425855883,751.6528988514273,787.4935367026882,793.8191549969414,751.5310426178121,559.031832436827,567.1427912385749,558.7310141340663,548.6653796128178,561.2879825075004,533.8282511864979,723.1428882056613,800.6032572627539,829.0566459205211,788.2933953377876,825.1228625063293,780.7212577649726,799.3690412219266,829.5055588700122,755.0863413043168,755.2412758861151,747.223745419676,694.5254900757494,702.2819148660905,718.3142296951474,721.1478515199734,764.779021867933,539.13028569652,516.5187825429401,552.2943472660752,549.1277745732544,527.8724592669632,562.823028917659,499.2639032189456,498.36273424088506,558.2053575358046,541.3040311617124,505.1022091721962,507.73373533989854,506.5484041021036,537.5151253590327,535.0369646119856
410.8357472606847,377.5199075814828,326.90764696301653,303.2124426780572,275.9509580451565,275.66420875232905,399.9659974437212,388.55289143045457,310.599349120982,288.2953720038475,278.29309186476894,286.2187255605061,275.2620692408942,252.00398659902692,252.94022683203696,244.3066994878112,171.8694487606299,180.7333844340889,185.7325204051349,173.42967563358928,182.1325006958646,185.09026299569152,175.11681379892445,180.227232526168,184.43430830738143,170.934656242144,174.81884977314223,189.6382537346106,240.7650650096847,242.2110724617818,258.6789275474559,253.79191669659383,283.8690365339484,162.7717724801847,157.06353470486957,169.0242802614704,173.54566213547213,217.1548155590773,234.32759622983585,252.5017652173201,258.526229764026,281.948556034058,297.4955434051905,342.2453103822773,343.91871602399505,359.2348346912505,368.5046823753744,381.0100247193844,413.5537747658576,433.8783164100582,511.03969441407736,546.2337437304504,556.505243425973,594.841566886988,649.3832960210686,660.614660844314,717.859851499209,710.7945525128187,660.2237501816933,683.5390275893891,630.9702124780271,657.4370320848055,653.4550320945233,634.1667796538663,623.4750672776412,675.8263452274138,733.485629182145,763.8961742037903,737.2521300364089,872.8623436329867,877.1671237363624,815.5390034988076,810.6888486364351,802.2310722218032,830.0650902947302,852.6044623514641,796.8038871242223,794.961474356266,789.8279645106834,813.312730653431,714.5036685527099,803.8099063898424,914.5262679534768,869.2435504968412,805.3639687510439,669.574510642427,694.6217918244072,676.023535105618,689.6439647843139,684.0534128875962,500.7175641932051,496.2197890392917,549.5813664571582,455.7439270194801,454.5222722689203,455.5631701265463,452.19080716887737,427.8730615839321,460.1416543905051,441.02532620966366,442.1827027685322,468.82520137232217,419.3507965623113,439.3068752773162,259.52110605788897,249.06232442085025,241.36852483407893,244.5479372037294,291.71010238074496,300.27811930103513,478.13582883855406,491.6330873937368,487.4129641148353,442.7522750416539,460.0714675970216,441.250434469906,541.7209864142258,466.8004014735815,441.1880151342664,438.5899611358047,434.9797890041023,372.4880526279844,386.2215843428928,385.5156486785659,373.0214241950079,368.3906186327926,617.428937226257,630.1136869769238,613.8267823217294,534.2823799627935,592.7560811374293,515.0606787279179,532.0734111105065,481.0487808716382,567.5777030540017,610.364873670482,527.4921765425349,525.4627974781102,505.07820940622616,532.0874489797336,493.30994351054096
403.7349866925666,383.1459132107847,323.1625614796183,299.6307636234465,277.1429947317763,271.6158469999821,355.7977198434891,341.59962102020654,288.3713958132458,275.5730980783308,268.902425031799,267.261145545553,262.8462528121966,246.0308778892125,242.20741627058143,237.98231615571208,145.9829493330536,149.985053256197,155.42128562386955,148.12464772367096,148.72865142780662,153.4730768351914,144.22637052485908,146.41795836892706,152.90755257148638,145.6670589867471,145.55385381433535,154.58829978316444,237.8824680711492,232.81032864433175,247.88530095416087,246.11172705111983,261.0479105878896,216.03713422109809,209.4770466812034,217.71891554893944,228.44189458744304,175.71417894668056,186.0021658549052,202.55638938178436,218.6206319873125,234.82095168768817,259.04810696398874,290.5720431831505,319.1008979439152,371.03644167611617,353.5063250917143,409.55391619136486,497.1381302115536,483.5316116990979,786.4640084137085,855.7826866966169,860.7734720593589,883.6902785220788,903.4015577540304,887.8453022117416,930.5356971585092,892.1030667170133,819.8050978516062,828.7336719159719,802.4652819199439,807.0413699264001,820.80212192569,822.7506456904123,770.8785588976402,856.4836935157599,884.5618733459917,906.8759541504364,900.4049336827183,1000.6635733430102,953.9822919997168,929.1519386660432,870.856602313843,850.31843863997,890.6142365295605,909.446705873117,866.0713993761066,886.4010184940021,895.5405526463923,923.1013005744778,819.733511484829,892.1444194950434,925.8468242596716,895.7973153401258,835.5979067094314,750.9935858491506,764.3854479549203,773.2367538729262,763.7424235151549,741.3780175425111,473.1758292164024,493.2039138113039,536.5761033827255,452.16592352519245,483.3964548729828,492.2445089766165,471.48070921938734,427.1954221956955,432.65543054923216,412.1516664368573,408.37823275856687,447.1607819174242,409.8936464473824,418.2912647147517,444.1932873482921,445.0404082222556,419.2005272543181,425.93000018566966,496.82566996875806,486.0411037730391,415.9369797729558,442.1739236802629,419.1197198947114,393.4885499531787,402.4173711855156,409.2942382545768,455.35931439010926,403.2903621296899,367.4367193453032,370.9796859606236,368.88123032341286,333.91992056385794,343.25984272180864,330.8782819083233,324.09322711322176,315.3055058202426,581.1544303511337,608.0307345617291,561.5864029314233,505.1692630791114,554.6434803614158,497.6101980697829,531.577597495201,494.9164086826211,539.6522581321269,581.4847974538001,533.0601526912731,527.4765566929583,520.7416899044765,548.0062472219415,524.609274309164
358.22534864269807,352.11372006511414,289.482185407136,269.2152931286432,253.97216672544857,241.84452352718455,267.0239787367386,259.1316230639644,240.78699193940145,231.65819612035204,225.56170875787936,223.4319764433005,218.96360127995055,209.268910329903,210.8708863394584,202.0020494981989,186.482939201636,190.72261685935447,193.2226661604306,193.56435980517836,192.4484506768116,192.67832121745727,178.12761331578847,179.35078350069907,178.259712524897,172.14366039945273,165.1143376405592,172.01313924596448,191.4688521921515,190.0530816534571,196.97955680269413,201.9391175981336,191.4246308763068,190.77368833258453,196.4558644146003,198.24199929794077,215.66178154123355,217.95856948626343,233.9606857630539,258.0413428934488,305.035702178805,310.6974497962666,370.09825685322585,395.1410921001796,515.3190847753118,686.0338521396837,622.1066442460777,860.228433962903,1196.0061412690884,1150.4095431063845,1547.3287786537053,1703.3835390488878,1874.553333725972,1833.346275626232,1784.2594234151245,1667.3814155819575,1739.1794396126536,1599.8427466150883,1434.3358142928698,1394.595604519782,1368.1860958755535,1317.4629361845589,1355.90345040354,1356.2415775488455,1259.2596303489715,1375.992967244959,1346.029575808515,1329.465640598676,1352.4857828999957,1364.3395576252244,1249.50940187913,1282.7727783297798,1183.159748323285,1128.306160952004,1204.6225747860788,1223.632874469978,1167.0818245386886,1191.162838088199,1190.2576076655407,1162.85578945126,1060.5087405646636,1090.5822588261483,1051.9301148779305,1040.6276371706122,995.727385065672,953.7810225914028,962.3675434997008,1031.8248447243477,966.0725925990416,952.8170424060386,910.853954284314,999.4676320349776,1075.3263808050588,940.5036158463732,1050.895202812822,1103.7206468888803,1002.3549246448484,923.2250998684912,885.2990782966009,831.9363127912264,835.9925650471506,914.7319845954725,833.7592384764995,831.6163335674651,1136.5079637344031,1122.7884380414623,1033.5160712293566,1042.75092523911,1121.3248445717572,1021.7653078562748,682.2580164506358,736.7447107510724,650.5786119597236,679.9088052609861,605.7618679298866,584.0586695159393,562.442826789602,533.7842748938517,474.48347352949736,472.7263984034023,449.5614904843033,453.5406081064847,481.2466914609769,446.41962469235,433.4518028016041,415.3322143979288,453.70609289398215,493.8409488827461,426.535805254394,396.4036358404556,419.5587357382325,382.9224307168572,387.6542584381916,419.695165985708,385.41786778243886,420.133266166104,447.6242219092295,414.5379466952643,420.7207700561751,442.7768520209922,453.134438480744
481.8253170645303,447.5218193023095,379.652263759712,376.14724169758153,364.9168136667252,356.5307344063387,370.8819909061336,341.9335044911113,336.9828638995989,320.2739218245295,324.02294703479697,328.1259080065406,309.7497725483768,291.87258083930533,294.80435307795346,277.8362489635145,226.60076078102827,222.1022891245811,224.2984059513579,211.34174500655695,215.2119166232304,218.922661992882,200.13783531681463,196.86435285669552,206.20347373541307,180.403710303832,175.01758588701827,181.49581687105297,209.62398329948957,220.29488946523452,227.3010486355265,231.4007167219919,222.64595822156863,190.3243652492683,184.5370093033694,177.87804343637535,200.25357169419797,203.70674220686143,238.1267015217776,239.4933572845391,271.89671661079734,247.1788906567092,300.04438286063134,299.8793224528018,329.0690070734192,399.7570660276632,399.0553120487642,476.6963132579848,593.4932111460311,616.4791643134884,818.575868107635,816.9741543694785,901.5200409764104,946.1051287833732,971.9146615353068,980.1755450827354,991.4657412698016,997.23852885996,1014.296439057374,1076.3389484507052,1134.0831261569335,1110.466042826681,1072.6667948664851,1087.9363192240214,1021.9222445066212,1105.1628730384475,1082.120150732928,1028.9688539529734,1018.1108039396318,1011.477150492952,995.9438282568416,1098.2142764686412,1035.3496931331056,1035.8110890836076,1021.029877106288,965.7551662762218,991.1368242996311,1061.1371357526507,1096.5822667340708,1062.7629921131222,1035.1204850414938,1019.8221728422604,941.5629230059932,917.895380893942,940.7608562869912,910.4903480339336,925.26668699224,941.6999118233653,880.9092267475988,893.8531282222971,747.4865380720179,817.889053438558,792.1337280810588,738.1612186433114,745.5683416298472,722.6680144556677,767.6966249598487,718.4341134927441,690.0158384363073,670.1613576381625,699.3686667398702,735.2812813813231,705.8616648541498,683.7283166499931,713.6816058856265,712.3426289665338,699.5258202866901,717.0933118460065,741.6161755288756,738.8091125833686,698.0636985494025,706.0535084269428,744.2809679458353,708.9713019518075,649.5643838912964,613.288748656692,632.7066695839586,596.8499613461379,553.5686900311487,559.5414789723769,526.4141286094851,494.9819637415561,514.0437353168787,526.0538603443968,505.0261862814119,493.5000732667622,567.7522039322141,584.6668890636557,558.1619821956568,569.1860866029334,569.4785048923391,544.077977265547,549.2119414251868,568.1988872651251,567.326034756633,636.9007069051943,565.1391549818449,529.2922049217785,538.0312599945729,532.0746942515227,510.4764524768044
582.7187154619255,527.6392178566035,449.1997801526197,439.3602746330283,438.0406772647119,427.3941397257611,450.9363907380681,437.4665949499917,441.4774433177407,410.2973780629961,427.21607063547776,419.5863425117424,394.9333638339496,376.8066224191134,392.8047313387093,370.1051595199744,204.64643021460384,197.4374951433826,193.35303864235544,182.7385293707676,187.7403025916732,192.70934332772237,182.99466514494472,175.16745731730407,190.6658373089508,166.25180984136497,160.63417191709493,161.9217647906802,276.657135316687,290.0690781152888,298.2170246889036,291.63307712989507,281.24861359030456,202.31196262614915,195.18299169911535,193.50361009930063,216.03929426662333,168.79793417481895,194.2272098987829,187.7667406195088,198.65278128384688,190.6047354109904,232.7996021034325,237.84923730824397,245.6128495500089,300.189923743517,310.63860055095824,340.9747246819394,393.5713455515776,416.3561346587511,831.5009342653166,811.3532526154312,904.641842575788,963.6511811988752,993.5581868781206,1017.2803071645642,1010.8211127009448,1045.420567250981,1099.7736814164648,1176.2926740239957,1235.9283578632464,1196.4584260882018,1151.886154951839,1160.7409885008744,1114.9745620481376,1168.2705584179903,1197.106198149072,1161.4126233297316,1133.3290018787584,1130.0134440726044,1132.695331796982,1251.858981750206,1227.246818810906,1227.8152578633849,1192.4308601763194,1131.520351340787,1151.157037493402,1237.059358852898,1254.197812390016,1228.2250680697953,1211.5242458276623,1178.874864067378,1132.993693129441,1119.9199675060531,1133.1123387562518,1105.757486975646,1141.8991867031375,1111.4926341777125,1049.2581390000169,1091.02547893525,595.2716597507452,630.9305052314687,601.5320754464781,582.978098159115,580.6467491995851,555.0200336370137,595.8971626421015,580.9769052534011,557.2609416194787,544.0689986522904,547.2832822241224,569.2434332329473,538.3070859647875,540.8529444539524,612.8270597321563,613.5675488292128,619.3079745254411,626.141413461724,651.1152105216111,661.4097740702772,539.0254721490426,555.924166958826,609.581266147848,572.910531760637,552.3673873171546,507.17353627565495,513.7667991799354,480.129332362533,457.2838946508411,464.9775116495577,427.012763024817,403.3272609921888,414.31028632177896,427.3366278922725,407.8258756174158,401.71818808404754,716.2828131480949,741.6415390961458,696.5971642291538,705.2193111021204,682.3722199575922,653.5581284865804,666.1242291136635,643.1104251597371,670.4510759979509,735.1415301630547,670.9573164938057,606.1257393264108,621.4458266554615,613.5488457045776,581.8545166132562
466.51968846765055,464.1034277353543,354.9192688159012,321.84764165124056,313.7965115716176,309.421735501042,347.9773242307245,347.68951280498084,335.3534353792644,321.17582287890326,314.9573223139634,305.6164767709363,298.98320157688795,284.9090914449574,292.2855330865972,285.3314725719293,249.25752541392163,227.1833551227866,220.005799820169,213.8545970958846,221.13447020506516,218.33229746724416,215.0145633819852,200.41943471799075,197.6565959420013,188.88979650864823,185.8432239941955,190.67123241211505,218.3042597078428,213.74343785229544,221.94890105494915,224.17816417978688,207.0434535683483,197.291257271247,206.68021275397373,205.1204053713952,213.2502758665236,198.52024379988023,198.9495721144056,200.5242214321048,208.7087543031744,217.03324534659777,272.75663207924777,337.39512880362,322.81919345744654,355.2656117490132,351.65919290299604,394.7440994876601,462.9043889617775,452.3139999723647,546.2490737722235,557.9628486221083,590.5267758179585,631.6496110023021,597.4208124421788,620.1837141502783,622.6066236960633,653.9839364354879,671.9884140239166,689.3694611946441,683.5499653080759,648.6967389492049,646.8228066150974,688.5676568736068,708.8426653379613,686.2650887356596,723.2822414603361,740.2267884500251,706.0461749245654,742.340913570465,766.8475163909346,832.4348049100049,842.2276068140294,843.7937835975824,864.4518200655853,877.953194416488,810.7566833510874,823.8597371107418,775.5466292624343,777.6246505649132,753.2557266181022,742.7892260604084,773.5967617888737,858.6760435963215,854.8504564781438,794.6473572302361,822.1526744716425,840.9452031351615,833.9956570451648,887.7066953223563,774.6675623585446,791.1846425652691,736.7931052708498,702.9427579948762,678.9661326733756,645.5002920542197,643.5367996400886,642.9775536634587,619.1288019047238,629.6940408197702,597.3942627017975,574.0997090032389,580.4130278352566,583.1979874286518,519.9994647929519,546.1832445217809,539.7299744529525,535.2169372990127,569.7746970034276,584.0921079802672,557.9319880844768,605.8839249546023,615.2916002157549,575.767152254644,587.2389438068899,552.6786214698795,557.2893961926982,554.5810412205929,547.7160978533376,515.0750538606189,495.7103683857373,453.8368627944096,443.1482899004217,438.9919719546245,430.4462204946184,420.9903489303531,495.717713258197,514.6868191890454,546.1929329404472,546.9629064387752,490.8056925020018,504.9988622785948,518.9904053167269,458.7570924132093,428.4495642376087,439.3774810112213,461.46908583842,400.84865420302975,399.85575971951766,390.1471249596915,363.9449233514216
355.698506539578,313.15446404814475,279.76385428983014,248.2175440999109,202.0944761240511,225.34113018583685,241.95846497958652,220.16627985922267,202.30298049915868,205.33215322890356,184.5674680890554,176.80644392269238,175.87308505383967,154.4124343398107,166.86236901498728,163.18133700506178,144.18676363072765,135.55145929432862,134.0213279074196,119.86547327463995,117.40784710833717,119.59866864916424,117.7492584793352,122.74694590882604,123.4444927207372,114.35198727432596,114.5226134941994,108.92983753753371,122.52588481596544,132.870058974946,135.66844013673082,134.7094732127755,131.39776400221143,149.31277951603218,145.10705008187958,154.60724719437954,162.60437389053502,131.93142976267916,130.41814817053844,143.42371506965225,136.56578605852928,162.04881835048872,171.01125993062578,179.58430753994668,198.06558404205745,216.0527864629072,230.43550333202333,262.7214086499399,289.2984556600332,298.8821114782949,386.2312876270018,406.6915063673323,424.9506192142436,443.7508404591278,454.990280614892,460.4648460502009,512.9300421314272,535.5900729482042,538.364384980357,577.0243245400547,559.1428799078461,534.7567423313436,544.8810775078181,571.0008236190899,624.834149443061,588.8265816151218,586.4958212368701,596.6361729203967,610.0773380449979,648.4776610827568,631.4681943840076,689.360840381212,645.5213558399321,617.2538252389444,620.7431338906537,638.4908957345189,596.9611535677118,589.9075411792327,572.04037492217,598.7425493148342,596.232049166558,593.172601111752,621.4798734688442,622.1527731134161,645.8345160011277,597.9945521443095,637.1992690457505,609.8594616817788,610.5135913781099,633.7635102461225,562.6346923662072,558.3139366470641,539.3294032500422,544.653474361359,575.438497129835,580.5139106290468,587.0680756068936,579.5960335141958,621.2824701846729,588.9485907673846,562.8339417621838,524.1170666271485,546.6262401498597,535.6829632467966,501.1723219829674,524.2479167591521,493.5539152656221,483.2959775968119,527.8354904553296,517.8261968132484,481.1072167079003,496.6826924858416,488.1353375879438,475.5862888393566,486.387456590096,456.2003566271487,466.5081250956928,437.8726620141152,388.40938732179086,374.776281456861,354.75644303408814,341.8684624352072,343.7951337103798,366.3654994303834,356.51681628988825,337.1802358767636,417.274324282948,416.9237227052167,416.2830125285583,408.3278491553776,359.6664909241912,383.70556367657866,399.3671759849834,361.9077815981359,353.1553602646485,374.2417152112732,371.2874773935525,347.31185828200387,348.5518721428832,323.94444290433944,332.5215594052934
621.7056129008013,531.2766753786303,528.8169914939012,492.8178282474132,439.8380189108417,444.25463342762026,456.1787503472336,399.88335519278735,396.4996602311852,390.4653752669854,396.3010218251201,383.2646763793021,397.9114734586431,337.64934215455287,359.7586242599583,331.5311997588199,331.6690905355456,330.9116280054742,313.6338355131811,305.17323242872914,306.539700534911,304.8913019631924,299.730386248761,310.2886810264404,300.9416753471112,282.8055888156053,292.07362091690527,285.4850511394992,271.12247272343484,288.0200642647187,282.83595935916566,276.24041301956845,276.90144497429964,292.40270131792505,284.01318888207135,310.1954994463652,344.2182628430145,335.3583255239979,342.061027569826,378.7116790167194,374.8055488702892,409.9713366435817,419.6160585417453,452.79712953556935,500.9282848223011,561.5827843313285,619.155107600868,708.2370092114664,785.6334909928532,838.2353862427975,890.2480499303009,945.6114968642012,1014.2722217863464,1027.5988434840583,1045.0491333065845,1084.8045641920537,1146.98280958774,1126.0394636531207,1120.089805866975,1187.505240508504,1223.555221704427,1185.849463881849,1212.713343382391,1203.646700902543,1252.3102821807918,1194.6827860382527,1226.020130999829,1229.3281686161115,1317.7760059434113,1366.2161347846802,1331.464880594016,1292.8442674971843,1248.8683709912443,1194.6406232085762,1290.802110494114,1287.6998379345728,1355.2643178883748,1320.2541729383588,1272.1134758865344,1263.5110975207429,1254.1001419269858,1261.0167495832454,1295.6930356196465,1183.553571578362,1239.845585706773,1176.18824324037,1217.0197239438107,1158.0071465122776,1123.3697784188453,1185.954618592716,1257.3456686250704,1291.487943964942,1202.8277599173466,1177.0034445375995,1202.932580507267,1200.4432664672954,1227.5848555946163,1246.3869997942052,1236.303430387547,1190.8985862895056,1158.4479150263858,1104.091050518583,1178.00376118464,1133.6193733655923,832.8581702827161,884.8784939137196,867.7633161022252,885.0552179184192,948.6330355210011,860.3453299840878,1121.1275300187326,1151.922948586645,1176.1870186740691,1078.3183065182388,1147.6593270673293,1063.444755370449,1087.8686648923365,1086.6834096678178,1053.3174551988682,1052.837375241017,980.8821186873092,966.1145200390554,928.8837032409084,949.38237654428,937.3805473520374,941.8550843102316,886.9367666213985,873.2709074553463,854.3861978408828,881.6522038759696,778.5798138934182,833.7039812929601,877.025082852983,798.373581621757,824.8784702301106,856.3237728968927,810.36943499902,831.2142270706817,909.1469679076064,873.0954826088077,813.2167478952994
709.2048119172094,579.5959226381067,576.6557466642279,584.744253727537,507.7954373092648,488.3075893654106,479.8400621131789,431.7561178875832,446.1101500218412,433.31681051436175,426.48659469014507,411.620385275112,422.1115472975117,366.6673961237972,382.29847145620784,357.3255128202729,455.0609406596288,463.9736826166738,450.05957067490266,446.97164046500745,450.4044710697801,445.413410386612,434.4067404982155,441.1808055997584,419.7518066674619,403.52584997891023,409.8030657225471,411.30097884240575,319.22694850598225,328.68017883223985,322.7111022133696,311.53683645310355,313.8298600904622,378.1954385406474,374.6898393224539,397.6748024440643,459.09666736438834,488.47740704868136,505.9303380520221,559.765030084468,577.8195879104316,613.0679760330511,626.7345488102959,677.666825917354,746.3001918458984,851.942468094563,962.3866651605852,1184.688030466083,1280.386021533699,1388.5715703303715,1084.0179849652268,1221.106027652202,1318.9399856037344,1388.7782533018255,1484.3911268139957,1565.5440170192194,1541.7707478208918,1482.0224535089474,1501.955109199954,1562.9288408548296,1600.2809842208037,1638.6477970738097,1683.1373504445123,1710.6647094323653,1772.4925809577578,1618.5777900085925,1695.1967903747884,1760.891903511341,1680.6928370104245,1783.0736727594317,1880.346373088685,1704.0834983187783,1688.2003858219896,1651.058725972559,1764.0407756822867,1718.8146287331583,1753.239556817277,1809.120970226704,1764.2631931527494,1755.4533140802337,1792.6222205836114,1792.26480549357,1910.206379583017,1805.6255119542095,1822.194024951436,1813.2478542834413,1951.7864840375892,1793.8768534746832,1748.554307427804,1772.5609707059548,2328.7366285294697,2294.087077065232,2177.5712182528614,2119.3789543362163,2099.2000971098296,2049.8025011248515,2090.643077842984,2076.927013260428,2107.230424548845,2039.1356903762392,1999.638669314989,1982.1524936984167,2147.674871878047,2007.787950137096,1544.1555524568691,1622.3686374243212,1610.8977189247412,1693.791629373806,1726.2544664584236,1519.5120760801017,1957.8222971827777,2023.1275337984027,2075.25985670347,1903.2778337724624,1971.1556850627708,1820.0341829766364,1941.1748840646007,1934.5585065895027,1925.9630040968243,1954.9394635243875,1821.463059268605,1829.1555589004747,1811.722365723176,1760.7453631811452,1788.2960709805268,1694.4832775729249,1179.2894332341386,1178.0836960005015,1115.8298702848774,1131.5107786914236,1058.0007416518347,1088.942699572526,1107.6318921382567,994.6408218732238,989.8829074425754,948.2478605407327,956.4503110178102,1014.291100037948,1110.9314016118924,1092.2112232205775,1015.7868396254908
340.8334016172666,261.84989914197774,248.7855011750233,248.5937870395926,207.57720019907015,195.9699211901247,190.75583562354564,174.08925937800583,187.96335842167744,176.5630168273716,158.74413226236095,159.2766904238429,159.85458022891095,143.07258189250354,151.14704314556872,145.3434648153284,184.35097206994607,200.0858523200084,194.54157696457597,190.60144407360747,199.04206073703205,200.71158034639276,198.8646599483205,200.59829846743477,192.7561247842124,186.2366994733774,193.7740115992801,194.9975251918687,143.20494638955057,148.34596295490587,154.77309100153417,144.1644370753142,144.93499467954356,176.87501922733955,173.92239336780804,184.6306165443497,205.07276987248176,222.15408039426453,228.41317169020223,250.40942717444847,265.09483930871045,300.6281759972842,307.5680770394744,309.5723896681137,340.57853191649605,397.6952017654576,423.4599753546706,542.2082733058794,568.7459664146292,619.9778710590545,457.94103113909694,483.5264612591495,514.2229710565755,561.5565108999743,603.8790849553122,636.7097954143563,634.4482451085387,625.6889339796402,659.7052829002592,695.3883054461686,691.0525113859867,741.6347080146713,727.078295707598,737.1420000042638,756.7969008174032,704.649732234338,751.1739414844412,768.4314640927956,731.951881394146,734.3508846839262,736.2335945059925,682.4213923027273,711.5351334882029,729.4853897052702,755.4935908348773,768.7697257864497,737.8552210086901,773.3025304135034,787.0161045601945,795.0707163318903,809.5444329246346,815.9152404472006,819.4764785401472,781.3732767492264,815.6447634261947,808.1562161874024,775.5535794417117,750.4447305784803,749.3456280988952,723.866724806323,994.7907939079054,1005.1725101703904,1010.9712529110424,996.733035421608,936.0818911009964,925.5998225761392,936.2373421765564,917.5236541008834,965.116635410526,931.1655971272982,907.2927024769576,895.8287192376234,915.4061069222296,846.1775261551431,658.615220348803,704.084708362722,664.1436662955817,685.261139358636,729.2122476287576,690.2648389033252,811.9246453915431,789.0667414002714,861.7314697338687,839.9571297073848,867.6326608772176,763.8306412480101,751.775063860795,748.2079663064804,752.7190703492539,754.0592440283943,724.7112760970455,728.2500842835424,687.690746317082,675.9160695322282,676.0752303288491,648.0258722937288,466.9548628303928,452.5686527635235,449.6663740087602,455.6933893481496,456.5748714736494,468.8287756556168,424.1772278174031,388.244712479825,398.5917203478779,375.1295320543392,356.3372956268143,384.9744657757105,353.2306384773831,385.2620828385912,361.8738320125856
554.5394063194842,494.45120693228426,473.8507383887122,461.2828040358906,434.250548227438,376.4268955796838,371.513416532694,348.00413278850056,352.5832114472464,341.2159339358269,342.1508006211968,339.5004910711134,352.7900633923954,337.07280936766125,345.82615000702435,346.32009861026586,366.8629322192831,368.70219390270177,370.80601966739465,373.9803291934195,376.7303244507613,382.5782402721915,371.7566409962492,352.4726296691994,348.11335065741724,347.11877462876134,326.2641194245249,326.65618192954776,307.4143320463262,293.0846112867946,328.6877079779616,315.8342421569278,303.18323709953296,276.9991283263746,277.916296593159,276.849812521332,299.0650791717731,348.7920989900599,384.01630750584445,402.1214059086152,536.4451419668491,553.5709705960388,563.0812690173451,562.2163646968992,607.2893900496858,708.700799870593,774.9359438556305,769.6375411522005,874.9873616510434,992.1426566644348,929.5855408888648,1018.4222629879216,1038.272074353516,1148.0899901409273,1231.0469300671832,1219.1174107950997,1274.810771077771,1310.0571095847254,1295.5057482760333,1402.625381655616,1402.7935574770345,1485.5834651962005,1458.9834114056275,1594.6089090060937,1623.6295345276333,1488.6741616922338,1560.5354909456669,1489.083541605722,1482.5563185807348,1526.575092385082,1566.3213235157084,1490.4977913494668,1524.528277330823,1472.0156841244054,1494.154620328494,1544.6319460442312,1498.552570209073,1639.1610436513467,1577.4768166575109,1572.5883359612924,1562.3292292816132,1632.3419493972845,1558.1399326642384,1547.2223047075006,1599.2095278466063,1542.781710674418,1474.8400227859413,1385.2361653969854,1440.7746437845356,1378.6636326613168,1569.7031645041604,1659.662260776806,1491.5429652181388,1450.3150266068717,1394.51317393429,1327.40959634589,1377.9632101245911,1346.5193475904882,1338.210617031953,1294.5610533602965,1325.0821556523083,1368.2401987747844,1339.1845159542372,1298.874959761844,992.9986973505848,994.2180129143288,963.4698627727572,964.931052856878,941.6592798541363,969.9464600573332,1276.750523321889,1214.7087521343824,1193.3970125291971,1090.124235502125,1117.9722518582837,1026.5737471079656,955.052875523382,945.36089178549,965.093326611252,961.1026610678156,956.9421306026178,869.678260772037,851.037656236871,825.6532993617277,842.6620103588112,759.9915876503705,658.8159125851415,651.8377480547779,774.179609937825,758.1261840255403,753.5526152390927,712.0869131714202,688.8912253955402,744.1974816078204,768.8184655979919,714.1371903343465,653.9435967954643,655.6579811337225,607.9185952239844,620.7883794133691,589.8511159148428
524.3197457158969,505.2531374472273,466.7356238009091,432.36913539758825,427.414230687552,412.8745320240019,411.3593861469622,367.0310618898938,353.7538109145675,340.87630607010794,336.2389635318066,339.96080042354447,346.96096104240166,341.46714016120217,350.4674026909607,338.9614976628147,356.06025152183327,347.89653465792253,346.255214363388,359.4930355214272,355.6774883229537,349.1051546406793,347.3765081015874,327.5451276775033,324.02153889727214,326.82017593235935,303.1143352421599,304.7126795246172,287.76840532196223,275.49226280233273,309.1279156547873,302.84748369885546,289.3473783147443,323.94716845256784,328.61795773613886,327.4565984497279,357.11708849388395,338.0730713379927,372.4722219142725,384.93380930758894,482.64788739210576,493.6118442711304,508.8124353166468,540.1291030024049,577.311853765076,660.1351760496473,732.5641028045105,712.4065944631282,827.6122229247667,944.0218621601948,921.7689776247396,1043.0114396357797,1057.6800228389773,1198.2324313235988,1291.2192319810042,1267.771818014886,1344.4400163834068,1368.979861499949,1380.3888496959282,1452.0175009775674,1433.5218437090718,1507.6155966950294,1520.9718388528695,1649.3191016906503,1652.7268613650162,1538.3186852816234,1550.6617918892186,1500.96853908018,1468.1422195771468,1463.372324350753,1548.871109873997,1466.5172081167486,1506.2545610776408,1504.7184542038551,1500.6013444172106,1600.86324914878,1546.4131151774493,1694.862967027528,1675.272835453031,1659.4407214673215,1655.9579487809217,1674.770917201742,1611.6228507319852,1644.250799709276,1639.0332011087517,1629.1111735456734,1563.2112921078,1437.5641236177255,1499.820477363487,1442.3552304136674,1556.9358987420517,1590.895874050448,1470.8755652717612,1413.5349663386023,1401.8160307925646,1362.7581416074977,1410.9355824232794,1367.8767923776684,1359.1894844447968,1293.7099889605536,1330.568729899058,1393.150782741471,1378.2823767084622,1338.391745773071,1629.7392479866082,1598.3068176463646,1546.9314976697792,1565.551941969458,1437.6733471618202,1475.5393764173782,1241.47406667536,1169.3337840104757,1121.1265404827795,1035.6267791968469,1068.084515359638,1022.578018774946,961.261974627946,931.4034583125468,930.5964266989912,930.4656107100096,954.5624994014842,853.1228251710036,838.2993533272409,822.8007068818247,807.5326288374688,760.2495810013397,678.6883828427082,650.925168816814,751.79017294178,740.1079780431469,717.7707273297189,702.4030511023691,668.1687856191465,704.8557708865583,713.0624014194316,658.460779817799,611.9100289954783,628.0336115653472,594.4601212399839,622.5811430760211,576.6304156530108
261.19936210397617,373.7212954606623,370.2986754966272,286.2467305024137,282.5672037408128,236.39341311565147,194.96269136141396,178.04052922268195,165.29969170582322,158.0947593568617,151.01721416034457,161.0838953845632,163.39114181691895,163.69682951007357,171.02909976473492,171.06634636982253,172.67306893146534,167.0189971800031,160.56032928029484,175.55647035871712,166.73251015897418,158.04328606260572,163.5918286675841,162.29778891484298,161.01792162562148,161.50870169915916,153.39077100121165,152.5272756768157,139.23451564614967,141.5683932621209,151.01419063004496,150.582776772949,149.1782110333942,148.9357736246993,156.56411716605135,159.72003790211085,179.50462387622136,191.4582989668436,227.4631598997868,238.65864237929887,226.29745480458516,240.44011611692997,269.1801825949618,322.5637913442635,323.1667237045092,334.6866970584227,428.406581335852,424.87231434655735,485.48999116571895,537.7074083106447,530.4217992228029,645.3631363811752,717.5670990391505,859.7263312206835,943.8621787496128,987.1924183297608,1039.4037868219898,1032.2734521632694,1077.16105726598,1021.9517960322949,1023.540058415576,1066.3959250246087,1070.2483257436056,1192.3404583294057,1274.5674212755723,1239.2875302997352,1198.9170675525463,1239.4994382700727,1132.8795201440964,1096.544415016618,1181.4518400988743,1064.109407848882,1061.5858982397872,1109.000818386267,1047.4125930800503,1224.2634999735558,1091.4662197340197,1181.02703542547,1230.3655640710192,1207.9214498439285,1202.4927994636466,1138.8806272387085,1102.0062398978278,1183.4126100680094,1147.9517923733515,1154.1355586080945,1104.376968077724,1063.703476557176,1108.566236241654,1074.181388053472,1184.5461407348246,1146.3120116795171,1129.5316677003543,1064.2948184328147,1046.875979846838,1026.632149666305,1083.866293231306,1095.340888845969,1176.5875508729316,1069.258833977432,1020.76105850232,1049.5082582294765,1072.7422647197882,1034.3804850200445,1130.6531351316742,1099.0860761635504,1085.9350275049787,1113.1223300300787,1072.3985673852862,1035.7779785152422,878.8855819992342,841.2939067819586,785.4797625963356,731.9014205000587,759.8118050176427,734.9339425597418,705.2044380667954,668.4106123847853,638.7661206077556,620.0134170550537,644.6001722444262,570.5917204521437,596.0856675823106,596.197795829394,663.844410533755,592.9102358463988,496.7876576593996,433.2254362354913,429.004283060975,424.6452248728321,389.4668012194872,401.2388928449053,348.0362749057533,339.1947628642448,345.0832786647438,330.1426843546196,314.05093441492426,333.3047401611427,320.8816060233162,334.57520830071604,308.0493338029786
94.84639765082916,171.62386878102785,181.48900174040568,133.34117618759626,131.34991358438964,94.46817050622391,71.61489969469908,64.29585245629586,55.59530531649542,53.73560011497697,50.60368055053669,49.876187491532896,47.76189356822579,45.86183439297668,45.93568744858041,70.68274975083614,52.603078378048416,47.31455137534237,43.07304589327914,47.78667391784919,48.55974066002319,43.58411575978161,43.74069607183035,41.56075442968498,40.30068781959024,41.38257850580895,39.67577298848133,40.51687816858077,42.25410626247513,41.61678243990576,45.9312437352296,45.61650803464579,48.11745959327385,44.5229441894088,45.69312586350414,47.99427046874893,51.4716977394796,47.62617332643641,67.56239408790165,64.00837084664482,59.14779346936656,64.69748118783511,76.2730436871003,84.3326540517869,85.18519699926023,100.35160725068964,150.6035537210764,139.91719762873046,151.35247592930807,149.64760045943797,170.99703869572454,211.4268104846693,235.28656407065796,272.50460335750955,298.1004810664861,289.53280958760234,282.6219667274312,280.5062103091664,305.1302313291285,290.17533445063026,304.2354309779119,324.9175461300462,314.6511545067135,393.88404800662914,453.9450648609149,465.4977002570175,433.5485772966864,449.9537592349738,370.3778835193384,382.3308230809072,415.5383032091141,352.64861543198333,348.32748261869693,325.8819168051273,304.07655839710554,469.4564760031991,365.8915891312366,352.7500551255169,370.79018815930647,372.0143300372396,417.1455560429132,372.5254309615098,307.2126917435907,308.4760049963695,306.59442239806475,286.2230883377686,289.2752058922351,318.37724040873,325.4139714360834,344.9646841638371,320.5250410117751,305.326847893192,302.3161118262217,299.76634622948984,296.1335307904253,288.35909997456343,307.1289782765126,306.7710306636537,286.7085004051042,278.3224641324525,260.941476622133,266.2624192513164,290.5864919992728,292.16168570127365,202.15472398627048,205.62866277402776,219.02614276205992,216.6101473618502,204.08994519537384,188.30697532484317,264.4361637174685,268.4019527094385,269.12438092960014,243.8336981662394,246.76301185302805,241.7951779777231,219.78975581635703,208.23605703246224,222.7981920941777,211.44843332861987,210.35003056248,192.51213419108717,186.68508178311265,205.0644773545936,238.60959115807483,206.34001732367832,176.41129364402508,153.56463269751663,153.61069654451893,133.63944086460296,125.37658058248246,133.9886020898784,118.64318229181649,114.64595416294055,150.0542568696975,160.10687820299037,132.81075607944013,124.57637036887992,123.1784194929856,114.12017439474783,104.84549158810177
173.1710429295903,179.1756593757558,158.69451520150116,136.45610102659683,147.8523044652275,152.13817063974955,146.11087690879663,151.14277392989504,145.12662006638652,137.2384863694227,134.5716028579308,131.24501926247606,124.49641439341148,118.9955322687244,119.2991873273975,137.54377642773855,134.17950443554355,122.75466989022183,116.75693228385236,128.4289223482377,118.45862166820102,107.53881186361204,120.4506445538132,113.11387304639244,110.25613348241286,117.6552292387628,113.29565809129215,112.81434634448502,103.1932695406341,111.29003060335651,110.71883167088347,116.40055202107808,104.80407731315648,81.67058971871579,83.08863223138474,80.77487229331682,84.73163659194492,109.97719157158348,119.65537892877562,132.5559822589097,142.06921544933255,151.09857288997168,154.93157069471908,177.5236856853813,169.7506746622562,191.37638807947317,228.55251512787456,233.6964531425221,266.25336368902094,292.0662011397409,270.1703470869797,297.34902358427405,318.4818127932191,360.81035166180095,376.6744145390612,390.6785509597727,379.0882580087877,392.7167617437469,425.47664938846026,407.3401248044064,446.7780004152247,446.43212293465086,443.1290994869096,479.45151023399313,469.1208778348631,448.2615624831218,437.5350685990216,450.7022680002905,438.0954778922962,432.7110860698365,446.9220287976158,432.2487983926349,449.34584656720193,436.3943632027166,423.3923365047032,631.3520655413355,564.0467439211484,547.7419427250121,534.5907079470855,508.5553528826826,500.8281316963716,484.37133495051614,459.8763066704916,450.0555581869942,465.0268955086322,441.6532254050713,406.5641418263624,421.4065415216536,456.0931014146357,450.0440791613471,508.6975051408664,481.6223246568444,469.4762840429004,508.3266938963775,490.9766431931837,474.7891621173556,481.8488126152618,459.9582723320946,436.3681279759557,436.83790679446594,428.294820124372,455.1418742547648,459.19838502862217,487.01229335372494,266.7620550111435,276.6640071124263,296.7989783752817,285.1603248762283,287.4959041158985,281.6631135668706,433.258838701659,420.1390919047676,448.7886912141254,422.55982225208527,421.3309941618535,431.6874132576013,406.3640436080977,399.5152516913172,442.7022220424555,425.8223832342292,411.95885266063175,401.677007165676,383.90961484422,381.5979372939203,422.2306883716492,383.37297981599386,364.8071148347531,328.8075793427389,320.25801242243625,318.1900735894466,358.3643483712728,372.5134429840112,340.27356119769064,320.2150014204821,326.2333617799755,314.64062777023355,285.9278707045936,269.48189836709355,271.29061105011385,288.1121158377199,247.48013471915849
439.27757172547575,422.7340008328755,393.7324777954656,356.52511565574554,383.1671802284215,415.3728429266416,412.8013097804455,431.7610273239666,405.3759190798889,364.3622567908595,343.3580126166453,326.6971504843804,327.4289381704012,320.9294346120336,293.06503973788807,317.5371750522145,294.9341325382102,266.48510159644013,263.76501725376403,273.4962397498771,247.8986142538044,247.5353833178227,261.74689533631977,229.1370678864746,247.7888912152672,255.9699883590464,222.26090344960755,239.14676350168196,243.73115828395444,287.07323486354176,280.83566379965924,266.3595118619481,245.97528924421968,299.41629905721646,304.7466143120899,277.3900263959114,303.99611556547745,227.8124541684783,245.81110913305892,275.32311485287624,281.3782805892295,318.67630081731755,346.4522744184118,378.0079808758466,375.6848337185052,416.0820446561707,489.40044299023936,521.8319679106569,614.647784908693,674.2983888277157,697.918432445655,753.9697917300622,774.7743968057895,836.222594540138,904.8823725099178,993.9623626507675,976.083342839816,995.7984490563716,1025.7820339485922,1001.1591299341408,1079.169273557549,1022.5264245910412,1032.5526050750468,1096.7839316578377,1101.7995934769256,1092.1170329723504,1130.1467134377244,1094.6713401993154,1115.3616055059813,1116.1281817560302,1079.5109034427724,1037.6092554904533,1097.4125139555092,1092.3719672678317,1049.2056951859745,1286.247272069989,1248.8808378128326,1312.9359698220803,1318.17262402878,1214.8378069988846,1123.9522724341182,1100.9673767366398,1101.94380078393,1095.582496671683,1145.588269798444,1042.347856634862,949.4837837767012,1001.0403633233832,1093.9590578441034,1050.1765452379784,1057.3838400587106,1028.059377855804,1004.2657512051052,1149.6919434903075,1093.791452211669,1060.3667730967347,1080.2558621917206,1053.6002651125932,989.4202203703323,1025.027311717546,977.2172034642176,951.1891317547644,958.2342449395944,1015.27446519953,1351.1937359309984,1407.4511372530444,1441.5885820952485,1408.1352966924069,1415.892483695523,1442.2946433035158,945.704871102782,933.328061553826,962.8930815756044,885.459232616506,910.8968595239636,960.2809833610849,940.8936888888728,939.2496906671254,1048.7554284226337,982.3529797763975,927.47906219934,921.1587112400894,980.818898150677,970.397734886017,1011.8414693744592,916.5615441441372,1017.7574172214224,941.3291658637296,866.8412466460859,846.7994473223694,879.6246198664178,957.9486512651378,861.6419691352116,763.3166773831539,774.4697795545828,767.83823895787,732.8084234790522,704.6986854706379,681.3468376035162,681.5785762409351,627.6647141686262
351.6162322738395,329.87274489095404,313.96133891295085,303.04808730694083,393.2499514882852,437.7911217616139,477.57664311380967,524.3525491326783,411.2602382586839,347.1387348211082,324.51055258207697,334.0469721051674,311.0887447684042,306.7700193077403,315.72876873895103,329.7824047480272,433.1818960642381,413.9572823621912,405.1170683186564,427.7821165365456,407.1584990808876,385.8336869126945,401.6087298734231,376.53153540461454,396.7131017399523,409.1392435737692,390.9721067344443,348.7414768245425,250.83127576688096,244.15969135944135,234.940137711838,238.76061464649788,233.4069768084589,238.86934153052653,253.8856285442914,253.9192909283858,249.45982780426027,349.99867007143456,397.816217013434,377.1409466697421,377.27156910966056,405.1608132349375,446.041005243195,463.2894278697621,491.65749446991913,532.5908715903897,624.0508667441323,688.2215529086541,743.5052785527012,800.4554065731461,546.8799058010796,612.1930686492972,637.9781263251824,734.8802341885719,780.6504798122796,797.216210118153,779.8559088945902,778.7042821168199,786.4317807524501,815.892434857138,893.7545835547718,878.58919986868,892.3651212778088,934.2622867992554,993.9880951524128,1003.2204256507237,1003.4934497298308,986.3981044149258,1005.6249614875774,1021.5201753499432,994.3040212897696,1006.9886890400136,1031.467281804248,962.4641533576356,966.456035429708,1020.265734967248,970.540683618201,1030.9467568230389,1153.5172108936356,1138.9757086413078,1054.8669643675032,1008.7982482701864,1020.4236353654072,1067.8768196544174,1059.250926776732,1063.7362950767058,1007.250543071756,986.0511857900584,975.5238977508968,863.338323749085,1328.9054244622123,1361.2898344713642,1315.046930115653,1381.0437072046689,1297.255780598564,1346.4515787538048,1366.1480801866558,1395.459533010394,1315.5425517612323,1419.852124017069,1401.7694999731486,1386.3135783925609,1462.4123032788696,1569.1300157214523,1304.567306176739,1241.442992674505,1193.992366685108,1153.1929661680274,1145.1938770729153,1106.1338513779797,1337.9400607808252,1249.8484338939347,1235.702713781822,1225.1867927183102,1261.8465655371604,1377.132530772208,1267.901759536719,1115.5428026378615,1334.207495217658,1339.3154393539223,1191.6172051088029,1093.797146375898,1056.9682600390215,1047.9058953039369,1034.9082191735797,947.005791561028,664.4581365058996,635.068740424524,587.2049116756635,560.2984923228233,618.4192908889274,619.3019965212316,613.6853715124315,603.5697237163245,671.6402845592387,674.7826256228585,680.1847583851519,689.5763024316666,570.1121172837585,483.91845370359766,490.404456456243
408.4740972095782,369.2714270452115,357.3536461447051,354.22817632304594,417.1788742540344,423.3205789367182,429.4585569002053,553.7776623477567,458.7632705711018,391.3778495135052,357.0373900945155,346.28854558286866,316.05330412192046,299.09415409155355,311.66825778943985,327.1751211584848,392.4073696138201,385.01008779444106,373.8324460451845,380.7532459298584,404.9581207609739,375.8414679669245,364.8791884620768,356.49583457667967,365.38326161946304,354.8773014333692,347.5924272689288,330.37911147682416,258.32685990788985,247.8897269316725,252.0133892753433,259.2516695090284,237.90139454713704,245.83573510520696,264.4931900677729,305.2606444454383,291.4905791594322,343.3777447137422,348.9614034127909,350.71372439361613,353.9921021843185,366.4492355232524,411.8330442872002,420.5702920721667,422.8983290643998,457.30027974898894,535.8722252921449,590.4482791676072,595.9238035047343,635.0001498025242,480.0670365154401,553.5919814985131,570.6891738025703,602.2358304641562,654.1884409346313,663.3278798497279,675.9957720051538,668.5720874062013,664.0038676154103,656.4794580757234,692.9381814959431,732.1123077035892,777.352383424023,794.9436128334461,834.1281481418462,815.669860321956,733.6495572337047,707.6875434186352,716.2870442200217,712.536725260809,698.78426305767,728.7034789681677,696.6694657011377,675.156794487555,672.6527194579813,750.3502043098298,702.0281283284136,751.8274743242811,868.8278249521585,880.3505467827165,857.7404190659995,846.7574669121634,861.751095160606,916.6783976998436,857.6753399661982,876.3886893138624,843.1834556157985,821.1076128642738,897.1009768966696,748.644879029645,1000.9402576645674,944.366915495764,876.222340809698,960.8872986222344,908.10563621933,950.7858784677844,970.2241435331848,1054.1553454048335,994.9734354998086,997.9588898888024,1012.5454114529448,986.1291582993396,965.8720641933328,1077.3301473197246,804.1043134199172,770.311423146383,730.6928480377264,767.0574486782211,764.735291477352,724.1032771123998,1021.5037399401522,955.8998857856684,915.932957743026,898.2909367956462,939.413328637228,1009.6376575196108,1003.451074220264,839.1333278396676,950.0564125763672,976.0350979190308,872.2120603557017,804.7382977477869,851.9516474650167,854.672491845096,832.8744704918911,797.4104184284872,665.2263767464849,632.136039003097,586.0005184734356,574.4955279938747,630.2706626127493,612.8611287278161,578.5782767930795,598.2030811690636,643.9308672901014,625.2041786736489,588.3227251691831,619.40657788583,544.2853324276936,529.5141471945327,546.156842813732
280.8851995679037,243.55633188136187,254.18512653084028,251.6364748399819,276.5118424131167,261.11804040732204,239.35028206436303,227.70111089475552,190.99805503579543,188.03692334185013,191.37861555026132,183.20256560494852,177.10759233555348,170.82616204575265,176.91376803808637,175.53773350144522,261.3394570995597,252.44592672574868,243.9866727343564,241.3108665818641,263.0131582024106,242.6288361342848,231.95992255897772,236.69448543882112,241.22105465893893,234.99089673330712,227.38897676004305,237.39677044953984,158.53581987157472,147.09049677842722,156.66493405352313,159.35989294392823,145.1114771907566,207.8639450031933,295.99721900537213,349.21938175002623,368.08091067640623,342.09544523416486,325.8817140553291,318.30089785969204,389.88356028776434,401.2369107535101,535.8945220089245,520.0819576105986,484.2079798298204,474.2399182651944,523.9297932334586,525.6077156972666,497.7035342009493,557.2501413960246,366.7497027950105,389.6236187155383,411.6890714396269,394.4763565773782,417.4367699773856,404.84305147760927,465.6532865547892,454.6353304251426,454.097539918668,508.40748716655503,492.093632322708,479.13448083752826,490.9222103451613,511.9763208858658,509.58363645916165,489.350853934706,469.0677024802247,457.521129832088,478.6170296370564,488.1638701031719,479.0893245825692,495.4229997693321,494.8776109922974,517.6329139774728,488.19201947765634,518.8974303477188,480.2630309431413,539.75171612511,539.1399960694936,497.7779564886214,490.0039450606648,463.1441184006756,488.834902088245,499.4700739517489,520.3117401539797,552.7069845247177,510.3748333507052,524.9971559648939,637.1169736485394,571.2361630585978,832.7795423144303,756.4949128918461,713.9279131284412,778.303627567405,740.9125359600218,802.5967139431339,829.6314160423543,839.8095136085803,779.3970674533571,861.5537626935429,738.6941886400444,679.0575900176589,684.3377855180903,740.8071523296393,540.2050400751364,504.35523772277895,553.0878032375979,548.2251260208992,529.5817985618189,459.9830904659699,700.8033557872583,686.7048554388454,685.2822820002207,635.1371279031539,652.0299393840747,671.4691907704608,686.8600654743844,620.1852036763215,629.3486910127098,625.5457845180742,660.8927359914595,581.9707123975348,632.6341938746576,698.2025988984125,678.498354334177,703.6639560553979,491.1995139757955,474.69010126941765,482.3357297191533,478.2534207549808,445.185983431154,463.7215213199972,414.321007332207,435.2277334152856,484.0633618205636,425.0082588397687,421.9130829033296,445.781015146074,431.4109291709752,447.8226781873784,511.5285989047367
518.1047936379653,431.1874139973077,466.4394850929464,455.6635026029634,544.3500186090622,561.9447379113564,523.9222888841028,455.5884287662805,377.9621587447384,372.0375897426787,363.17738556626927,352.0195621778374,345.67345436615824,315.845712859232,337.4448968203818,307.5410024673245,285.23018658648965,288.3678851013739,291.1211308523582,270.4559944314425,264.8636614760128,253.90837144223605,235.970962966145,248.7258778594729,256.6508190787226,249.0260903067288,244.8400609230451,253.8207700965228,264.51743215002614,246.28029560085875,272.7794337464836,267.66062063094824,244.0278376524105,277.32017363047424,293.1145641515694,286.9919837720974,307.8377618314888,282.25753125868306,272.1980666714803,287.58654581486064,301.9351906677992,315.6833278565974,347.56942633274787,381.281577291268,429.88807969348494,466.1845170099997,473.4378684538849,509.548110672177,501.9893174139496,567.6281939853666,618.4523187858365,698.8281888853717,747.4225843487534,678.1440031232013,633.8757451824921,634.1656656467251,675.5171760752017,651.0521926669232,625.7724859873898,675.4887289816274,704.2596282130892,646.2598611260687,635.8017703454224,631.019030701366,608.2718286606153,597.7128794557017,585.479408356489,599.3101611097741,644.1585044635788,677.906889315592,633.3797736492929,634.4529748462662,682.8722331557188,704.6611190010121,677.274096799953,683.1632626755436,662.383171163806,631.4577951519964,661.8363514481373,632.6670083035174,619.4245086236518,599.9888932185478,611.6068202329294,635.0734694642855,846.4442246566214,848.7025251538385,720.8078904474021,741.4358923631345,827.4112186287646,730.0611014747649,724.0982872651186,608.9686864612323,575.7777782036321,658.031967182416,644.37356239736,693.1631813013158,706.8528253948615,635.0414424190868,614.1712084463752,803.2598251925515,653.712870816688,633.3814256059084,638.0434182594155,609.0944424201158,449.3010693156477,429.44235602533,428.773980275933,436.1493194072912,428.926017288255,407.20366347949215,566.0169634484728,624.277507981641,683.4291136043587,613.8318564457563,632.9918757502987,621.5109745588161,634.1314437692629,601.5863610078521,632.4058306743523,673.9661715182219,657.5308790700789,614.3419382894012,639.4453525829,663.7735046567083,656.2587798398582,656.3681847876603,657.6866278320732,635.5168055240708,772.5268107979199,719.7603436845759,670.7446908688805,682.1503264517999,574.6253135513857,558.1224328452896,614.0822433339497,564.7800908864447,585.2679045925357,608.5214301562758,616.0925941440335,611.2181742039668,623.4813935945843
486.0864173295662,427.1933106339558,407.35090506484,388.4910260296813,380.59027117050607,456.8804398424785,384.4769193158774,357.93428038069,330.21136452612615,329.64094274723465,321.2318389948312,324.50436449324513,367.26062391804686,353.3644894891526,398.8986495305809,309.66364614967245,284.810672031331,268.84709728644617,266.45860625412564,255.28876243895323,233.0087854557877,221.62507640878735,215.7306177091636,218.317044989306,211.28735414808875,214.7126939230202,215.2770540987046,215.92054153487084,201.64609354429683,190.23877114660704,201.68796028808293,209.3984195042281,192.8009201407374,254.78422494432127,265.9817254492117,259.579251922239,295.28419662937955,253.24193062813876,243.64894798110183,256.4547449578058,265.4918046876239,260.2191339231388,276.6361556272356,311.8835009112993,346.1243039533404,377.0348312486509,395.7183965963192,442.2033653368057,454.2727618912679,490.47611235424216,493.62858413354905,525.2695325391478,552.203414454068,563.169677939598,533.21620488982,531.5953827439746,592.7067417621308,571.4993918664053,538.0384390152035,547.7518335687818,591.547565243807,579.2309305630811,611.2413566016551,618.647767280702,631.2322281866687,614.7249326225835,635.955976921956,621.1245157774953,674.6233575128075,683.4183622783431,584.9007219236288,597.8272490117052,619.2192111059002,614.1425672698329,631.000858537248,664.4706929249085,622.2344239987094,630.7907150338298,659.8118279192737,608.4605899480046,580.4971740420599,549.8644177731626,554.4646249690728,552.2467214768797,613.4295578214552,585.9194225042504,545.6373365410274,554.9342397426836,578.8722007536213,547.3736489696113,619.6246963473646,541.8839887181723,531.8659981230633,580.3935526521365,624.131049476176,643.1419991842733,661.7179864618831,648.7304414094511,638.9586122630074,692.1934187509847,638.9767252013432,637.3205535438834,666.2533582135125,625.0918528377224,644.9637601047447,665.9165282034215,627.5358623075338,617.8871081429777,643.4983693475531,638.1642613549102,611.3976541606687,646.6304503050552,638.4074304843344,609.8264170792515,743.2594272783303,647.0589142101662,660.2704743110704,739.273840739849,653.4786595184045,607.9186079442246,596.7661219067713,541.4893461693863,546.1381223062682,588.5268801900078,610.4061190207186,657.0795591763676,586.6034743360135,553.1018984904204,603.6101533816479,631.172781214567,605.659487306336,620.5320911480634,577.0496689911076,563.6787202610699,592.9548489981623,563.1444118980215,581.3160535127337,590.6697329170452,592.700994790407,621.1936645134327,575.7023892310712
388.670713350609,484.89061609103817,386.1624939471896,307.230209523713,300.24738011688856,300.1989474864062,329.5786307649236,294.65762547640406,262.84250434208644,256.07879126300975,255.83938576228545,247.91806371368295,247.61659398628112,242.01415930248956,247.7675829231388,233.6218757715056,166.76402734359792,167.91702193658597,167.72092620424732,164.18416015368146,162.41139150714778,167.15055041599751,171.50674291878045,171.9722159329553,169.58048383051576,161.29610404988085,159.03924947013812,170.36117613110665,220.76647300644763,217.946889375936,233.3162669233485,217.72907085498272,232.5845219110752,145.59901171360477,144.96942638188835,153.05164818388704,155.0620791254162,173.6627850201021,192.423384691878,188.31532568453432,201.21521901258853,200.63933598180645,215.3588669581856,252.22900085265863,287.2695216613935,320.79528417607736,323.6275779586039,397.18789890774144,441.1940018038196,437.8844994257501,561.5975058618781,590.9583116000152,594.8437226302542,634.5274468908975,680.25199096257,710.2405565634608,789.3499117163061,726.2007518853278,694.8730700377309,742.2441362578246,725.1949721485926,738.1378952540233,799.2381301494214,858.2506380536657,750.6420764105617,791.1787548479366,765.02801644842,751.6279565128078,762.2553626680551,900.9443373704536,820.3017330616648,763.6371259978059,734.9048982022632,744.9368592789804,776.9579779825043,755.5203611547222,714.8933043422553,762.4042254178112,738.1095012520757,768.8165031900583,719.2387134753993,789.386201878054,780.6563772325342,762.5099744494927,675.3446081443868,642.4868593264813,718.8949270455354,680.1876645226963,652.7429037534234,644.5678521950189,466.8976554280287,495.4232822895468,530.0125690733748,459.0678335824707,466.780232999059,460.5620849062825,440.5501952895529,424.3857229061584,438.49976871820274,424.21574214419786,431.8110219321021,451.1658259279725,459.66119994984086,446.9470573667504,315.8130373755469,330.9061036036935,309.3043440142188,325.6766183116214,408.3303868702109,368.4592922444946,497.8453880277648,537.3583437595261,472.4852978131316,459.7688211086288,490.991784078164,538.4994443138862,487.17400784703625,420.7408769464968,386.3561449007287,414.7440465383114,378.1514996723124,367.5712586136331,392.7447664990272,397.294342578757,423.7199106266607,386.3963487104789,537.2710993242093,535.1393128613471,504.38182225677616,444.6322849480687,485.3447693743659,457.46373522462414,544.7784571729138,486.8834342382464,482.2626827216109,545.7765045528345,454.2515276237625,487.3824790319584,457.2323784779428,461.3865354464575,436.1138745147096
375.28157279184734,719.5087081876555,618.5519497466955,374.1347338639308,309.1350690650904,268.7589574953249,270.9289892157564,249.45166545996875,217.18921382391667,201.62233229663872,212.05482234446524,203.06234570703504,196.60575240397637,197.94813864446968,196.58188068289783,186.649949482172,126.3365438000962,130.84613269162838,132.7041954533954,129.91405919793073,128.8221410692471,132.68109289082085,139.98707351488224,140.29425637395997,132.73915804885007,134.2429007750037,129.6997135439727,132.27490220904332,192.2852407314154,190.96431845590027,196.58833494865948,187.0573874672252,188.12303433495887,150.0815764286889,150.1770073077011,159.77476019366142,156.8060846321508,130.70689018246009,145.56260473720366,142.70433257062106,174.36317525300467,180.74052078967813,183.0261954650974,215.2135565908096,279.5903519248988,335.7760998656628,358.51251046746665,488.4250450416166,614.7375367079107,596.5739932483707,871.6059715613592,953.9872426105028,899.9423142218752,954.3182169715728,969.8701903012732,929.2388943977212,950.4889311484886,943.0987438438688,917.9498131830252,1034.582408330388,956.9564477818744,904.4143551184712,945.1329819064008,919.6561779540992,828.4218953407902,841.3340381127896,802.0073984018323,731.15588790669,751.1732537199734,941.3229114532026,785.027877201734,766.4222777825295,711.0426312700356,707.7540643588695,684.7782124032885,673.3876677832677,661.6371569184561,698.471797268388,674.130559214425,703.7655050781768,693.6184229087618,876.8875703885179,898.328240162248,949.1045243986534,796.2624688751534,722.6254991696545,756.3413365859036,765.5705573955508,754.0044829233149,699.2870348440587,461.163323230764,517.0776506578422,598.5862670383527,444.3267413540815,473.5159747258302,469.6175875260279,452.5197105699596,452.404424374731,518.8420793828096,468.2829884222221,493.5044451672448,503.08854705708416,493.1981862374427,472.67283535891016,337.5858170177214,352.9569141498427,347.8629859033763,360.6925120308936,411.13672560637775,377.4895400926732,458.6538923140374,501.54925695176064,441.9102674984928,452.2482874137432,473.26323398431015,526.6285363293678,488.5348650888784,433.9799894654359,405.7352634894371,427.0992009381866,385.5902402626895,394.9225850815428,431.8409493838381,413.29854193413416,422.1416277363866,440.2722753991641,696.0918278856121,650.2644276254573,510.88605845449536,431.3257714251562,476.6107343349217,407.3852272536523,518.2789594693301,595.7959275284445,499.5332944566842,586.2217233290531,552.5041021167253,487.2695399566833,454.4266242459055,437.1595961697234,461.8518528041792
426.81017674285584,483.6369079838441,381.89105874160384,324.1515215693232,304.1278762457185,294.6088757185515,293.1947313051152,280.8598378680313,271.7262703549687,265.6469445266376,251.47181420285267,258.450979173807,254.83461508413643,236.81687926575415,248.0635255843889,236.17257295864957,239.63896423923416,247.7751601869215,254.60060205666375,247.83504468187024,245.3436406716433,237.6709261954489,223.48683162317715,232.5838487741253,217.19758924190344,206.6518566053853,212.02721984703612,204.48630775759807,193.50491600165608,202.595670926589,200.13540291754745,194.3986605063665,196.4270869811216,148.4534733807386,160.59415878621397,160.13601321466507,161.64522390454795,219.27396486405803,231.14525354258143,233.4261343904118,297.7671819272404,312.1638119580199,318.3877620343494,346.49939398354854,372.846131524597,405.8897560480649,405.43326339022894,483.8881358561056,587.9593594903193,592.798390136114,608.1720945675476,625.5965582870836,705.354985836428,716.0074716020224,689.5018823120668,673.4971505203142,749.3672749552381,695.413574580677,693.2144851012074,692.0125069842496,690.3586067186999,704.7116983530179,729.0723844924804,726.5965050898659,675.7935242491402,699.8892803208946,721.1084568480829,688.5457606407223,720.2870337607699,723.2351357244997,702.3894985324024,764.8899473446452,712.5161642901387,719.9516715571389,691.6540302856866,696.6137250155887,732.1752855081402,805.1170281736132,774.0696826715314,770.1206577817958,702.5671488202385,716.3615533628929,694.9474436786656,691.6549331573527,676.2822921729979,689.229980300725,688.2581928509514,709.2728723357241,661.1566758763671,658.9987087225704,686.6389783219289,863.4796674858563,876.6831107906083,729.467497509727,782.7844013392247,722.7094974064034,694.6912001879845,657.070396345644,687.5818539025912,626.8287158262133,682.8045234184899,754.2707174105644,719.9922300876273,759.3176652040954,540.7239421467124,573.1238957107582,540.8353804432329,521.5929752439696,533.1251115743097,527.2359195015141,633.8442936905981,701.2874125563218,649.5516635222689,647.6091389588555,661.8030819716932,611.1864327156857,581.4685098631307,646.5101701033104,568.8510621501714,568.8623495233597,553.3067003751448,568.9563556336168,566.3874172113896,616.1107272069015,558.927602266715,513.6484260238748,509.374745824902,499.9308918454281,465.1154808215674,448.6996902298674,471.3240962829433,429.2085437339328,469.9662221659309,499.9476068638183,487.932672372986,590.0022072245399,579.848940884946,541.183209386562,548.3403061714878,536.7993322132635,525.6665639269395
541.2892333552687,549.7955743219525,448.50632430126745,421.049736794346,396.7659498873391,391.1583852091809,404.79689735177607,402.3517513209704,410.6272269453332,390.7055976303465,389.0675394813214,364.1218294900548,351.6349504753716,329.3422506938884,337.0387984247448,316.8794660541949,276.3519701164379,275.94538639678063,279.25018142073867,275.4026365091216,280.10338906271653,288.16255909104314,267.5814461805258,262.4887913968017,277.5777090552108,258.50532135338875,253.43517949722047,236.99605358325775,272.0003399861032,276.12764059144087,279.5452293518931,274.63501706377576,264.6152944026074,191.46480662173036,205.4706287752466,199.27143622407127,205.6173735646052,243.2415255192604,253.8792824237341,247.82581196400204,274.73601561624247,285.3613481583473,330.79721758236496,369.5844091377317,379.94416240702674,430.3132321472559,443.8888051625457,472.8914149601089,530.201392763982,532.0267616237145,669.5992418106398,674.0965983502917,710.2925864390844,759.1995652608769,767.9929280920542,753.1488890760875,796.0370692814687,791.7009326721422,813.2456992488669,809.5492208737286,833.4132990262235,831.9653946123309,825.3543716285052,811.7480247730022,801.4004115714098,804.4366781569348,830.5035248782107,831.8751760841828,880.9441609452366,834.0828203711847,817.1155601746265,908.1256280105288,898.9095666977469,898.7387390198198,875.441918474754,859.2630101995331,928.0603915543196,1042.8343478963902,995.725115868772,987.3443730499146,943.3902529281438,928.6098131314664,886.4487887386382,863.0739784918751,844.4039069545604,863.1392638780552,870.4874815657979,868.0911769333394,812.4461658302996,811.8367310437178,706.163134385716,780.8733412692447,788.7318884788941,765.3014471433443,806.6935305683772,751.3921168486588,733.888075754208,723.2986218500841,733.9610313880282,709.3676439199396,751.8986943809044,811.0697887963623,767.788789014417,792.3774426894108,636.9410508546212,666.8877929240641,656.6813764287882,634.2803458921962,659.9160288899049,649.8833875478624,688.5732927684877,739.5928536467221,739.3197397460126,728.3510213769799,769.8808521408233,685.9544909525848,704.3590543156781,733.4855404230666,633.3204370543251,625.8752272763738,609.5325405710208,596.2731079549291,589.6778583038058,654.844191057178,626.6928374845498,591.1998395697647,685.1274712679767,709.8080549943708,652.893933886069,634.8945007822358,669.1957345436197,604.8915088870581,620.423400999327,631.8270856003658,678.9236889905162,688.9162918294277,630.1750103324324,592.3518123574296,611.4339765338119,622.3756033250759,591.5668769595131
868.6338856747989,750.991212495764,646.1193995185506,615.5202209880432,586.3857952704827,598.9945104943217,638.6009274345032,635.8552013375559,661.1299172960042,589.2739378796732,601.5153762248686,528.4252823749482,501.3990316010035,475.8798564828124,501.20570872635926,477.7094283666608,302.2858267914606,293.7667319775757,289.157105197947,279.96099207618164,292.9458158006706,303.89436388995506,287.3034885578253,272.64784811374926,306.9704071310875,279.73857503451256,272.9435507365981,252.7165460255885,397.9319806430535,402.8367067379728,407.8607576406747,399.44246798065626,385.3815650068752,273.2171518499628,273.2502576902492,273.46813961128885,288.9203658640956,246.8383817374242,263.07665608353807,252.21978016889548,273.47498758207075,283.49877926138777,335.9103582064902,349.35230059857514,348.2647133995902,393.9646854442559,422.41793043063456,445.60465576544703,498.4169948018932,493.700852791867,891.4175131993605,890.1389811876933,951.6075318035338,1025.2874106593083,1070.269839107904,1057.1177598251563,1047.7074001393016,1100.8133587597129,1116.3284310760507,1130.8576946786325,1209.6285228894335,1172.945047146485,1179.0334207269657,1160.652787339572,1206.0819495891876,1139.9457995688892,1202.0789018266664,1244.4392787012362,1260.3367241414785,1216.9374409496754,1196.8198250405096,1251.1438186860448,1342.8622000019557,1326.7984328221426,1379.5691678635142,1341.6091935400657,1372.519139139267,1507.0001517601247,1480.6202958796318,1454.791246615226,1435.8255032995462,1392.605458952242,1353.8473339788147,1308.7578862743137,1304.634938022147,1331.540802543336,1361.3974824007332,1320.2922752163608,1252.2014687717244,1245.7710786947412,765.911982365497,772.7608744931559,772.8057259747951,819.8879502211033,860.9058165142258,840.0596773416268,833.2223549048045,881.972816517644,879.9151259623516,834.4822518665975,829.5363149020292,878.7950569399596,842.5627048555039,839.6347288656262,1075.719270657018,1090.625932471082,1135.0871684439724,1083.549025549565,1133.3860201193647,1104.3914189205998,728.6797455648002,772.3877363394589,823.7648781737512,846.8226871890494,892.0523343612883,774.1555002328475,779.1146594787149,722.6986569353871,668.7129558598928,657.9807625536906,636.7404566290941,622.8744141725315,620.3475479254078,670.4008959893255,654.3285372535956,655.7011841913321,1069.6712453318307,1117.8580781102223,983.6603205202532,958.3948260787608,987.397421601514,909.4203925685908,912.7018516401292,900.4128402411328,997.0340929615804,962.9609550579332,902.5708695480006,808.083880466913,816.8552146019443,806.5436957547312,788.9495058714402
784.1112429381191,692.204389688084,610.0985759511625,573.4914038765077,576.7552777211505,599.33606418683,654.0874003629209,773.0620322203342,821.2387967528153,695.2771076948349,573.9362586514591,508.1532410419254,475.4492176271141,497.3154476027094,576.101039214093,577.6330005698971,591.0407224545223,510.4277791510254,464.6590522834412,423.66728529277447,407.2979833449508,379.6200678307776,362.44804118656657,340.8711580085605,329.20263135561294,310.7632754737803,312.17145301168193,308.1132896734754,323.72818431238784,326.1641267150337,329.7952074558855,324.8644292635617,312.5448335043035,236.71043727022897,232.39847840632177,235.54580171619165,250.2414269708493,301.6090667028432,309.1248329000441,309.1847215863468,322.34407818023374,355.4671220771933,407.0679893312556,456.24122772120967,452.0588675918193,471.8849322812016,500.7874682088819,526.5943429308978,609.6599538510412,612.1490913748419,665.2346935768358,652.0881948000812,720.6989275965663,759.3722203139547,793.5267150298598,888.3032982168764,837.5663802960355,906.0839311003068,974.1151954101734,967.4383476854624,1012.3054264081288,996.281869129031,997.263411433021,1036.9953090861022,1108.8454932837533,1057.4828741890003,1123.9187685407555,1210.3174535036335,1136.6878536270997,1170.5574788939116,1166.7126498759324,1222.404146426977,1316.3711086309877,1309.699209920091,1347.212192779558,1327.8122483950922,1222.7362426293985,1275.112273131872,1251.69489524359,1241.0007018282815,1222.0586464459798,1195.5872948309752,1235.4802024142252,1300.5241875943152,1314.069823645176,1235.904906436253,1261.2967866671363,1290.6279862786605,1296.838238768039,1272.6417749056377,1207.1701181472936,1213.2994915536228,1207.644952327669,1222.7453658900693,1247.4556184702974,1218.1472804453213,1207.7770262525596,1206.512933292889,1206.2173621376808,1157.0945754648867,1126.751224405578,1123.639671534938,1179.1470790868166,1190.8657479733308,1240.7087750110095,1302.583609054862,1311.5680661580193,1254.694478838018,1267.3502978511171,1225.534393943519,1052.01406317145,1105.2118569604672,1109.81805117298,1088.6048298463506,1044.7784835875048,1014.9523991721168,1033.366488196403,1042.457413217616,1018.1323137132229,973.4286431819462,885.3018889406603,822.8829417549055,768.1765689188577,758.1833630251456,739.4296802991031,753.875693595887,787.406029644618,821.711862538801,835.0384746000524,846.0294519443245,805.484556487616,822.7537035916714,854.6023551139572,823.8017084375514,756.229940678796,727.9628992249785,725.4304895382827,668.7840508814273,687.2736317040938,670.0412516377455,674.2309775725299
855.0270296154082,770.5274291714368,736.9767934640114,662.3345777277914,577.3215085406341,654.4007163471513,731.2434328618323,790.5389966667359,804.5458247026237,695.8241331267798,565.9188084543212,520.3208446005892,515.852130370063,501.0498562046748,568.8841937298918,578.619645009395,421.6076887853194,365.1572077354514,338.7986640458929,300.716270156486,275.44266466666124,270.8409255494518,259.8640322583021,253.46571359175675,249.3650724483395,236.55020558824185,241.63312542389212,235.9588928320896,333.8593684427194,349.2982181234996,357.8607176971556,360.62427774002856,355.17326504213105,319.74844577054307,304.5657011180977,314.62276414945507,336.10772904205606,259.01625833790416,260.91751450417445,283.6180597694342,285.73921251742775,314.4436147898643,335.61448470498334,347.42739084461056,390.7461235713224,426.44543129201446,461.25183159467,493.0597930116588,545.077950047653,551.2199849526597,879.1708344694368,930.29335833529,977.335020890615,1006.9256244696364,1057.5176390135698,1161.7678953614943,1125.3085662977928,1251.035120591765,1301.7117205740983,1323.5681462710886,1315.5928450454462,1279.1631728019713,1304.7753395914378,1391.8047394351436,1545.562561944536,1443.0068606021969,1458.9479506213,1507.750777037812,1456.59893239093,1495.3666940263568,1457.3868085773263,1495.6445979285156,1458.4616458073883,1400.7898859729096,1432.987226983246,1385.0358327959243,1368.2223178341867,1365.7076736002605,1364.2537249069344,1380.7217953809693,1429.0540679228168,1377.3514850606202,1444.677228101371,1500.6142226663858,1508.0285451997258,1438.056475921839,1529.6035229457182,1479.5698627048218,1506.1592318130372,1573.080536547814,1078.9490492641537,1041.1330096287884,999.3264216122544,1014.356643853465,1058.947937535519,1092.0441042150353,1093.956170772057,1062.4067537311976,1106.952692471896,1071.6530287760206,1014.5953984206908,975.8664020764212,1033.5048396853883,1034.9372927775607,1135.267660995051,1186.0783011080553,1149.0726798208514,1100.0097405556237,1146.051833309769,1123.601961771952,941.76603709783,971.734089615782,938.6660016909492,940.206507886176,942.1215951623668,896.4167766872572,904.3802984735532,882.4176707559933,795.4574820001452,753.2396922336727,683.6890330698295,650.3291700737178,620.0643653612603,629.7915942998144,611.3827912916057,598.0871705308298,938.156056974022,1029.2750728013957,1002.218812754904,977.4469876702392,871.4418379179748,872.7362904829399,911.5063667324204,843.8082695364845,858.5606505208467,897.9506445339987,880.5654304107193,814.8316957591832,810.677723586587,776.8530159082538,789.3959201672245
773.4810062736034,694.30517950575,708.5321531951018,639.0580220313324,561.8516988675541,599.5129022551129,628.5900796315345,568.1703981639786,547.4359734459655,496.9293477239768,491.49545259967016,482.1560888017059,528.1854710558716,444.4017568886365,467.2019031144415,475.2117358261345,487.9131670346668,467.02701525601856,448.74332251289854,431.4597235878661,411.61439298512994,413.7754618994416,409.7452660128155,409.16146248909536,387.9479880464689,374.7635898626592,386.9426248721505,370.07504484341,338.7196773132402,355.97429304754195,355.6195427711254,350.6468541805772,356.9033290123821,464.4012464332228,440.2453518091543,474.5635584617251,523.2527371303046,424.5882735486039,431.28703518288097,484.67714244138045,482.28844326229694,513.53994151621,537.2717034584992,569.5351842023422,674.5429689455493,762.6637551695236,845.4650206324865,910.7497337644248,989.0035421699404,1011.3356533995836,1005.2108036546268,1070.77085908638,1153.3408969280056,1151.756086793417,1156.849314683824,1246.6569457249475,1209.598564280839,1227.17181296051,1221.721112253551,1280.266686843127,1339.5521616921335,1342.219553173183,1373.1611767999198,1409.8189495923675,1495.4058750025838,1396.347243851895,1425.1944052309818,1452.6217577259845,1495.8130792852303,1508.34415581077,1474.7276830413207,1427.3991158348367,1410.2369407725896,1352.697400270711,1429.1245056014257,1392.4965033855576,1486.3917140009391,1436.1113312984971,1428.4130450269863,1413.0075001782209,1462.2212376317254,1426.8984035254598,1454.2503191897042,1406.6929725670277,1452.3279045028146,1396.097874253983,1458.7819465552957,1410.0745704263138,1369.474126494194,1442.627869047752,1644.96383548888,1624.4485724528877,1498.1295719598604,1443.1848077737825,1480.2131757362838,1479.0384118577656,1499.3446732137722,1512.3292902552284,1503.6017642918894,1493.0241314381965,1471.6610142912916,1436.1951421993294,1541.2338475445172,1509.5096624287326,1489.24946073879,1572.1846648746318,1574.1413706171836,1552.0796852752765,1641.6182568448194,1506.1788616473823,1443.4035298112994,1521.597759614673,1491.5206617410456,1415.3738559510623,1493.9328171041454,1415.2970013803472,1475.1629679734403,1516.8755119339164,1442.4165955848869,1381.7076059377544,1283.0174231282278,1241.4991087986227,1182.6780444239582,1162.7900908903423,1156.3727669556663,1185.0786022326004,1053.9833189010062,1108.6709617122017,1075.0898097916852,1111.63618179611,988.626322508478,1023.0916275426852,1073.3413428498602,985.8823531284012,1000.4444594203125,1025.936878569222,1007.4770655684562,1040.088058071606,1096.5267407802492,1058.4562397062712,978.1312990827898
408.0331089425535,355.52986276036955,342.8583274194254,333.7199937932543,302.70233222106623,285.9744082516254,304.2934323747859,271.26849053855426,283.3576551676823,270.4609011968943,268.1788725876914,261.7966726045633,278.5168950726709,245.63675870462563,257.8000317083555,247.15224178091395,207.3902826117664,212.1318746203308,207.5541831202024,203.84280463929852,194.82790793489391,193.21110605873363,189.08523010637896,193.2876713350287,185.20010445093723,180.98090711305952,181.02327784534268,179.74688866380555,190.78764254738485,196.0448553513505,199.40773523740785,189.92307647638128,190.04495555250907,206.8482185424245,195.13031772250983,210.19074914608137,234.3869667012336,192.76406688391185,193.72005622831145,219.4831838102434,221.6632963924636,233.4453846551413,263.2093850958053,264.1928582296639,303.6183571553356,341.9212628962919,399.7612950653676,417.520527031398,459.9809776441506,519.0217447722165,618.7858986087627,637.8333208585224,731.6223633043255,748.8726235576355,765.1843652163651,838.7919408459957,784.6912192865587,746.5415892849101,723.1181772746938,750.5013879021325,795.0921737264179,808.3655981853724,813.9137323678119,844.2882960170516,851.5664099104368,806.3400890707685,867.8584619082209,869.7813072767173,886.6308223874952,888.804121837746,906.7268399140396,873.6166642575107,924.419564368972,894.8709880045863,923.23464770349,939.11976009865,989.2578142922628,960.51338093444,1013.615513183342,1033.8891648706,1007.0632647773772,1016.785689740523,984.6143924614092,898.6205705349535,923.8502778892008,877.534461261729,863.3952737670635,905.0438663056116,843.2781194703783,855.2111407856573,774.498182460946,792.6538523025596,758.0500654520744,742.0329512903123,746.8468816365918,745.8332459167226,764.8880309477281,787.661454198828,737.1831373829061,736.5640592671346,728.4202667529026,705.0711178904435,729.5195582574264,705.1304186489812,783.2580917561733,829.672441126703,843.2950949026738,883.3437479765229,967.9151158082914,859.1801155498104,751.4771897235377,814.5367477594662,770.3821558701856,677.0850474766544,714.4157258421363,681.4479045945767,677.1303049273346,681.7597001517805,661.7766557502174,659.681291045801,625.0419798932451,627.6775645577565,590.9004036350908,576.8058971808669,573.2126381716323,572.9715962424184,585.6592213235672,595.1290880798673,576.2422241900199,610.5683241970214,560.0785037546692,588.3982872166392,601.9000427357103,545.6273305470094,543.3853992431359,549.182200494842,518.4514608892297,536.7757733120842,588.3508715760587,563.2539933313893,521.4412998239125
402.9788541164011,376.9166109849164,341.07804270384247,354.4935452112937,349.14912248624256,318.8084064034241,359.5909467039889,334.3633667706213,351.4882102982646,324.0171073491358,305.66569196510875,286.5430180570143,280.8278305272644,267.1171025753041,264.7345041639097,253.13042602511197,206.73989128306465,229.51184076470133,215.6674682531006,218.1786526951941,205.23457530548475,196.6434660400358,200.1234459236623,216.15636550946917,191.93417540006627,174.84234423247145,175.78237378567644,174.3496824792584,192.04287702864065,188.3989154247104,189.8660943203116,177.1894046990653,170.1217483164853,229.6551078459952,226.1752465036656,229.8326705906864,243.3657425104672,151.3196365830804,159.58187796252906,171.7939916721651,182.294718317336,188.4983213911476,204.37714976129544,217.5129356116205,235.72194361474004,263.9682701991938,289.9204649742028,309.3633982695721,368.51406776640135,391.57405211001446,472.0394588029976,515.4250222827831,503.6992180324427,563.833021871563,606.6742942803583,583.496918263479,546.0430428861841,558.0088788637114,533.6400649539682,540.9769273911705,517.374603818779,549.7297642835254,545.3319055600806,611.0149734094074,618.0868045011354,575.5122800682992,648.0853441280634,621.4147856377091,585.7031474080163,582.3048046141213,580.5869049793367,575.359400062748,608.9971414217495,626.6307993865971,606.6346855936138,636.5317029397569,622.4526519603056,665.6393592933173,666.9755459633631,691.217345101724,724.1846673447006,710.2179689097641,753.7890079377324,741.984134020413,817.0090325358557,806.6450736483583,762.6540597018775,731.148336643232,693.8257377723876,657.7611061259573,556.318005625901,560.9592358729578,532.3720896774882,525.3735212242378,527.648952063174,516.92393452291,524.6709663666725,524.5572994824445,545.5566061624105,526.7963850626767,562.0886547563939,541.180809754368,532.5622552657386,531.3760370735171,678.1863840238495,662.4585450341527,684.3477935629787,691.8365851364115,703.3482305676029,680.5482088798987,501.0560991543059,486.6451233883082,513.8706188422861,447.2673504946167,472.9875973190009,427.4096977448185,397.21197110661166,414.9032232718759,396.9021685535482,398.9163631025399,415.6543958354987,403.22061095361335,420.3985249922755,440.4491730022131,421.3365394270784,402.7832838310084,452.3896695207428,459.5456725792535,476.4253885144908,529.1868137472741,527.5918980959636,484.74291057606666,465.3078304705317,454.95667994092696,455.6844022982218,430.39605513655295,396.1988125108285,425.552304467811,431.19357130676417,412.3004847155489,379.5029188955176
317.52331073393736,297.6573917701897,275.02631265819986,278.1917898044407,281.94515361106414,251.04522435203845,267.23741255595104,249.8941968745391,247.9109998410128,231.39748560182028,215.84953623060505,208.8306151429512,204.84729495355924,202.66414554990817,207.88148968093856,191.47476936234008,228.3931548190297,238.4040788218205,228.7295745736704,238.97138606929207,222.6984367496945,213.5028868054597,210.39267667317307,218.044472362974,206.6918364705805,190.31933114915483,187.65806478530243,195.48611476778072,146.1866698444516,143.22572223473836,153.28899960139196,140.31192523425827,135.84738738379357,206.11931281286516,209.17494872418817,219.056321608836,232.5021538649272,192.8075653948933,217.7828429925935,225.1823932250989,232.35223334404049,239.62861153105652,259.2591332949878,277.2672172715531,314.6079205059145,387.7844726331812,435.2479883841607,441.3045676689071,538.2208951741368,583.9464532673884,485.6633440840398,547.5172106169334,512.4798335559204,582.284132788041,623.5115090910017,584.8238738368287,582.5664699168665,585.945749804358,588.0365983992396,603.3441513132959,580.1129075949816,613.2971030704234,589.508153917345,645.1526365601494,618.322388251446,579.1241803989019,612.2325470410991,604.7139253404446,591.8231705129622,611.5897810341057,625.0518842961745,602.7524115102042,622.6393741326807,625.9139368701109,592.8550308728376,641.8858144781949,641.0346674513535,692.9832236496986,689.5549046540624,709.0355976912969,741.0133080624736,751.0254036937421,748.6326627283077,746.9775339904119,800.0759737795055,821.8029766396286,764.3539979199033,719.0678823542868,710.0963208052651,652.6809489169141,803.1986133823866,813.7240469010334,751.5612077153419,744.4358349143045,770.0434901438292,747.240347243995,734.6405532703816,720.254386477495,725.7100298415716,696.242642866629,745.5649847743402,747.8368515703525,722.5684985254877,699.4684899869394,727.3185110520612,721.3195507787351,734.1615766825615,731.4670092508546,720.0261866268946,723.8215814397313,652.2453014512064,614.9667083165994,635.8171536698309,575.0411997468525,597.7083334406025,618.9187492605115,551.6678741118374,552.6257424575274,524.0120520534499,579.355911998779,669.1174519550727,619.1908793995175,612.9783048443276,640.1287423218976,594.9341369542968,541.8633499788573,400.691441259891,386.7057571374896,414.9329664919652,447.540788612362,425.8240742066279,392.27500590214606,371.9852090737026,376.5612496207024,364.4353126045889,344.0362646853888,314.8821270122545,338.3615344529548,352.6518028826109,369.1844438046575,319.59294006845766
367.1846123524193,345.81814422555414,325.2818998339568,310.617250209722,317.20384103172654,308.3535671945043,309.96178467081654,280.8310501533896,254.22587852485697,234.276848200608,214.200136561576,217.0846088266395,211.84418856748164,220.32670998167225,234.98433129274736,206.41342929850745,256.001592867644,237.51478198796855,240.01175452874432,262.1929088341712,243.38124656863369,232.24765959511777,223.86658965683836,209.9065016139211,218.9716928825812,213.5179380573541,202.93636330853928,222.53897385745472,162.15071581909325,160.91420708113603,187.08262267941896,174.03393002227915,169.87840745883173,293.1852511171358,301.2663360380289,320.0875242077855,352.7556597918014,264.29535707557767,305.3493734550196,317.5716433111386,313.74742363729007,335.4108841975078,362.8446819892606,386.8138402477128,451.008851217934,595.4875850707299,690.8744987398057,670.226104518126,800.3834088817857,882.3825287548543,739.0948018373458,859.9339636481728,804.3753937090272,910.0656690313418,957.460577355635,891.0908643799754,921.6562883429744,907.2537231829784,950.92549681962,991.520151114706,961.879070481899,1012.223009598291,1005.596379683335,1069.276038638145,994.4603060972712,937.7471993733128,897.1691424587433,910.1509639747368,911.9769306572804,946.3356746890306,970.7076051310128,911.504899606566,945.4747399424966,922.568013790184,900.9914034981504,1000.3497454106558,1007.4745619171744,1070.5513724366328,1091.771339710741,1090.167444585068,1135.5510885318874,1146.409273018164,1080.950890480527,1099.260325979557,1139.3574952057404,1189.0460338134335,1130.5118662377276,1059.6263131389114,1046.036328397985,960.822461897662,1213.7560834269218,1221.3723497355622,1132.9874849756725,1104.1074983463486,1170.2327775613562,1149.6256570272906,1120.9133606117332,1056.6263771728147,1029.7218911456266,966.3004290908386,1025.2842825752734,1065.1945554837102,1049.6781297235111,998.90129979526,817.9897577497,820.3770122652318,790.9531229969789,795.8317396675465,776.5353185979275,793.784022835997,884.911135009377,869.3554625073789,860.922872017753,804.436621963122,849.2340692963595,941.6385299751622,853.2694757099883,813.5986060857565,775.0787485237832,873.0542233663305,1022.1549955446582,930.5619332065244,870.0305615582874,908.294634820637,804.9847124065011,697.0011576327935,490.3355371064935,463.5374390399583,490.5934196255765,505.3536571122239,456.3456246544562,457.272775132271,437.9863784612405,433.3883061948226,412.20340945589817,400.2766168524672,372.9299262733129,393.46351480113645,421.8963539034595,472.9633021530746,403.9805858518321
294.3404114147154,398.55484931556816,380.94275007106944,306.03519614475675,317.89062712340217,348.5153238284006,280.30119345676985,269.1275092899812,244.77622818969363,225.05255147337255,199.35325614601496,186.47867563157703,167.45639796761515,169.48780949363544,175.257750455503,169.72680154011107,169.42892437554045,160.39739237404126,167.7509507320722,185.38359973661733,214.4106502497756,188.84787812807625,175.1027918393704,164.27257602915918,169.45497842744982,170.72235003663073,161.585802768357,169.59978404795274,154.8040620617675,154.63497015307334,190.44112558673427,215.6263549495536,225.45951878903023,253.31983862797023,242.4628108672177,244.8092167773897,274.9033958795652,191.43430955632545,222.4866791138205,267.8807817765699,267.72330634553595,282.9473820039523,334.8844161935077,338.7917333772989,352.7165379533244,469.5874613850268,567.3049809822152,555.5958374393955,626.9781351957911,653.9538701497152,750.7900738676503,882.3833867536646,923.160719671156,1112.5802642392896,1164.0020789304162,1138.043470488076,1104.838123728946,1139.1099819776866,1169.064760207253,1202.9264694218257,1164.668109484421,1271.6292478822593,1282.9528084124704,1464.8735830533744,1514.177838526197,1473.010117012171,1387.1648703208973,1444.6532792267485,1371.991199037567,1355.996832379655,1375.6515127060145,1249.7741833014636,1341.1714504644342,1209.615085669536,1146.515645866156,1325.4190037772885,1193.8536035394452,1223.9291117548676,1323.8038371724558,1292.084187835903,1384.8991858882137,1269.7418780759986,1227.7440344392548,1314.8192722009649,1382.345263096417,1251.1927681036675,1199.66987525159,1259.440300975826,1244.753087710979,1226.1207095025402,1262.254497806828,1334.0030193743305,1317.2380501188145,1188.5568440783695,1284.172157794223,1163.3814180034954,1160.5445973776816,1190.7758072353597,1222.9675326904674,1094.127500123088,1088.943803363985,1096.2242973896575,1080.2472995045107,1096.0941929142057,1069.3822152741695,1053.3714940949967,1058.6409588624829,1054.3000533905458,1069.549909370634,1035.7453104128715,1081.565592249514,1158.956762434218,1203.532805801604,1209.8508076934663,1343.787329424653,1319.9929298863403,1277.10503548077,1217.8984923461992,1201.6378387168013,1176.13319447995,1187.4223998022385,1107.6022277495945,1124.7941777578378,1167.396481122444,1218.7285949265852,1036.9002202205409,786.6590838969039,724.4299967883654,695.3909538686577,725.9026767186257,610.282029861423,623.4281687582944,616.2275337435532,615.6632331048564,586.5420621206712,547.0222032195022,538.225850714955,596.4114277472067,547.5919240238634,522.2613054728165,452.0893193796763
193.33362138983864,273.7255040208932,257.63739031632014,197.36258144600427,213.22172677870256,179.9095823622733,156.17119865635314,180.5937413572696,163.95348393432394,148.66589802562098,131.34737103881525,137.3086560613075,119.76627318874726,122.1642273634271,118.19415935903378,115.39980230447236,91.10220672304938,92.04763316927716,90.75691548647,98.06329363188377,101.74946583784217,94.99711591696828,93.9588216344347,94.8814620631653,94.96479687364288,102.40288717933775,98.18526304537852,96.76206904899018,112.01913841607008,113.27826013577236,143.09539772985443,182.42949758405885,189.0568370641632,160.8178989972589,151.65454770331985,146.93522059247206,161.8735780234229,115.2093592279281,137.62254106876642,138.74736061556032,143.49221352654277,134.12936680362634,161.08710568467598,175.01418368217816,186.045416559412,194.2487657772962,252.7578416942017,252.5023639994293,276.37656194315974,293.67314701411175,368.2859570854756,450.6719281414323,476.1010499656147,584.4017666408535,614.562906487178,602.0092522935826,605.4470332833961,640.0751893966795,689.0563539160963,670.8911068914608,679.1650437495484,703.1131303225563,715.2534382050815,842.4300701558891,885.4148576959915,854.1266535759779,829.5433162095621,864.7730476267012,794.1681487688145,828.6125332306827,889.3343704135909,802.1404051049418,814.9569253990136,758.0465218019579,718.019060997234,955.2412138389832,838.5959980312529,774.1944299019481,821.6248486446997,789.7245778438099,787.9303701697636,786.5761175136504,764.1729742517748,747.7400613058732,769.4326265372292,727.0577458901164,724.1576908537274,752.6280932741969,771.971811286864,728.4645847155515,623.7588991211409,658.5107206703763,642.0960436185903,606.4626446583942,624.4101116036635,610.4709119741179,622.1715708229897,594.1338003496264,600.707962407915,570.4496806686392,562.7872201738527,614.9504032673705,609.6066330103555,629.2677551635069,592.9013916551456,602.4758337560004,612.5586737318619,601.7048583995318,599.5582491181251,579.6282252375363,506.34159598358895,512.6016962930064,552.2442638051562,468.9253700983158,462.65112385102,432.1669805535198,390.88207218584193,383.8659640076802,376.7115866666673,357.4425601135696,371.2803243502765,359.5270076542748,344.7868106655852,336.28730030745686,385.5147130509959,322.10200708067833,330.90333251621286,311.4036576182823,305.73121152974414,284.6992218936657,264.4513946523769,277.228089892733,266.6476416817049,255.96038606398588,272.24913397362,283.3156415114177,264.3763856397248,255.86506864408528,277.0729105734162,268.15699673000665,243.1162260580957
117.88352531901673,120.20992701703706,103.02076721113662,87.52801606714422,103.49788691294178,100.736626447511,99.3919774159021,108.90740895898207,93.40764204274714,94.22979670750432,85.24434841065634,93.49830171238924,82.1622036026003,81.97679555882479,75.80948859862919,75.02589061423889,66.33692980841333,66.47445977836944,65.78174813426168,66.78724839078666,68.81973764953621,64.24861585758445,65.57348382747239,65.14425926501711,66.70773867508674,74.2158580505791,67.55413951860572,67.44663675033826,72.2599718050079,72.72271166871136,73.51554265996545,81.1715393044893,73.70895696558357,70.51090697531569,71.90442466521363,73.83689098149236,86.4457985641869,77.56506979924886,88.23866439041682,93.09709824854517,94.89028765850928,90.82252434919604,103.22492870721992,118.93592293682264,112.86213064400424,118.0867454300258,142.79938011791086,151.18129649156302,169.5436726504797,185.7088075674385,196.8683093068656,228.89617641837268,248.8416406167009,305.6955506636748,320.11801032605104,317.60778179315844,316.2679780750637,335.3787788475935,360.3860110619665,351.1372452807028,366.4501888022308,368.6020354952241,371.28580634850175,411.0559122917216,411.4620395726988,388.26438024156766,384.0712570657271,380.4701904033754,372.6903983867748,380.260539838102,420.8424286238791,397.89673430986846,415.4240161809089,392.722451916992,370.4202117495375,546.0457956336498,469.7299241302951,401.1481805524807,403.5633867077657,386.9749405728836,382.11189690864205,389.7632505961925,377.5768960934985,347.400729719254,367.61051031918913,356.17030214764657,348.3609176842751,366.45097559821806,387.4455270639226,360.9490762055261,354.74378265892074,370.3424798060704,357.06763355791395,352.8250805275613,346.0087994211177,339.1679346708134,346.62299976119226,325.69861269601137,317.94374710720405,310.892247647777,316.1678248331213,368.38398904896377,366.48924465672593,400.7208475990702,353.090720846805,331.52835393919867,360.8950431860162,326.8957040711766,331.53213950304746,334.84281495861603,291.15649110003426,302.112453966406,333.21815406621414,294.45462861666044,284.2756406558294,271.6809266671192,249.64983994092657,247.3488942758552,241.52340677464855,235.5800993891668,243.6763963287928,239.6402298878002,224.91282512789235,202.57847516219303,216.67042425009984,189.36523318599043,199.56617231959464,184.21467191865383,181.1484129244021,166.75100483286818,165.47536318992155,170.59982039489134,165.8643308695609,152.27565236291636,153.67735880890402,155.23669560910594,151.67765052133765,146.7330465681561,167.87732530392685,155.663019690056,136.50254801064867
309.7018962973731,321.0152167289036,291.9712731649257,271.10796501446595,313.92167215163863,303.72075281876914,295.6107551518248,289.765606299017,263.8429577892505,262.24377219590207,249.6933507672757,261.24027019070763,251.2013613662181,257.6110543540718,251.65720951875653,260.69931380853683,263.10460179885587,268.5420575658673,257.7654320410304,240.06148874796983,233.0788922017986,225.28739399934923,221.5882189528154,208.5834463008431,223.9447661624345,213.29337989675236,198.41150579493325,208.5915597880416,195.46659294460943,220.76459325952288,225.3415157121541,221.17239734232777,202.31604005718637,241.47663137024907,243.580385832088,231.0772518318225,249.55120186292288,221.4870853275539,245.91330755114305,250.0165873892944,242.54855911173684,265.813303920907,298.0829739391813,307.8816264518304,315.41491427064176,323.9472145172244,389.614461233837,476.06603436918095,604.0263140166871,668.7200548163162,639.8631367328843,734.3522214025668,724.9778719071189,777.4470682668372,816.4623899560747,851.1819816508163,838.4147789957644,882.4786343925828,853.1036460640968,895.7481979517845,948.2150705909032,930.5132988332678,1028.0961295559002,1074.0327104840298,1036.0016847666695,995.999847565941,1020.1629145730668,993.805192092073,1010.179678102366,1026.6616273319655,987.5770828272832,970.0007852820976,1077.4944268185138,1056.6412026701798,970.1734303990472,1135.8233395794648,1050.6176000886137,1004.39639785137,1008.630192499055,991.4674278035916,922.830300150109,865.8502429454591,863.5212411885394,884.6798258488341,902.644437171647,922.6545521302498,789.2454516245771,741.2119402435977,756.6723094360195,700.726116334834,762.9685956482999,751.7426928243164,736.5961426522732,796.4844755079147,754.1700683105975,761.1439192706318,764.3245412143054,754.0972432216223,711.526709279145,738.9094080964179,723.1122627395345,738.2661360377158,707.8976576887745,742.2480526260957,681.45577756786,699.2120852387092,784.7674729869855,740.9980203570269,781.8178642250134,795.418139879971,735.3030331925153,721.7228944117736,697.2497083875182,654.169420336694,669.2654747961444,653.5126567558557,595.1320404784892,603.6220664813699,675.5760039147749,688.0999118695003,629.9931849370976,615.2787266484733,617.8254144753693,615.4019389116918,645.1319144931621,596.7149682792148,572.6689763570023,528.8571627128229,516.7724900461037,492.267046192922,504.8504034808873,514.7374642742543,489.9739168114405,450.7540778123201,449.9137797975741,445.4217895557546,431.4320738164296,423.2535250865648,415.8890061620298,437.36183848402,407.9422085698046
280.43634741416724,277.0349123564214,261.2476193981142,245.8950903687804,327.1147104731825,356.6341085307376,381.57020535677,366.29229558879314,304.3949529511744,277.7900434352798,266.4776681705016,280.25580646594784,257.9227327212067,261.3366964383082,273.044396846089,282.1824965200622,286.0496651246535,287.3561841091856,275.99285683042086,274.6024900807839,268.10156380095435,252.6497920384745,247.63681930003244,238.56345943397645,252.19524927535767,241.39314221101185,233.39334440430312,217.05353871434892,196.92165883387344,200.87639857326985,198.7444501431406,197.6543952501838,183.9119751850081,371.6457531328784,383.40888921343327,387.13778234118337,379.4377529536552,219.70872359284775,251.5445000585757,235.9468722419342,225.6525848444879,244.7266507312825,273.2501960343912,277.41467557975,293.86632858005333,301.73675628523347,358.5467918115964,434.00116846858674,502.64599538529495,567.0680203002365,515.5873846135519,588.3569441321976,592.1344632705652,637.686354246693,665.9154456288145,678.8002094375734,663.3253927072178,700.2194240998074,667.3212073446775,728.2636976182112,788.0832949310822,767.5419355459895,841.1744496915361,874.6178800431362,872.167634468598,858.0746668272706,867.3451555789991,850.3222955559958,893.5329771493981,912.7936429011348,867.1813132866071,876.7576271061944,925.8941312131774,885.7966473856637,829.5686647926542,870.9912268162867,831.0199019640108,833.1759274428109,893.7452493336326,920.6013562611664,845.3922747875943,768.768136197215,790.3979920467206,837.8541895746046,818.0838691151705,868.3256321155337,768.2124288315298,708.3736628124898,674.6436804507888,600.4616528455927,707.2182378948035,703.2809932013787,675.4709652273579,723.2774282275403,672.4302977251928,714.4815466043956,723.5456735870704,741.1941440358141,692.7799680011219,712.8483096777292,709.7074127265507,722.3873012497922,710.0079605907802,766.8812197029359,945.7250105688208,924.6454920518833,989.3362137913988,970.86910058617,1008.2614476873588,935.6317637918338,724.3251904022599,679.3038570549065,647.1480752358494,631.6705758021208,662.5612037697026,698.3499931664832,616.3210100622384,579.9468621128444,682.9995600489342,740.8304943043271,644.3503970586485,594.2585075853815,597.3731218409704,597.112068807898,610.0079266419692,556.3888955099851,512.3915612243934,429.4160711382592,412.2438499176778,398.22833458448,440.9712413193666,431.8165756130995,427.6942215066031,423.7609377779797,463.8721234622196,449.2741486279709,414.3018128735525,462.6780513631612,384.1679988900538,386.78340174334863,396.6072233789472
286.9734910063264,265.5876045638448,261.461887056276,247.6353131550788,303.18024274638054,323.62364474923925,321.5706770619095,314.35150377694293,258.438858280397,239.6787830555683,246.4276543909004,243.85774088923637,220.0351277145905,223.3277026545822,233.06071188822696,237.16230964011493,350.56664846431966,336.1477194916392,327.4263974718272,337.9519439505143,386.2416684660401,352.40604498968344,327.7014188027226,314.3120324089677,318.4877243163584,312.04607831660104,301.3992330251003,288.73377565918923,182.7259141793264,174.71397714967105,177.45527705520163,181.61002473493377,166.99011188997886,224.4665183155848,247.63433133001777,332.4185623950415,283.02077922927543,319.7007778880285,325.7721605365989,310.5335788564699,305.23837101014203,306.34102756280373,352.3723906748769,376.1919759582724,386.5234443474459,457.5918962960176,519.9902186364476,558.190478200962,532.7023389247776,588.6406862516958,357.7373835085295,405.4649817751407,404.3166652703436,444.8160930666104,451.20516291773134,464.8624696808836,472.9899759085792,479.9153755965054,465.4113530811946,476.2924312124396,497.0780614240584,509.3443656032326,593.171101567051,620.6636627361769,677.6926564004672,718.3882705353903,668.6591558064039,612.2610487887408,623.3985918837958,612.8806668392755,583.2706180952598,606.3392655083334,580.8743854651337,564.4984702146231,560.6168815561981,581.9739113627344,557.1890127000433,590.9932089155268,626.9416919558228,660.4896760590417,640.6876809193906,590.0684831909834,610.5106985887217,648.3039027568688,620.1011572810581,702.8943074439982,661.4514018114088,693.8353625576416,719.5254297841936,614.3036737040394,1087.593669802755,1019.0229332817084,908.6762670843272,1016.4969903060168,936.8843803012004,1001.4989154589842,1061.7831473974975,1211.3464446267742,1058.7618787376218,1047.2495537592702,986.0632050863744,1003.4670335693576,986.084232078294,1161.3747326938517,809.0891848351911,719.5229927222947,684.8932085835473,703.5767548940995,742.9802137536813,693.2650305769121,1138.4029506949862,1010.3266846984326,968.6289725993128,923.5950227493556,1020.9829878784716,1082.9448713525296,1115.2105351419286,853.5124245713341,923.7782454760268,956.8315314443852,853.245307578422,752.2512000490946,783.2290341990708,770.2936207926649,764.8205296691561,754.2473302836255,544.6930718217991,468.9993630210483,436.24496916209137,436.81667550257976,500.3917870630824,467.3598556750605,422.813627616117,450.83602362551727,508.037997045725,501.9739842765376,469.52428380618096,469.6317255524584,400.0671073304531,411.30906087949023,440.9421067870184
349.138024687232,327.7867954986384,314.6423040892415,295.8863800914186,300.3401450718647,280.77089938711464,259.1360176265012,253.92250282919267,223.9648044228677,224.68515152912676,224.93227940870165,228.17873050747116,211.60123374291928,211.06158129462983,220.26377055713152,210.1103123443685,327.6352506545982,322.80263456158525,316.59043740804805,340.2901942089367,349.4335899867032,342.70952654358024,334.6315401418227,338.05895149608307,335.00643690277764,338.2352307656395,328.36427621704524,351.90815903406263,225.5303512099831,208.4640717077784,219.27686504665348,225.2503542891079,202.78110971248248,285.7687365567687,312.133695135147,340.42787239748486,321.5883716532837,366.7690000261029,354.521297635648,375.7502064839889,361.5076542494375,394.2503514985649,432.103841722866,486.5086486514471,467.33747109878766,514.6387760904317,544.3657189479635,566.6216677320663,556.3965146452871,602.9610837104192,397.19297208076944,430.31297986559406,518.1054903860121,526.8775489715488,555.6650567807928,540.6070696739416,516.2553993550132,523.4660132873249,497.73890761900685,499.40219559603,521.7674643840037,550.2116475087305,583.8788279519337,619.0240078024846,650.2318412969048,649.921892852951,668.0115076039705,643.4517807126002,774.3804961051661,843.4136518979335,777.7633229854241,737.023174797496,743.5772666959497,656.64374492572,605.427736906821,676.34759296993,669.527681650771,714.4267925014881,737.3512822006014,760.1094711701076,796.9216422421446,721.6774391437978,817.6735142915284,810.2561531784385,698.179524933405,705.4098416298185,638.7047330961843,656.0915611719448,674.2142588171911,597.79739497951,984.7942975515768,938.2523765315736,835.1516315946562,963.6658406495468,906.7454037025,918.4714399269344,908.1342150757408,966.925387933294,958.1631223526052,944.1798828914608,866.2019210954443,882.5613145850796,913.5429126160684,972.35830671225,678.8984727801337,658.6447497533073,636.2079800546518,658.7187233382735,656.6406330277389,587.2806085257357,888.5605970380254,923.9163749334338,955.400985137428,920.4502868990768,935.7926298309694,854.7507480727302,883.582317207945,763.0575475786471,799.2462052500097,827.0766026547867,854.9870471446415,825.5613697964803,903.9885884439292,961.7113524272228,1131.9517560811498,1114.4277899112071,675.3297327858929,533.725242513123,512.8525935664684,507.2158685552886,534.8557153375128,569.5351753570129,522.3390325405834,514.3701896250275,555.2830410499838,521.4441083437182,605.3227935918325,579.7129191319293,498.72464281720266,560.3637926611405,695.2271185714044
423.5707369647201,382.5248265602857,396.2152818325556,388.719542356467,428.7145112196832,382.40608085781577,337.04959618368486,313.64712140786,281.54423014212904,289.3659790432719,289.43958388440586,322.1859040864128,295.5862178971459,278.2075308609029,293.0725430442591,266.6901374789173,259.03362764081487,255.7060470246282,258.5431620608929,255.39993918601385,245.59307286948265,243.00558247306975,243.83765239771893,255.7051757414158,251.239457062364,246.83393068477915,244.2777224777648,257.9778861275125,251.79022947243453,243.2787544996704,262.1172698455612,252.94557588756967,231.1328088800406,251.1447571745417,253.052979583178,249.0654038105008,262.1851165920881,239.90674270980503,237.86970213343545,250.1047038553133,244.7605800296123,259.06882069883864,299.93789981618863,311.463905682093,327.3528853932873,371.9623435971808,395.50935034189087,416.0297808778584,428.9730756673276,480.8735201355868,474.6281190896299,495.7282453321978,555.1135950684488,564.533968306092,558.312568287706,563.03832655461,543.3852681897582,530.4410663329415,514.4370349599152,539.5006248326747,564.6732281270698,560.0122676740391,549.6651869076419,578.1455187318975,578.5012876771079,591.1300741210953,644.096240699165,593.2640453608428,737.5899155951405,803.2412467753642,654.4131936561133,597.7252748936654,606.2655779619731,588.8581623137762,565.2462396759078,593.4906282435669,586.5362582416433,599.1112199601879,632.1033971773069,621.1672889994737,631.6286479451776,580.2550327729216,615.9525182816404,628.0363436053544,620.6721277606939,614.7228713271095,578.8358434507559,571.3408739623654,591.9402684804724,553.0246775048377,597.5833633624881,550.1295982509819,518.4896699946421,567.6233422642739,561.0995025376243,573.5145306804103,606.0900014665904,628.9402870394488,617.5969017270814,622.2594451364008,556.1985670314938,575.4854147714854,660.5519721026469,636.7265100068059,595.3444032850193,579.5068893375973,544.0727575324844,541.9435642730006,532.773882375511,507.4883385340748,533.0947053773449,587.2121306817952,616.3158895586067,587.4796362170023,630.0209406246697,562.3212921451952,595.5387385377651,584.7965469072363,600.7862939967433,612.1120261802703,582.2053475369719,558.6472224396205,581.6997110984785,580.9066824411392,612.3579011116543,597.3973224206479,568.4975526348985,522.4328080985745,564.0413145193352,557.5827032978818,549.9379956495236,556.2320612155678,506.70255699232246,479.9793550623883,510.5232582552958,468.9519103439432,538.4886067680723,576.952482744856,543.8088731054295,553.2446821485264,586.4594102976355
425.59208799539016,381.8785261890781,387.4991912603512,382.0465939645773,422.01195758208667,388.78387766397617,342.3320728112027,325.84524401792913,294.959480835294,302.8819006858175,301.2694625831451,328.2326256003194,310.7894861537003,288.68338011104447,306.0540957771865,265.5501728001759,247.97971043696813,241.19754319297127,248.53700108388196,237.95892394804247,222.9493467853376,222.61034769056897,223.68965470708284,234.8507071958117,227.1225834322436,225.4609235529334,225.11480575858243,234.1772542045136,233.34755768617245,228.31573754352647,243.7049064949423,232.93057827622468,217.13422772929457,199.1310169911248,195.66848955200595,190.30757871724887,208.55362163562287,219.9360144357105,223.71476831588384,234.27801145793157,230.25869638965077,240.3595103230899,280.6820107828115,280.40936964212284,305.27216845517665,348.60954890013056,370.2962753008956,390.18462308208166,419.0367185694009,463.7415789710093,460.1589040463821,475.5269036448025,518.2450381233485,516.1964252150915,492.7505634237356,489.9152925975516,484.3774713900679,475.0124061279684,466.18915264477727,498.2230746344742,528.5161804753577,502.22715061216434,497.5793007685011,519.8050117388143,524.2427419665654,531.2993064323903,588.8870567670881,528.7071610669061,676.1119091029084,724.5946051336522,551.1057623930905,509.0826905902719,524.0615351887558,525.5854375521886,545.3417968016678,561.0113139276481,531.8908654543662,541.5354648612788,590.2936537425581,559.120942592755,553.2948526600147,509.3533549256231,510.3246082302375,530.2500628879399,544.1402871754608,537.3522906009371,519.4724997706428,507.4875610694971,522.1651652906594,494.1167478861791,528.8124247328407,480.37784946411057,467.6891949102722,499.1961930724931,497.8426120661303,515.1692608054589,557.6622550239941,572.525501451595,557.7930958238098,552.6789811189049,523.9002481390362,534.5502235555657,630.9244790124837,572.3461933629382,693.1276857605526,674.0078790588182,611.7718418753118,595.4609692222361,584.8117527241027,589.7471501058129,496.1390281386472,551.5367210137732,564.113415713689,541.3377347002012,619.7556387166154,533.9589927253547,558.2000882243294,586.1938750417843,565.549636623645,561.7854037852262,525.0440685700939,505.20269907162015,517.724590263548,501.5334396104444,508.0158343387946,511.3772132395612,521.6603276560468,495.5945925888532,550.8975731438735,550.0488766921854,516.0844548809996,513.8296097868248,476.89772305980574,447.6962821004617,478.9978738762154,445.545806032229,496.4015779455664,530.9572369985984,520.4126090490522,515.782498156548,513.44650611455
568.1667513208622,558.643538232,460.5674398914761,399.6897499105589,433.6097871388318,448.5640673768469,453.205471032658,382.5840328228292,369.3051460014007,348.5506023134073,329.98889485468897,325.2138841922529,333.7901060997511,307.68736039940273,365.6374869108449,313.080305686114,221.3708908330596,227.86221805117972,213.92540035530217,207.86200897649312,213.61932870576456,208.3305490515555,220.0138567238044,227.416513584642,216.5537172118061,200.41618625911283,207.2051708543545,212.8854651120654,258.42530493542904,262.6272428613554,281.7689699546273,257.8501387384295,278.7068861379452,125.021278067669,127.3208235173001,131.98419046944318,132.3624694628455,243.20180031656847,254.95808345824025,244.53595007483185,269.0357909493744,280.1306373145165,299.4613001982295,336.3940681619925,428.27462428757286,502.87826435512136,455.4792028636228,654.9242369368757,692.5340405750745,728.6520389247386,879.0034634273424,880.8606950239476,891.5958771654641,921.4341804825838,967.0305558273388,1017.0845434699594,1145.415306674512,1045.671629365091,1081.28903896811,1175.3519146746298,1174.3025082037077,1137.6645055843153,1308.9609380586185,1321.8785540375472,1254.6513031704071,1327.1738483144304,1253.625156300801,1196.1009951061874,1257.3394367312478,1532.7793917238885,1410.7578336356862,1248.747855789307,1157.67588521803,1228.6772918695322,1250.8676919917723,1239.1620482586952,1148.4055557413942,1198.7722700434656,1169.1348805212413,1222.7908627857355,1184.908535255251,1130.3832084698238,1045.4570567569438,997.8408278485316,900.7061891561912,864.3072109586059,1098.573634559722,998.8914334579288,949.44727531622,946.8592903357217,722.593301133448,773.2028643450791,737.8618942297114,726.49038860636,774.4245421278312,707.9510961784295,690.6791417688322,669.8159050114625,663.5232996534131,659.511080768723,694.6229068637275,744.8286299256708,755.8512368845261,706.8055239408532,535.608886681221,576.643998570291,555.1919069262076,565.4774684926568,774.5912473277562,635.9905038713529,756.580489831427,717.7389018849786,646.5673568552847,703.6326841357081,751.3934262472735,701.7214087103828,642.6876882878659,596.1431239013009,582.0921340055803,641.763188442422,570.8621335789038,602.1468272769113,639.8819265764618,653.9136875185378,680.9277859308309,540.0244116396779,692.5592789366325,713.3726699934746,691.0224347000798,633.75995631396,704.1767351367342,619.9363167179816,655.1580372003817,531.6729627553196,561.6238718326562,704.4428107442873,581.4327095789249,548.767201534478,604.7775029855179,546.7885725835654,502.9284291353847
755.2381764299093,697.1447999814677,675.5764810861873,509.6884679607946,468.4366533998141,483.5444307252201,486.3990253041871,416.2449201097549,421.67168418566007,426.56077232149227,467.02827842739856,439.4945244741402,396.81033484505946,352.9450613344631,397.950892377212,378.97518421293785,148.00431095611182,160.07843762820502,157.77101667511113,142.08137159312002,148.38778930695585,140.1267718624713,142.28961959739672,154.911988362431,145.58297932259916,133.76006970582054,143.060307547528,137.54718878757316,305.25759410353896,326.842381185529,323.5504248288617,291.5880419060159,328.91594416508354,154.28537826210464,151.48138156755184,162.4435875802739,158.4154136246963,137.591624611502,151.88681427535187,151.14554749993144,168.3295515346408,191.4349657371363,194.8526269858145,254.05786129381488,294.5696192541447,337.7342982086001,327.9391113259524,422.83926947313006,519.7470180791681,547.4975727753455,1266.214741979047,1331.440007978791,1471.9157224863952,1513.5797917237255,1591.3584369347031,1579.9028992118554,1676.3176251759471,1403.2534605992546,1395.6712398123154,1576.6455596003657,1521.858988851858,1461.786013105697,1478.9403065902973,1397.7127392022176,1499.9393858518408,1903.3423000864725,1782.0471630116583,1636.8549858165954,1846.8448164256515,1678.6208672758537,1502.1226567731094,1453.4498680396955,1389.5939205010732,1417.4407786948732,1459.8357777760557,1413.4462034683727,1386.61090346803,1400.5678377110066,1420.628092784836,1526.1925317802609,1439.70033874095,1463.392729141973,1404.6707827676496,1375.638488628716,1365.7743238805072,1385.2136079902407,1470.941525822373,1635.835827671956,1725.3242508259416,1507.1191839115145,676.9835039695724,717.2060845841561,705.0309063818867,562.816169644988,608.2284572970121,591.7777416280587,583.9822576428986,539.7743458489479,597.1685685606024,548.9754015291406,631.0771444170508,703.0385637088269,693.4667042510476,605.5985910147623,796.6669327863613,768.523035637074,722.6736728101665,706.8000528988858,742.1537413780468,694.908836841391,465.6585253008748,484.1647606726553,445.4640781796089,488.5261356707707,496.1544160904362,492.818729001693,448.3703163639202,418.8772383409201,401.4432567081604,537.0793490940684,430.4082819082456,487.6797840250228,539.5691979759342,468.53423281402297,426.6956810320268,340.56385855496194,1078.2339354341252,1203.7718051821353,979.138884514885,785.5194608585284,776.6586313955494,649.8586943089882,922.1376309214528,778.3182255144558,720.3751182997092,782.6218940415905,685.709213695607,615.2716653917864,677.8408443385852,682.0487299983085,616.7355388367641
652.5722557053648,631.0670992104823,529.1879944398402,431.06706924737153,415.9440037357019,398.10602972824,370.7675219596382,331.9845767871642,336.3881370786691,332.4125055583546,317.34513030476955,326.4864813335849,319.7673047997064,298.644646418708,322.9179430944539,315.8794184258664,221.22650973532012,235.9016574055138,245.7706318577855,232.2683657825754,226.9744872819541,218.4700058714941,206.0269126718921,216.11471785024187,209.61823979136372,190.6292237363492,205.5047343895853,196.1547735989812,247.46240832099963,254.5694625369118,266.49662968377527,254.996460871282,264.2627179807321,183.8277627590312,184.45637229480465,188.6370522348853,196.2297268607936,226.6411726607592,241.1391989951352,236.38707424103205,323.53467115348457,320.89029378998595,310.7575280875577,323.501335837976,337.8322060129235,397.8690072495893,412.55297271396574,448.23175842748566,543.6758814402118,538.9450922043465,716.7302074454291,694.5408600834776,675.5548794816987,714.7378966285178,725.9145872511375,760.4624718540964,899.132253765051,785.9588332163144,796.1347317102836,802.6864072776493,760.6394475539283,753.3380164376428,777.70382365674,848.9489462179065,830.0486983640884,771.6430904811225,792.6769215324988,777.8890238412417,818.8642462019109,804.114451913078,818.4261268783727,788.9534121836166,700.7991913847511,745.3343416602171,745.6921237437707,757.4930863042666,800.5315511173186,819.7120889818137,856.5833771600966,843.2991560289634,815.2125956649119,823.6349356932055,791.973999352144,795.3386120558639,813.8429056881882,807.2607198910869,796.9965214862975,834.2095200217256,790.4306721453576,791.7603352663172,604.2680953831326,802.3975401013461,721.312970594592,610.1717623658217,594.9299836179887,568.5808284861555,583.1587871288936,562.1768317832308,580.1273266636066,507.3774977345027,527.0727178051802,586.5586570986196,589.6288421075459,611.6963185699402,527.7541403709473,543.7507169396857,587.7989774246322,560.5840387423104,578.790799416694,564.1054533200071,560.4886404095479,644.714910004643,581.6796664870135,618.6153725886356,693.4874172213609,649.8787868844656,596.3626632244561,604.8986976789143,550.5703540470165,556.6910628928426,561.1805442653164,614.2116827063946,624.2342378312119,690.3583489930933,615.4264860661453,559.8523676312795,735.9644403961616,707.7266908990126,633.1118707517643,635.3418358438273,660.2969912584691,594.467471859007,648.8687502115238,668.6340946077389,653.9596898716622,906.2504567948938,923.0955080969944,800.7104558055512,811.2028738767366,707.6066616726752,685.7589211447242
719.2852706537924,852.17503999291,713.1578891270765,614.9091774287748,595.0878942771427,567.9227014372042,527.2366876310834,528.2551751849745,530.6442623061918,506.9157926373237,520.4876157869894,488.75959767224185,449.9493830001341,449.6252634605625,455.98005159141167,417.19203530542086,217.0328783131056,217.61175381261856,207.43561946701732,210.489814246647,216.47161737218127,220.7101102491369,207.68943648084613,204.0791297279005,206.11043496153388,195.23481058998505,198.4700494768124,181.2525877905165,371.1351063476753,369.456059043286,387.4352647611552,392.2484587330526,386.73537231399416,266.0197886376075,279.47365458395296,279.96476003574367,274.59698301187774,212.284123570928,220.55009834696872,215.0296606875725,230.81575732504243,228.3346904254163,250.27139088857288,283.407477681831,303.06082290706206,350.41036488913136,380.460650455449,367.4228084344529,390.59104520300696,416.01701066461465,814.7987433410527,822.5586526526789,806.5135473832057,798.6311540426108,886.7238763241137,896.35534529966,900.8574658277164,828.5349601652717,880.8087344413933,906.4370913464284,868.6877798135592,910.8679493665578,914.119706983296,1014.8863465193866,1018.8457506919622,943.8750249683908,926.1398331593967,1033.9322446935814,1235.4556824950405,1080.2653323606628,1016.5303057951878,1032.5315999070758,948.6773399771116,921.4136035714192,942.6901324489476,951.7684913690036,1019.606229633278,1070.5485617519628,1126.2702499238883,1142.5027417283843,1131.7669775167462,1135.704554293361,1095.0887447186883,1068.7263950681006,1064.119802136592,1019.4638663309964,1049.3207046215744,1058.4539402043451,994.6453215415976,990.8687237293232,523.0320979412805,521.0153649166251,505.8952886751588,499.8432632360783,490.1358040312077,478.1115280465412,492.24641074632746,496.7027124787111,493.580912521657,462.3674532992711,473.283156045775,504.55378521581656,499.71162024929765,528.0004729428885,709.2365036308811,750.7061481810314,776.6525973196755,725.3873842073356,807.4591056581226,776.9203571815857,524.0847512469458,619.7040456428086,553.1409394718005,541.1801048859339,714.1328575980366,720.9063996473018,679.7925168858021,622.3582902000214,527.1322330982423,528.8953576212654,522.5482704342669,517.6090437684214,517.9578531706505,520.8902019907332,526.0139338164789,516.2562049001112,934.8619563272438,967.9170923539748,886.5281339562312,868.3310760562373,956.1987668834008,880.4473893929267,885.3521967115704,869.5630684474016,884.9388295595187,926.1079073558082,825.1528073678048,846.7818979811276,902.5983711051828,879.8188693947908,832.6610629055102
907.8266187817388,849.4436696777873,743.6723483047022,697.7137847709837,644.7810302885024,610.5851516807033,605.353765724011,633.4509088021534,617.4327336799151,613.6525028081292,607.3590618844634,505.77583975123287,466.3361277811532,440.1154610986459,461.7956630922717,433.8391718889827,345.04838634927285,340.76190139434345,338.3999617073485,333.9876949212772,364.5072041733128,406.151025399506,375.9486229937113,348.5630081185992,368.2451207640496,357.46200332049943,353.62687484363096,319.4101146949368,394.94725863105015,374.8023137656023,385.17644539622864,394.8732151857499,380.777561565976,356.7436303816424,359.2613232856174,356.84824366504034,351.92178595478185,280.6867069283708,281.32839666969346,282.3367320365736,301.3662550758695,321.07354627838384,362.3576119630952,385.8702027948944,388.8105876489146,424.1626239823278,457.34500311524897,454.6603027729179,492.8021349172937,484.01385731602426,652.0592469431648,640.8355838781167,691.0032083898202,747.6325983956305,778.3649107945545,771.6335567201345,779.3396957085909,790.4226756568867,833.3592941070099,877.4012590338148,887.2027693715308,892.8576182425994,886.7173462797305,971.1752386710428,990.874703272735,983.3920963261932,1045.1546210373017,1141.3636214598382,1225.108633084456,1154.3996208377664,1117.7922678479026,1152.7108902472646,1156.0461850380034,1138.3439050724212,1233.5216465539895,1195.5096761239072,1186.435219278247,1297.5915870092033,1316.7876667087685,1347.937505809437,1372.9012422425058,1314.939092740024,1268.6373550120504,1260.2934135627129,1229.9493293073665,1184.4775734225364,1264.2720221628365,1311.2266881716328,1261.9504372523388,1239.1090529762175,987.3769850528482,983.152375139926,1007.298017993095,1048.0395047890777,1034.8008859611075,971.2032482995592,959.0734258528418,967.9812327475458,950.840242946084,921.5603981515362,925.8429019416528,944.6228500267584,951.657594625651,979.5312199712704,1096.5447457454893,1114.5997879182958,1206.8115479554483,1117.072720204104,1141.5506814750609,1137.2026607575258,902.004417018154,982.4548818793712,937.9827798368632,928.04338710516,959.300111312993,888.884303681891,951.8738474948296,947.503205466607,861.7139782049514,865.5272821942252,847.9571075466157,802.9710361415111,748.764274364308,820.1668495529966,928.4778081338892,891.942853046605,1013.5857163967164,1013.924529457836,942.0826800456398,948.1920379283112,1013.6819181655726,964.5196917021274,949.7029820707504,933.2955632511,1032.3359160136465,1019.885646008272,949.1846461022452,846.6777019839992,831.2691687561107,832.7070332839244,784.9286210997407
939.927352933382,801.5376614492089,708.1071811033415,665.8240345132397,683.0324987965107,713.0005192197096,718.5358225249712,747.0738390359725,727.0563562259119,631.3394001045626,566.4518836877388,517.3697732656842,518.8009888525617,498.893947594113,568.8790553503039,565.3423505630897,530.7249851657347,488.2588237500945,495.2686180466242,483.6126890098268,499.1276974987832,469.395924062356,456.39791679976247,439.604808714732,425.452471875612,408.9065941689547,412.32439679594,389.7294637651462,414.2257542137793,432.3933982563841,426.4361671112332,413.750762161178,413.38577703511385,377.87361119853983,354.1323067001922,356.88571770234734,367.6810173777232,345.1171441380187,350.68026484421915,336.02396929786335,351.6637225099406,387.041005273925,411.1774130217625,429.63697427839617,481.6229895019323,485.6635783748955,536.6291786896923,565.8545018073454,631.0386480974666,640.776976654789,756.2339194537268,670.0494499905379,767.2775576039854,810.1574677896175,850.2106945034224,914.7692684918782,885.9962478273837,996.4295545855088,973.067933105642,995.2168900749414,1127.6429861477811,1176.346665457109,1189.4034574472023,1198.7683824192022,1291.2391421952518,1198.288665358103,1274.8879140385843,1394.1830673918605,1401.9814865389471,1384.2815665588694,1331.350141923138,1355.828693328024,1504.1628378313912,1510.6700232509831,1606.4009647789428,1622.2003271673368,1494.1779594821617,1580.2847111031438,1630.932231959881,1537.184549037568,1544.7866583448335,1521.4142810402736,1538.3473546449738,1441.6579770720953,1483.1859143776155,1430.6528163073956,1402.9715197558617,1441.510168539201,1494.19882263326,1359.339013630528,1276.7204400193284,1282.9753197154484,1347.7783817744394,1420.7085791203078,1534.014356142875,1525.7275824846752,1460.0698930789963,1449.5751736718498,1455.8694648316716,1363.1343538996844,1390.992452991963,1424.065805613961,1571.1555752194831,1645.75138508412,1791.006411064264,1776.1597186301244,1762.1768714148327,1640.7621850234425,1626.3404338703783,1525.9101016877662,1310.1529841281565,1337.3989599701197,1279.4962442665246,1246.4742554262268,1235.967122505278,1192.7718474024807,1260.3842062414235,1318.1904782107597,1299.701559003668,1248.2971999827012,1158.9030745216564,1089.68280729824,986.8076765126845,983.2183351595108,960.037826194333,1020.4819909430646,1029.8315847602803,1041.2715427156468,1025.617035340455,1068.7727409924696,1070.4081885951175,1138.0072126048487,1195.5965618433445,1225.2369707846683,1075.1674781215709,993.6108766046063,929.3926646815576,876.9297396193047,960.6758445680596,916.2117875345216,1000.2372340074908
573.8852262169065,523.1405128897146,513.439781368075,483.22267156091743,468.6969256415535,458.7899738651501,453.13602864626216,479.5414925969004,514.907702691547,481.4953074506836,451.872920665672,424.436065019842,491.182524783693,436.3871781811165,457.6298396033472,470.7499999935941,306.1218337812377,280.6895666418238,277.79576558904154,280.6641393725823,255.53148257878712,251.8930047957097,254.6573731856215,241.7290552129992,232.9907681168204,231.1199341867665,232.45769870325032,233.10807720454383,329.20030626451785,313.9839172067193,314.21417856189964,333.95989380260016,339.97673593576155,292.2450832592025,278.21287506737883,283.1339487731079,302.28263190441464,244.9141029294693,237.28037837090096,244.85466569347244,266.88132783039504,265.8511486787649,284.08185260984993,295.6892457038014,326.386631801574,365.49724475112487,393.45191190658505,384.9774618227086,435.3287116955751,448.1105279762762,707.3719797909238,681.2451612517988,746.125445531362,791.5810407133062,814.844918362647,985.7386159439234,953.329406490729,1331.9577034682443,1280.6164609864093,1178.776721681151,1194.2166309293405,1224.8044701078518,1178.7405609919974,1209.0026016750687,1242.3298309360423,1192.057222497964,1279.850113997166,1347.9474415213365,1270.01847012471,1324.7391536274658,1334.1386550040274,1429.8958261229718,1423.8783824798834,1480.4225526571286,1541.605102919131,1490.731087420985,1451.860291947532,1460.57812732934,1465.0160008000692,1398.98604932483,1557.7112728603718,1502.2763854529728,1541.1758366493884,1493.9479163898675,1461.0403250541606,1507.8919039552354,1581.6387667164208,1559.042441582676,1614.1736941844044,1700.4206229344177,1234.124076737757,1148.8608349513604,1139.085858700343,1196.4878764402729,1246.7655793318556,1378.04874443827,1348.945313113882,1220.1698253462175,1188.1724635180865,1160.8297022757213,1140.5902748775816,1057.6201567338433,1089.1641957634838,1119.9860313413744,1220.1214230155692,1245.3941908872555,1236.8101288479484,1196.9788835166348,1159.6468931034938,1127.8897779790188,930.805191742691,937.1984105835868,993.2293603273106,1014.9044119512084,995.4327835108024,979.0437200141928,1015.5822416231396,1051.690079309048,1005.0655920700916,945.7528934426564,791.3401540036975,801.5245011101604,642.2838928877828,606.5733007745335,604.8031799546643,572.8877854534536,802.4330811633245,965.365077503585,1002.6508155655488,903.074574031982,781.5977235447921,775.6519583829447,765.0778012348829,724.380230522416,842.7844175125173,823.1138819189049,780.9869847173238,735.2151180051096,699.6323783704553,681.6463450284502,676.738214069455
691.8059527167745,607.7589099049612,667.5896149870741,592.9141634529028,549.207295963929,534.8024339990156,496.6164947080349,476.7459518040679,505.41251239726734,447.0909505355684,442.6493411009938,436.1396958482272,551.767209916411,443.6269550914236,477.7124622286566,562.989473213004,424.407871996584,406.2276067690772,390.70874164013776,379.1888947211133,327.0504710131413,329.9535272444559,343.1769906152112,332.35290625186946,291.17076832130067,288.8067824642529,293.8877965236769,274.1864817134763,319.76321486938025,326.7064330047174,327.6742954004932,327.90475357843764,349.1291350435188,440.7235774032861,418.7972932522059,441.6375454026468,471.202943488068,309.62336236661696,309.9429153524654,346.4453589363302,352.37874347639706,380.7823650147469,404.94446272061873,420.9091487648831,532.9859730581628,638.2251383430208,685.1915062299295,682.5047099886477,667.9115056045675,627.8836371154545,708.2832434128156,739.0059169268427,840.3434970045928,833.6566823435872,814.9357916371339,931.7388551405548,846.4989854105635,913.568399476398,915.5297057617156,915.9715222115254,931.3463085103986,1060.4614057379551,1010.3756217997012,1039.108283633368,1033.855413110012,951.1662983261951,994.4680283846373,1101.860849710199,1093.1709128833188,1110.6982317516463,1141.1705418949327,1167.397879679947,1241.1989017429369,1254.370888846904,1262.7024170315988,1271.294857687552,1260.4822252875822,1212.5771028930285,1230.154863527593,1282.0653053385977,1413.4835909896192,1401.7643265578386,1377.737269337829,1380.62389618663,1436.1350900978562,1395.7163717941196,1449.2922115588258,1433.280796435992,1401.9620588621085,1370.909535207052,1367.479003776132,1296.8133609806423,1232.9378573030087,1172.1999465096355,1204.072471312846,1206.331683190996,1155.9954870878455,1122.1429888881592,1128.0450879847865,1214.5697704725603,1206.85362480944,1155.8890419476936,1156.3833007958333,1102.536849471662,1338.0074809520388,1393.7244667186503,1323.335713306462,1293.4982568589285,1356.2599732785798,1304.7008534526185,1119.0520679212432,1169.8573437737302,1160.20955076185,1189.559425089331,1177.6287026768368,1192.8016529872011,1341.8389017151426,1506.7798779497934,1465.711977331399,1297.8984306121556,1127.6927861095037,1116.9359815436492,1014.4160347722086,1008.1886757975992,1040.1867136616488,985.9401967584232,1027.2315885905682,1114.7131853412163,1128.7198199402635,1158.0008089371252,1085.9271790532134,1129.601293834287,1126.8827643295626,1052.717322088003,1016.0190560444825,959.2411558380888,1033.6664246050486,1139.4452236743402,1092.2209506474626,1090.9065721452414,947.9313973946892
465.944959145538,415.4135296065528,393.2875892570208,400.1288502914636,357.8543998172353,330.7224920096057,348.4548846143235,316.75636928987853,331.1611585435656,316.61899450918,294.72476128631115,296.388041878914,326.8991020493598,293.20181829764124,326.00123441230505,327.22947074764585,285.6335445031757,293.7093247860012,290.1757140828146,281.6431824059451,255.03785376508645,251.4967413037872,246.4765770908953,256.72419213382665,241.46652736432725,240.88688763383945,226.61316910636705,224.54401628723969,217.53520684234775,243.6320704414161,251.5396991667364,222.79292993280075,216.87395224384125,223.15171688074437,206.859215520592,212.1099327656024,226.41159917537507,213.35629333770112,207.76960725248625,238.5438465702892,247.2295879222662,269.90714206009835,325.09348603916567,307.001271463221,356.4243219258584,406.68079021839606,486.876289658744,481.1690915246612,546.1439359274568,638.9007616644275,734.8627277876992,727.6757249311944,888.7393810816425,922.2327931025536,949.0516272519033,1067.4503258807194,968.6166564608436,913.0350422207848,870.5981213675924,872.9226692612331,888.7925184137038,964.4410091313008,956.9863372377216,1067.0914445475896,1060.0362999511076,981.7277296643508,1046.2750610999335,1050.4653548972624,1015.0512201054192,1054.1702692178858,1091.5884374434268,1088.2012609606245,1213.2026731556657,1195.1478620098696,1172.7441642590948,1245.198448204848,1234.1472550991014,1212.6220711143385,1321.2515244629112,1391.2105324003437,1357.376570694578,1389.1297628634609,1339.7651630582195,1266.2066429703054,1268.348246431288,1215.201591667896,1150.926864320979,1244.7023983730985,1143.124549920147,1121.4713731674167,1072.149303497058,1089.9454389528971,1057.8980971722651,1045.0866954145808,1070.9330346322563,1067.6769711709933,1095.1704749492335,1098.1722543731776,1144.5839483199225,1124.8162150180592,1139.9326767240302,1036.614721336348,1039.357404680075,1012.4773787080762,1112.6904749210692,1141.0519906682307,1172.352838562438,1212.6064595302898,1307.6123226720326,1119.7105789166478,1034.540263496814,1119.333030637224,1062.773205902145,945.6781993260732,950.0219153385276,927.6905273539328,963.945146805242,932.8044144458112,876.4060443971408,859.2856121217665,785.4707438523408,801.4255321167363,741.2677752243388,714.1429004676551,705.7455286277432,666.0554309511652,649.2389905354512,686.6712855639961,669.2783160257393,669.7060708425295,630.3869262464939,664.5431983873374,702.7838174614832,623.37754369366,580.8068822390557,553.9459317090169,535.1255774690454,539.0418866319596,540.8220616637946,548.0406294899801,535.6549110474845
837.8560990833803,793.0607831067604,716.9086130306999,767.0012387929722,761.0980553480738,689.8620756720884,772.9136795594815,713.9185624290592,759.3069129305882,687.9270990082438,656.0394879967539,634.8027345850521,631.2747403625882,600.226001582305,615.1206770433264,582.6814598570453,408.89030890408657,462.861831411238,427.2000804047518,431.9168250315181,396.1754053023063,372.3366905701129,384.8627537362992,422.0317673428669,368.8194065222099,331.3848486349808,327.5733661264176,316.525548977039,390.7362230532625,428.6603936843603,429.1507374072028,370.70156628278,350.9248618934641,318.6402499990828,311.84104472232207,312.7640488151499,327.68156928485854,263.68019701651195,273.7336096448538,295.76626636779366,315.6640736066779,332.5326412561575,370.5653793416699,390.57247275035377,415.7492376905455,464.9491863109421,516.2530752241679,535.4725663351757,662.4194873058366,701.1042874102028,1003.5727404205992,1122.6900912505675,1137.959623710932,1273.694433886452,1412.50205524709,1429.9354468042277,1343.5695100855366,1338.0826191622891,1285.132638531196,1283.2114189598149,1239.626379792499,1327.8712152176745,1319.1448662708797,1551.2598002473703,1548.608334556974,1435.0139878191142,1579.0730411817144,1492.5798388960852,1408.0477260176224,1483.7837402751074,1471.2784723737286,1432.6815676569315,1554.0472741017718,1565.614244622663,1521.0181154198328,1624.881302810558,1593.4400150240497,1632.3703237804743,1618.4536162427282,1635.787446488638,1680.6897655204746,1631.7978083157648,1756.3410332317524,1725.6466258958394,1922.6775462089652,1913.8481410297013,1799.299756879222,1782.5233184468216,1653.1333072524008,1597.9659005156238,1157.5878229131645,1191.5793524145804,1133.5470013863655,1102.1653879569362,1113.2891280533431,1099.772799816745,1125.040239642505,1152.7749610135938,1259.6061028678605,1195.805252196292,1298.7011282601918,1194.1779264562008,1190.4146491863287,1175.313297258064,1761.9303773718896,1701.9321230503645,1758.1518766737674,1759.2293176403657,1762.1489726182124,1674.177014867206,1056.3138166214603,1009.6698044139446,1022.13830719078,906.4353422228884,944.9821053917908,896.8250104730178,866.2993996344546,856.8685050114037,792.6729669675722,792.8081443684732,837.5881016938051,827.1237159265224,829.4976495185722,872.9015845782822,812.8711645510854,744.2998309366334,938.3751113596904,992.5393153551476,998.1669365335678,1088.5348758276457,1064.3631489266277,987.2861086921434,1004.3494931509416,942.5270814441208,919.43402344547,865.458912839275,802.7636221327402,881.7985380518155,914.4930675547088,871.8449518315101,806.7238021631758
300.8006276974403,287.2840690034886,255.88200817110192,265.0916435414493,282.6702723344476,253.26260311402157,277.29232709751227,257.7667926367503,270.6652496369596,245.7806552477053,232.92201277369185,216.37640560913275,213.73089898028252,210.82521169406755,204.0221293611428,197.3895029738707,244.40782772122373,268.3235514263452,255.95347272185933,263.5110701568426,240.31840654071877,229.5484493521675,234.4235662167507,253.36006360976864,228.0471846852608,209.2246321138028,206.0323931383977,207.21880592905129,144.62115841285058,146.10576966757225,149.51901591499248,135.49941359201665,133.6815170765559,196.86396261772396,198.88740036302704,201.66083630339287,215.59572797930224,188.355288611036,205.12042522660505,221.4009964901656,232.26268186275297,237.94142124348116,273.96583461969004,301.8257088820163,333.3250096230937,385.3843901541543,428.4480985265835,450.4930817076167,589.5832312183136,612.1513350825302,498.3405738165992,578.1601962467128,605.2497473814396,740.6894008966185,831.7538245196298,898.5027219785851,837.5242884352758,841.182295333666,816.1280042439903,819.6064017756287,836.2935889130262,939.1919912391296,862.6690002808787,943.6496843936312,931.8199561934332,871.6813294088768,901.9456742118284,889.8630655100391,832.0503081172809,856.8020118999165,1030.4860278544536,933.427411994158,987.8661056139024,937.343664071326,857.7724816850076,909.4728299771276,921.1714393762154,984.4758325739322,948.465292077516,922.7221838104704,921.3534841501368,880.9778878183291,932.6595742658934,950.28474277444,1063.9641994258466,1066.1883364597168,1042.2941760586857,1027.511314288673,982.995040431447,946.2071100037956,1185.4324643912437,1203.7703199126065,1151.0992695695595,1081.7172908373436,1108.2577444665103,1095.8128315556144,1094.0884732826296,1114.2187207520708,1137.7294591640511,1084.967284264936,1141.863158548407,1069.8945665567066,1063.2216683384784,1027.0055519257144,983.3899433039044,954.813510964766,990.8555356441424,956.696660420287,930.2817349218832,889.2447959749701,918.1965248665769,955.2321577091892,942.4059001718854,796.6058564535714,842.1663085471965,790.0481840858629,680.2525662189466,671.0324413633658,590.8530736327585,565.526017014351,605.0890630877324,572.4714755756756,570.483210465953,598.9867909432073,562.232622450076,505.2526555729931,360.9245855014675,365.520560010283,365.5861568087206,414.3011404451679,398.880739512421,363.16221374052674,355.3253804665142,348.7362444644667,335.45911368361874,320.11120202796155,311.7171840057453,328.9756033770944,333.388599570794,330.7686359299523,293.2527330662221
164.46482562166068,158.83221430363858,141.09481978915613,138.20614604833162,158.92097958422528,156.45451768240125,153.31421107951525,139.84723078043223,140.80670205824904,134.13193735438165,121.66862706778495,107.59827702206924,108.6140999479806,110.91596546515746,109.16851840080952,110.50431399703868,113.11841370159806,106.58745591984156,111.77190227802136,118.59268832150858,106.80137141414662,108.1297524405787,106.201931689566,103.74948394186836,107.34418862146327,112.6342028767437,107.29051938599014,116.87628748759067,103.00151554101603,103.62588268537856,116.1560752688052,110.6795632348926,115.67104355135956,113.1430889017154,114.56149098193768,117.01882407822146,134.50990830476718,135.7333861286501,149.10052804642996,184.74210573907575,179.50953665705168,184.6832681806925,224.6830988121444,240.95132827147577,277.99612818581454,361.6582601581982,404.0032321152492,413.8071699219557,539.5070700677917,557.6216965714582,573.4789789134198,662.80417646704,682.9007140616014,847.7018577946506,901.5205833463816,1010.306102936376,917.7472373906326,910.926503459754,888.4179582077671,906.02555252756,951.929482654882,1139.569113425453,1000.517520212454,1048.2124824200916,1024.1156302892168,937.856466930019,866.9996644219492,894.3925957427734,844.0052746287612,883.6050436168911,1187.8048468929762,1054.938716987476,1130.626815159981,983.7705136104404,876.620241651625,931.3525244805528,953.8711492490432,1029.9340231417764,1032.6651426168603,975.44336172642,961.5412724297174,923.0974333853636,924.3636287210928,958.332797849926,1054.8924833573765,1046.8022067804077,1069.3521572066368,1068.003896183665,1018.5647081303975,987.1107355152978,953.4906006389406,989.59131285329,965.5091877131432,861.2628412649742,894.4899396079647,846.4583647972852,862.7307401176753,878.2532947687164,836.0810791987628,799.0847480856548,801.1388656143006,789.164527485262,789.4138286330412,766.8191026197187,757.6996495280538,745.1914271982145,781.1583161831566,732.2664952535617,674.8401862577568,619.8057526490958,663.310526144484,737.1168710169851,713.5303488978833,594.0381592924406,630.9545111619346,594.0520232819503,514.9445648302725,477.4093628480673,444.6955660320999,410.6339060416754,419.8780458465055,385.4564411633212,362.3296899752705,369.989181685694,367.92646377380015,324.4948611818619,275.37680349178686,273.30144960967334,269.9049085425945,301.4471871005959,268.58168176526004,255.3375602126568,256.57251347002654,251.99424452036564,226.7254804243127,220.72461006166915,242.9675936323418,232.0617958469597,231.96417102914924,249.6039420607669,211.6972875893403
260.8339695013173,255.65755400133804,234.9615304043436,213.1426926455672,234.4360715050689,239.70011812382205,219.40304845219887,286.9179990176826,300.5837284544012,240.1589758341953,210.9282450759631,205.0475221447293,191.1313341891383,200.14212936934328,207.91187936171087,196.59099848489493,210.3295200120616,218.24237690948885,215.99556759631437,231.2213971913037,233.40285316771136,225.24832439557807,217.69377160828657,227.51486416864572,225.82227710179515,230.5800209984166,235.28887720077856,237.24200373657573,200.45376219326096,215.2581745728123,316.4410035193348,422.426609179545,476.7414944090741,344.0821472936371,302.7575935295259,275.1056221486367,282.98205258370297,262.04948891333066,279.7668202280413,328.95960101920053,322.6265413666683,331.8003959312188,397.0453444073902,390.670614827078,464.1910691363503,518.8266374428166,551.8563645142219,581.8012313218087,653.3669786019337,704.3396678978451,733.2182900953358,879.0505303908708,912.8777327419676,1108.5001967085186,1184.286140419404,1226.846654304716,1246.466700797661,1320.4752502355218,1381.4270401795457,1404.7305419557065,1409.6753992928695,1512.7739954393264,1512.7574989095313,1669.8033304305418,1617.2655097362117,1519.331261241385,1531.7979818918438,1617.6341602467537,1588.876880838893,1651.4023219981998,1677.1418985990308,1599.615861290978,1697.1262959710846,1558.9540107295463,1500.2314487494775,1659.8302605014503,1643.9235742873416,1686.0200528778314,1853.5917094855013,1769.0003431385485,1791.2947440956764,1763.2252621866576,1786.3264662236338,1827.6794802792283,1832.1669358501051,1714.8341979004267,1725.354233452994,1655.5336045311649,1660.6616586290593,1575.4574583794783,1633.613681870056,1778.992007509862,1735.3730350137912,1647.9511706537762,1731.728799955206,1611.7558534880295,1599.0715826750834,1617.1821413947523,1590.2371126994076,1562.501980050333,1548.7300021431206,1582.4002725026758,1517.8995987581154,1511.546356998413,1320.519698350704,1345.0545333801103,1356.8176663089628,1320.7076314216893,1285.624834518096,1191.362428273235,1205.5612066857254,1194.9945813482736,1233.0592182552084,1072.740418329334,1089.0587955006854,1028.3248506633372,920.4170458427782,916.1413481595424,873.9435075573741,810.5595376400835,792.3447442505621,763.4319007878605,739.1556712999952,721.0562192540191,795.2867299595775,639.8856929168654,513.7995505257607,543.7289246001804,559.3523451643154,561.7985789069576,485.830127968676,514.0838185123364,509.9695536072884,498.92203446316825,490.56983288699104,492.1816763494512,482.52065410281466,468.11280009200897,469.6368835529954,496.3188450680375,463.7657159522632
429.6457430735659,395.99143571287226,351.7366904713683,302.4444775463773,320.25923098222694,344.5467649783167,323.4600658916968,382.3650690922869,365.8353892969172,313.8817020770738,280.313012498302,273.1991621905402,258.1869334911463,270.0880176752327,260.601829560753,255.5227448106052,197.5881820037248,202.147893280452,208.8011339979667,218.0477022515661,220.2887538035652,218.04133833754136,211.33413626770985,208.81180186811383,212.350023808912,213.70585538470596,217.1439323374032,210.00668209548567,261.9879874390785,274.2854257056296,368.56446797439526,459.9876174778733,489.5488830867149,341.54259601255296,314.2333071916416,302.95556676363185,334.4312084210327,244.6167926339856,265.43353518721847,285.06320783881694,293.1129402069007,296.68925973422773,345.43858395777374,362.4931458589516,411.66760664248153,440.7518410216976,510.3142601318253,573.0726955577361,624.8400817378838,703.3846475033065,994.4926538500144,1228.3022832971333,1281.0445672958338,1563.8276358032142,1652.5419367954644,1719.4482230291983,1729.2904591828371,1836.894618493596,1896.9326573626815,1874.7167760706427,1876.280141344124,1913.7958897118224,1948.904043414126,2139.361455376285,2059.3172505142247,1951.56962050784,2031.1981370938663,2064.824991586806,2025.984611705885,2173.9262136920133,2146.404500288999,2085.247746845967,2105.476480661493,2064.237508164545,2005.7248986189304,2363.409949285225,2268.942100580009,2204.518712078604,2433.3314797085386,2275.225230416954,2223.620283725964,2224.349492033035,2250.530038706759,2170.698477637281,2193.672967668569,2059.575087133519,2126.2270838229474,2012.7947273673155,2067.720793868388,1961.790099625718,1460.559605555571,1588.7329268746685,1517.2775450152888,1486.4344441815708,1535.6502641317306,1576.720764290642,1581.1616029016457,1560.1675932313087,1509.7675876402557,1451.2152316774814,1430.0845832485104,1482.9383966634418,1392.4381010548009,1411.9793354334583,1376.953977882892,1415.5560087484616,1435.9374463235772,1427.0215964531874,1412.1847991560187,1365.8706492975873,1186.3422642066262,1137.521460116368,1136.214043946272,1074.2892576406732,1033.852549353386,951.5734647396308,869.7092468916524,849.1920925937602,787.0961621175052,762.6782362390586,749.2186266360628,697.5790305162365,674.5187602258266,641.3171388919308,694.3366837180895,587.4764858736789,709.9589099971475,728.6630957737823,741.7356325060823,772.9163739463822,699.4619190500746,720.7595477579871,697.1142692140721,700.9375172178103,680.1105976858873,699.2601754281826,716.6156855373184,682.3682193157304,747.2456895994454,782.3943872017385,681.9089594972378
340.1981611634794,320.1002066218644,277.1824942118756,237.0229930579885,250.1876435211832,256.81208639700867,246.85002709608912,255.79759017503537,226.8399225527721,220.24876716375488,203.71065031040217,206.9489763138868,192.11801676249053,196.96214071631928,184.42611745844104,180.6016273820288,266.2723327529612,285.1299900344922,298.4422983959801,293.70491059185025,287.7638614029279,286.570726364038,281.2188795206022,266.9655010781237,287.08224207134,287.70407797932194,279.4866095446272,273.20612858846897,172.9414043608386,179.88933840252173,200.8459929296858,206.65639409991857,202.1482984675665,266.56492181764486,271.6668893033668,282.8930579686394,325.68920823644896,314.5103128862752,353.6871353988375,369.7090175887578,374.9644127801482,378.7411496840628,422.9634364966026,465.4290458370487,503.299015189605,551.0501862445877,681.8941573261782,797.6867077655766,891.0981265769499,981.5277405031928,680.193120408103,827.3655846275847,861.8809178771979,1030.0821665077744,1091.7239715741848,1148.571684005556,1120.2567520589666,1180.335625527969,1210.9821670303693,1195.249615321371,1217.7663515545398,1192.5115439510153,1227.7853603992826,1394.1358049806795,1320.8110519220158,1288.4774698122194,1307.6788403259868,1253.8184933229825,1222.9767107150187,1303.7869460609152,1307.5468088671937,1281.4401084848478,1268.9377974073236,1267.0059246159278,1231.6939269387522,1589.8009134734148,1443.9774861732735,1349.623667888594,1435.957549685103,1346.843250847838,1311.7941918203803,1329.9862233360825,1356.856928246407,1268.4747286572374,1278.378162251245,1246.380322691394,1292.1820759689892,1244.3190608509144,1281.551389095127,1195.8112530391877,1752.996098667189,1863.840325044102,1812.960021016412,1803.5903742662613,1783.4405923206232,1927.3271060289144,1991.4485256980165,1943.217276761282,1822.7462211257928,1736.123681210225,1702.2515479158735,1706.2000489442346,1635.6086496890314,1769.5852765191162,1713.9969329780854,1702.4688675171346,1769.008334303217,1729.7399477565823,1715.9232224794555,1684.9474499606208,1456.4639520534024,1433.8660941139965,1454.7528136213682,1427.253068360576,1361.212210157062,1205.274506847629,1122.7675404596537,1103.0074402431546,1022.8940725111736,1023.6564703840652,1005.97065748745,934.1303392274996,887.0755071134369,847.6877392502929,875.0240442595128,778.2623483705629,518.9420916996946,517.0970873458349,544.3512632811016,542.3351260716635,514.545943524773,488.3878302300174,475.4831510720689,489.0033835420276,456.5688987311874,479.2841293830549,510.09910836637584,491.44579129087526,531.3391123466138,537.8570534015167,458.0566180581142
492.31301848596985,510.08828777120834,457.40939229823033,392.6029966748325,435.7772018645382,414.4873680154221,377.6610673133848,378.5539382032262,349.3995494590285,345.4355149986589,327.2870696194302,351.6737304163896,310.49061277468604,321.7697074859347,323.42839870261406,301.9189918956692,290.5932716588718,353.4427942116734,358.4767095358995,340.4325702714789,332.6015340118712,317.19267180026173,306.03549732200634,299.3159430627364,329.8906967395022,326.51032894804416,310.29957642207705,300.6722802882106,279.52590901384474,296.6820988268076,319.88756434691584,310.56804963000184,297.8605840549685,336.9958016016975,353.1238718578698,376.2424215818375,380.95876449248914,348.7173007221066,402.96356773659073,393.4079055457148,375.8782549093019,403.8809350185986,445.9041305724061,467.88973232101176,523.6677070328662,543.3078584951561,718.269408052457,901.1760373245252,980.761077071054,1027.5568340423429,998.4697690544136,1171.2559097379706,1252.6251465569862,1350.9072646435286,1489.1634413164234,1572.956128697699,1504.0961836495917,1608.6622348593023,1610.3620636456262,1649.824841339669,1742.6345535485125,1652.507659755299,1764.137552491505,2149.350534969937,1946.9663344720468,1998.6539439210212,1952.4044367862173,1967.851409029194,2080.032438987888,2170.6988145283512,2205.3336667444128,2102.355047975119,2006.683685858813,1848.4520220888744,1732.5905457685883,2252.184017163106,1887.2573427970303,1749.4765887031492,1759.23887795014,1759.554101936251,1759.5506641051547,1840.4973219848828,1943.953435189795,1877.533154136944,1803.1568158649293,1840.2247503943263,1817.1396795264368,1755.1023417173517,1818.4546297186691,1649.703480470154,1733.2227103422035,1813.3202589664384,1804.717083916624,1807.0841300731167,1697.064248207732,1767.4059635906,1888.9294900093169,1864.9962809621372,1670.9732271054002,1628.5844918193643,1591.0104944357313,1532.5013510240858,1529.416339304384,1765.429130196161,1302.3816959472754,1232.4365507678776,1321.7764803177872,1252.7856104974485,1279.9579789525224,1237.9278182203068,1401.4038695219674,1288.3781879782423,1340.6128718013224,1228.4709219258634,1207.2692239936564,1177.338748095166,1105.801602720316,1123.046762917213,1098.954666704049,1066.14173676695,959.7019736697712,948.6548997474346,883.0167344388979,869.9828468076594,890.2980824817663,800.1052483384801,798.4272179679247,797.9603841467431,871.5956278725153,766.0217267450295,752.449370952466,667.8492649818756,668.221245118298,706.4852913738935,634.9390229802262,660.0437419194254,674.3884176633346,663.4843024256993,600.7976048295052,593.1051975927467,561.9515204047825
417.0521238246596,440.2767624104002,439.6903063301537,370.3720342816698,386.6628400573736,390.02188724560494,360.1627953510173,336.2982840866118,292.8941731743863,286.1983529156422,328.0309299788444,312.07714672677474,264.9326838074819,279.28726871267764,282.4673463625883,269.84225565394905,312.72633680206064,331.4018079913322,310.10913783666234,300.3754139143609,285.91274510441514,275.7113793180018,279.33023348222247,267.4132277875196,281.4843411786913,266.85494599107784,249.05989085988875,245.7612672981898,211.82890571947576,216.73343271144603,219.65793252657457,221.85241485465707,204.0521786131569,217.121501291022,239.317506294109,242.2329857907296,243.7213803269873,307.0117668072664,350.9454281760182,324.47388376399704,312.39896685889204,328.9809223640685,370.6629292783373,386.3793475453521,422.7494530700021,475.32746254065415,564.4780024286587,711.7733348204881,728.5787050587434,807.6571043034373,656.8464855205398,776.0981861481707,817.963211461679,864.3810457058805,894.6753798532748,953.4614309922912,912.6712255584788,961.950272512552,914.4734052979396,955.842341831776,1032.0282833814265,976.4482820780532,1031.7156247247656,1145.6937960371308,1127.798125642011,1109.3498113448325,1123.1211189918315,1050.463284665634,1096.6231145150457,1148.8413505577016,1029.5261199563854,1042.98752958659,1147.971961716588,1140.045298615474,1055.9650891666447,1107.4265406480774,1053.8887376461162,985.8407388890248,1006.4297190782112,1068.0377620189138,1021.9251020644136,1006.576760857453,1027.0534516182634,1007.6374220141344,949.4340414314956,949.3797227942756,905.8043874451756,976.6044829332856,956.24232159208,848.3582314393511,1066.1226160934862,1085.8462047091095,1064.9955557423466,1186.1887989932331,1093.540588685555,1076.3502488497734,1115.432099631689,1109.8767572221366,970.9853323985824,1015.498363488066,1003.585001748125,1031.3826525035888,1045.2235869324395,1115.1938420041963,1048.706905058778,1046.0192866566076,1149.124169294599,1183.7893618975336,1200.7198414154575,1224.0206323894963,1090.7856061966909,983.7200763131948,931.7614451792638,935.5727477387874,956.8787099545208,925.9703589156068,885.3543157234448,843.385452987409,858.382900813271,850.2120793982411,754.0191406854752,734.6451618599721,689.0975640812572,717.1188833210722,774.1770984503358,712.0063091560598,625.2052869515722,587.702875555021,577.5606322119777,547.9066598499355,563.3042626892385,538.1100712317436,530.0834107274085,563.4264974898688,550.1474695600187,524.5065078871687,586.3515066862749,576.1057164626662,512.6890547168732,529.071441642701,487.7426918845277
398.640544172941,398.2533447823842,379.8683659805517,313.3265953845116,319.32738802785747,339.1976339643749,315.5625765501632,313.4756465968246,285.796653934768,274.05802471455223,294.8073619221527,271.92480719159744,230.67744841020428,257.4003409404222,264.332547421635,248.6714203357231,452.2897293303275,426.4761997091825,393.8604126987788,420.5169760338344,402.6490015697453,378.089892903501,404.4425806911482,389.77613366385714,405.2754423316357,395.2454169178008,363.8113978732397,346.4498273979931,186.5951108402133,180.12847637094276,178.1623658034368,180.7696852181064,169.0509858032277,258.6610075038659,284.0478683257284,310.08226199902583,300.20606306521233,414.2614317754705,437.98257944904026,427.12339911933526,428.1187768865987,441.240332106068,503.7650166188988,569.6182647353779,651.6346825274451,759.8387165047886,930.7049747717404,1078.452767213549,941.7077000028078,1034.956947214466,525.5574749002865,577.6469755374911,638.2524424647161,697.6526776421169,695.9136711965921,730.9625811191662,678.1072498979961,728.8206864761412,688.780198751195,682.115401833432,729.9904402432445,707.1532942830677,738.2437229909104,788.152632939918,851.8299371558536,831.477906200387,838.5987781529896,762.7836499393585,824.6177741484904,830.2767490807723,752.5775867592967,785.5240362068099,789.5922233334301,823.2459331241222,812.6868729881542,830.0027348595986,822.9932541672378,796.3025042994462,816.2628715069955,847.5994237432897,861.7042631756517,813.7942123596952,859.0247551808965,848.2776250959039,793.9847137161632,753.9808562668001,742.1669912490112,816.4458886954908,844.7519447254283,773.6212190725865,1548.9598723857691,1592.12734043759,1507.6023206712357,1760.7663683796184,1600.7616929712642,1638.5284672393195,1603.35603496002,1632.996379114945,1466.6875900270102,1501.9084651522753,1430.2804441970477,1486.3644163280967,1522.9938256501496,1577.337621944912,1567.2649526220753,1584.9346700102844,1602.982939657266,1671.691506711668,1735.6664884345053,1662.185621295758,1567.029438246002,1435.5924428232292,1410.6155819485075,1404.104697708371,1460.9035036390724,1378.1480467917895,1320.9829468964178,1227.5196010388358,1241.045235681276,1245.3566719801345,1114.7052717434192,1059.9943305073712,1076.716373063093,1027.992776859831,1087.6063869788,995.1826355568552,549.593574078878,507.5927113712794,501.3998157361419,485.9675016598734,511.784524782304,500.1293382609781,465.60723203853,484.3114568594612,480.26099626988434,466.9303141332999,512.4922216733095,508.1921906218512,434.53391877990606,447.9125296746808,479.5118898057249
470.0001253714209,444.56425831359735,406.6372212958892,350.1234347449964,356.95848434929064,359.6432169492612,330.17395779846265,332.4828228886639,307.44884990198733,299.72626693192177,297.64879642169603,323.48893378733607,280.99438607714643,299.9939471196405,322.94249672155314,306.50145035553453,373.9532904258869,354.7467115655613,328.38220726249415,340.8810736401274,334.7395167238449,322.253672912357,329.75105883449584,324.60553756429755,330.57399227292,331.57114096380724,310.61350745957355,316.69819048527904,239.5030112109644,228.4862774862287,235.7707505752662,233.16414898094,220.7451241189736,272.04690528275944,282.8865561206677,292.9690473324832,292.45811863634134,330.08158225252186,333.7106648992395,346.02690082981775,345.6940508195351,360.3053258204517,393.079398868552,465.32323096988034,528.1678038526899,620.7058810760633,721.7511320550893,786.533525118118,741.7398347906599,778.6609577805594,603.5800701856127,646.4824435885528,733.6051310457971,850.5496373891481,860.094704536284,906.772939272307,803.238956908759,821.7610820877159,785.8007028895231,768.6593649326694,780.7380196556343,785.1105366566828,813.968898860259,896.7552850882419,937.3574066338208,928.869297504717,971.0814213062308,878.7306567615377,986.4251707847734,970.1688927313546,874.2610863422227,903.3652556000184,926.1253373897952,956.1974019905086,948.1841738335032,987.199596899872,987.1294682742176,997.1844018010728,1052.813474359718,1021.0734478473524,1071.1695346001095,995.1586212593338,1117.0494126493932,1092.6236510185383,1002.6145314546832,922.4994257026484,906.7836351860356,911.5819912961864,940.7583379465424,890.4063493003209,1197.8875031962732,1211.2912939746027,1140.9854559876492,1307.9705551820175,1247.422894888658,1262.024203525404,1249.4088231659784,1338.767019441678,1301.3212628675108,1323.9866678835303,1205.2613713499848,1226.1478121126206,1280.6993887554358,1309.8735196429168,1204.6150211835209,1221.5739712753712,1179.095115517218,1178.4722963666502,1223.8992410324536,1095.394195315203,1168.476904587763,1157.7851288206748,1198.2956499361594,1173.0318400696142,1256.6172111117976,1123.0270251243223,1164.4084647434966,1077.212762504109,1090.626596258539,1082.8605662758237,983.7282242875632,904.8352951899908,983.02876922737,913.7860012830891,955.7869184304096,888.4688884919249,654.7472972071891,580.1833241013455,576.9299624708373,569.0916879833726,635.3932664442017,625.8529291139321,586.3591352644887,595.9278082080438,585.8353530696332,598.3111713251908,686.0009411507236,769.7536832159566,672.1279632155585,694.9892825140868,718.3938996603329
428.4681117107199,394.61405274288535,366.5922520526799,336.361836231038,347.2775434139326,324.6148505233571,283.7500092874999,272.41272042335555,246.8247752792347,252.4176797433703,250.98829394640916,312.8786847121802,269.1532601409709,257.8737309737717,294.1843282397894,289.97586660270514,301.09558636754275,297.1316446468134,291.2101572857592,264.4708239264727,260.7346787007263,262.1810211865468,260.66178497247984,260.00501800349707,257.6264290168073,251.05820715893788,247.1991459842819,259.4117563948233,226.38134901526897,217.07833831909167,227.95684885243304,222.6329283643677,211.45736172497163,228.03251331459452,228.07770252510213,229.3688082966923,244.4663471422184,265.56332279139286,263.12116021716656,274.8837120286929,280.4546953064076,290.0377486514479,315.2212588032902,360.8553172757488,389.68095694912734,470.50242713276094,509.0756709187144,539.5837711980554,564.2086886270489,592.5142153835457,543.0248269533215,597.9429428179304,634.0583582335996,788.7385502066327,811.5656205808359,874.272932241028,777.3259631719784,733.2230966828071,694.6438387707724,692.6793560349166,707.869297104797,694.5211539684968,692.6692617089311,749.468543056151,715.6035626081115,750.9015046777981,824.6066094188438,728.6225017256212,805.2656574494041,799.9028538089166,654.8218928052399,643.3631023209889,711.2581715080669,724.3455621850035,738.4684449727873,742.1510131505745,738.079362397194,717.7341614637616,779.1098679752073,732.5434193316469,708.3840949714543,684.3553675357385,757.3841397440133,740.4970079541554,720.0653073326573,675.53593059999,690.8506097463444,671.35255059563,677.4887184407511,666.7620935020868,787.7865201732877,735.5822597625042,692.9177023087061,739.4019476729225,749.7108794952625,753.0390728992649,778.7534581373634,854.7549202852235,882.4703221842965,909.088410483179,821.3976380174454,823.4232785947987,867.2885185579715,873.6198597813534,611.5673074291427,625.7737610320083,609.894824508401,591.3914815854537,593.2957950294654,514.8213928196133,733.0173951004025,769.1080507354626,805.300658651266,772.5136693507013,885.6042091162302,773.5310635658063,843.8661572610482,844.0837638372766,825.6665964430613,788.8417266076299,703.4719185170358,614.0321304225871,683.0031653176438,653.2686452060942,658.388690528379,617.5426710458781,534.7297147871944,494.3027849399143,510.4179838917484,498.818164970886,591.1096850348939,544.6475945526822,522.6217422249689,523.7082175998638,507.44824742249415,504.2055127853012,614.817738091931,777.1969849490041,728.4408899520773,739.8790688959562,628.7597274208701
327.3338610891541,305.71832322817204,301.8241336482382,294.21242407503354,322.6369238122416,298.9978944265947,259.6569899352857,243.6989042114847,224.8986257477352,235.8186562155853,236.37233493779817,262.0704779817861,240.82152390414856,223.2090884788303,236.77520302970865,229.09296481044032,326.45066159941376,320.2667431269446,358.29895899475696,295.0929632640559,268.9126148932623,262.3951364860687,264.7864488964868,273.97759309250523,261.2795339867383,259.67598070612314,262.79392177197803,272.4031902659718,197.08973041587168,196.6042700973464,204.43726396615727,196.31730766316736,186.9876981395437,211.83101180124308,208.35316196054808,206.9207933535096,223.9786705514598,268.8065483241721,278.6130625546634,287.73722328526804,297.1683118421292,321.1206040511538,360.4801006264788,360.0750532967331,364.4464090281456,418.570001798689,450.16384786749353,475.5928594171266,508.1482891234971,560.8185462109989,402.6239018052793,398.8301461845741,439.58267103545495,446.4171652259842,440.60165703859855,446.4609011674583,424.7405371979455,414.83586063928766,405.6572712775436,442.28938465121655,473.78100932697527,455.3701758768332,435.75220961964015,452.48110625318265,462.01723019242087,483.6951039835176,550.0715689854251,476.9354707760914,671.9738914801551,752.2261394560006,538.5782947800541,478.66006074815687,466.280288081182,488.229604908681,498.3054140593909,492.7843335928024,482.9107942809941,460.7132260821121,484.98237025670994,467.3066325102002,458.9125675289645,440.5225753900442,455.762158765024,475.1784855227786,483.9189049275146,469.7459741105944,488.88281914379365,496.4245858790743,514.0611644090073,453.56905951640215,664.043307236587,616.8251628340513,585.5156967238293,631.8396259342232,610.8546341830568,622.8801050649095,667.8004497048566,674.476083336719,646.3424093840491,654.0653988568565,602.9438686048072,605.2817011128226,738.6747215725701,686.5739128522475,803.683050823794,744.4163558134366,700.7270105931259,695.8740038069094,678.8375425122343,674.2899201354759,595.8636324333437,637.3475639316877,678.8624216549116,635.2679347667836,700.8974018081205,602.4328027081361,637.2701982256526,674.2058835488434,645.2219504239854,637.6479682213594,606.8366086236512,581.269686091484,593.5918558925293,582.9725197786495,598.547153564095,591.5336763352191,433.2860121333269,419.8741765041818,447.451339171206,441.23830138572055,455.8530106822244,435.369966778345,405.9551060467765,393.31573460322056,407.21472379480673,374.2172253062485,400.65414776171787,417.2392846403596,389.0517272126209,392.2866295946903,401.7933414801364
720.2635303062949,610.860660946352,514.5005739562009,506.6816729454415,560.4778341614625,567.8748895251686,589.5795587503349,532.9494989765788,523.0388716891758,475.8025489645053,430.1398617536013,386.5447742498573,375.7095453684529,336.11637172146885,385.3311772571144,358.3398305222652,235.3689092991019,232.309412387601,220.22168161975296,218.6154284009476,229.48050085446687,224.6049073530437,246.1880886939244,247.3171598167784,244.2110153527501,217.6824899469574,215.8368231383866,211.2349292956008,296.9818296412089,291.74570216492054,300.01767583321026,289.1208922676131,295.8006580451923,193.62641848386545,193.5531404060222,191.60912914193483,205.62940363178703,242.51660038569423,250.46777136058336,238.21827432152733,267.5930497354495,289.5528139867008,297.3834773438022,335.2285944539008,395.4818665948702,456.652728140574,438.2688110041228,520.4718503226537,562.9565381461538,600.9359000071544,850.4031994961815,871.9672319529118,877.3814952471657,890.1275924081018,875.1724317999758,970.1782622676534,1087.1505066478628,1037.877619027116,1059.5067385418888,1158.1187228586418,1209.2647357541202,1123.0371740835446,1168.1982699238783,1121.4175397142242,1085.5638446061996,1161.5095567545543,1141.6859913167193,1064.1397279575808,1107.74628807545,1160.8378593036994,1100.439108601677,1051.4959215864071,968.865195746782,1012.4699832948852,1078.344908603933,1091.8237404556608,1075.6442208762007,1074.4217934076166,1056.2656395612617,1136.3088657325438,1204.1571392242915,1070.804066739181,1096.2191497445178,1129.9972405517397,1047.5629461179362,989.0443136391044,1085.3960204653515,1055.922242347193,1090.2488617832155,1068.3547591852275,725.1900224683208,788.113333501215,720.2196887583052,709.2592446873595,828.4118378646094,774.9898608328674,756.823527208471,756.7678433059402,691.0810934871308,668.2384162114015,748.524509589153,744.7533472185208,705.3302900149782,776.1556883382386,675.8545681057756,713.0112292135688,719.531294537536,684.151823883795,810.0097063994255,756.4074189206436,804.1111713915295,792.8714058659899,756.5892864772229,781.6564149647116,814.003217523826,773.8106961466547,789.7451598708435,720.3188688673215,671.6236290790291,714.4487422342414,656.6422316941511,664.810019664187,683.7692098403691,694.678568555364,754.525215848513,592.0302093110722,820.7895247089956,852.071276638691,873.6875873381944,835.5386935265191,956.5753654656382,815.6612380395288,785.9452220347454,751.2047191724901,704.6879768963099,839.3817435172946,818.5601969977071,760.7287862253368,925.1263737783896,741.0674305015093,587.1796070656266
603.1215923255163,515.1796285959571,425.9711747933298,426.5988295629824,483.1926069301889,491.81112917709856,524.6578514832868,396.9801818978245,366.46031371830713,363.661353990837,337.60989196059114,325.8669121165853,307.02471638046813,281.29060578095243,323.64609945754114,304.61044782944253,188.84281879720496,191.9560067142228,186.46258019307487,179.8905430534229,188.75263672404893,186.05703166382628,200.63698046815725,211.60686622668817,214.32233939506585,181.7155291193777,177.9116713784417,171.9180947069704,237.0494698237657,232.98802745467637,245.80276411261733,224.0127090528226,227.20644863562885,145.3511933945505,140.97794715093687,143.51933898613103,153.80710911617854,182.8458502157567,201.1352285488118,195.5616428587581,206.13818190237848,223.2046649416979,238.35248263634557,250.0957422325409,280.38933176581486,337.31560549170337,316.69460959342376,328.57726224106705,366.5078325118914,386.1677292680632,545.638635985241,565.3184138530468,593.1681230184075,628.7452601407067,619.275153641323,672.6728435440986,789.9005004611654,714.7941083367857,749.057504712802,790.0353798600328,792.0105630946015,761.2340831119398,790.3853692734021,763.6136354312399,744.1161778016074,782.653740412223,737.4862810461093,708.5941998745718,740.3845251217231,729.0481763455759,762.6410571262776,780.2587547197804,692.1044691092914,730.8174377693924,782.8589855085985,774.0062665170184,748.4685853388081,740.3611581918991,712.2737308262756,788.2486915385036,832.7042160329421,731.2727284288119,732.0190760876774,715.3721937655241,698.6871653609128,686.6183772363976,712.289876140586,718.7870942378559,737.0829650635072,708.5140332389465,507.987461136927,581.4755524051185,545.9170270317118,499.9436328691904,594.0621940068778,566.4464166065584,540.4626355615675,505.31466276937294,482.6478227482637,437.65897603880114,474.3208271355372,473.86292956391736,480.66355583337673,487.1194668804624,564.7408210794472,620.1296559750372,651.980446126468,640.1311917666022,673.010721593747,617.671598481596,494.3067640933434,510.01709986233686,502.4404287572691,543.7000270090205,579.2824798586735,568.6369388575907,553.579174144576,535.7033698845962,503.536304934904,520.7190150968466,476.1929708404157,483.79450998272193,482.2647863435664,491.8888689145532,511.8294628645668,418.4416360832727,557.2731250182114,607.930233710599,576.0573881653421,516.4002376691258,543.9593912639066,493.999870231501,497.3661276861412,500.2681586842309,523.753886338546,576.5270179715639,561.384938386961,522.6389402013148,716.7710618883539,621.6674068144483,497.36143772692986
280.2418737309189,268.780942192741,230.87592699535523,211.41553463818067,214.39020218826136,211.1718347984088,195.56625511163995,166.85278769887034,167.65023652766973,176.3605282177524,183.0447000499732,187.63974699921005,175.64495726329048,160.5244484792783,159.91596270007753,163.92274345541486,136.6082833042021,140.6565935413628,153.98394767968065,128.78533154098972,134.82659518740329,133.8848626153387,120.27889617378302,121.25359887587298,134.22810029457943,116.57245095030588,132.14260172672468,123.60958797905585,127.39804304822204,135.26342353617176,140.53212279751,119.40649442233612,136.3576059647733,110.89404082314482,105.44825533140173,109.16902996873505,116.2720194114108,137.63926608522405,164.1016359816982,151.93248826138012,143.97851747373795,166.05182204284318,182.44517536435723,196.5237739905361,223.7673002702275,368.2135915134919,345.28496158386787,318.998577300918,325.6634474830605,299.5202244845809,317.3682694957625,327.52699819725336,316.2695564625705,374.7245607572696,394.846966102334,539.2483366161877,760.8272593319871,599.4287309600222,557.9504046192278,621.621896468391,528.9155403600622,482.6446026020927,476.16684211616086,528.605307148139,582.6572013814558,524.7785062850135,453.6376833316975,473.3719329590503,499.7639871036772,471.4564481327311,459.45471708911225,438.6542875871689,405.7076498073063,410.3829870076873,413.2780086469904,389.13145365148057,466.3889921051879,408.0644405440913,436.676059418077,404.5771457864799,411.0833988710229,387.6146659842181,400.2743747480088,401.8848218182597,433.3450151266826,438.01196375002274,418.6837064975953,439.5577474614427,465.6195282358146,443.6187477625543,441.6220407445074,437.3650884085265,506.07223783821735,517.3704076590226,530.9264920850811,472.10322220078456,469.3681931158007,419.6461276705823,415.6107994579583,349.5464645916495,348.1266744783403,357.79684642878607,346.43479226096633,360.7972754645524,484.7726147087948,486.4940530880428,517.9520358490155,686.2648198065705,728.3421682016177,683.0930827898986,389.2730506394959,401.81821785721627,354.300978208637,380.36676319459536,402.12847069864097,473.0694378839455,437.1110641633693,432.7150366473124,371.15756719086016,353.1507734690177,335.30291146981125,339.8291187061065,358.7705361677441,357.54191085577145,371.9378850602605,361.7072023883902,391.7908197133742,399.6017599887418,363.1939542678746,348.954358362462,373.9239606160977,315.7654988501635,352.63640673344395,354.7092094504596,323.09357403289573,368.57330708354334,320.8530800055268,313.7524463559707,377.6543024731868,345.36722584962735,279.17883335512107
326.1509631023332,329.05947513121964,297.2239569906316,272.92267867071536,296.9299347023263,276.12641270560454,259.4140042448236,237.794340384424,231.959996636676,260.7761997361387,253.81212776902345,231.06164455926535,225.76611164867575,215.45103922139992,222.52037444205297,213.8277147061871,235.2152203880282,238.90729887254133,237.3869659499385,228.53142853740505,227.49522432830335,219.6039018853792,216.0563748147916,205.60789289521435,214.47509323569247,198.6470828107098,204.2995353481785,197.59984591286928,174.79938967035235,163.5267629052851,173.7093993857387,174.81605813260148,176.78376931781844,150.62475578499834,167.69745841943578,163.17373037921288,162.56250452751297,264.53512628415467,302.6002962994199,264.8218065418824,236.25361464997945,235.1406426733239,266.9423282735553,269.60309472280284,286.61093717750634,351.76455832046986,392.65168224768536,414.9109558905154,438.4138026777216,449.4020583478366,386.0717254682357,383.0665230525699,397.7674750400522,430.4735232888653,499.9917177619524,526.0717984727779,523.6477943882564,503.0507373377769,531.8978096334363,561.9202162849408,520.4600456895921,506.7418318961736,506.7333742313375,667.9675415730756,703.3446390410181,577.8209471648512,524.3580467271886,628.8228347774782,697.2457250387795,674.1067096306085,619.0886041518415,576.0304817138497,503.9493482734943,501.00051360040266,510.4186398929156,490.1863436962245,461.92217097799534,483.19765822742056,502.42137014212784,470.0585448832607,507.3443716047146,520.1608347425616,526.8182247009063,588.0116607835904,607.2059225415375,613.4757763020331,579.0069947265491,551.5461029319393,533.0321626657617,555.8470348951074,828.0705002013016,743.1291953596191,710.2671723318076,649.4968802457747,605.6747292336713,569.2390137209325,594.1452779136941,636.3883941514501,635.1952564029169,578.8037459759958,562.832736948392,621.1827926607178,615.3334107256364,655.8272375955795,476.9024394514413,469.2578931250948,530.6468053269114,475.5711899447317,553.6399518690833,490.3704166039088,551.7979456787506,564.35178456425,474.8301987211549,483.0976621082322,547.607605611031,553.2108028676223,561.9289299544588,636.6136045743806,514.9030547135019,519.3737946348585,535.5199267271064,573.7015962949642,699.0221677010745,652.9031945906627,706.8850102461731,776.1576945167917,529.8365560377531,543.266639785427,440.45211582008005,426.5479503741535,429.745578618113,380.71352545089087,440.9377823411606,464.78565398124033,428.5147076015572,435.46150982476814,391.5504954893792,381.9948913857912,434.670934782592,426.5226614402504,374.6225228596175
306.7779279948151,293.0442825015885,258.14033698172835,236.1984272578102,227.49748166410384,214.2316393570896,205.75691898161404,202.24714203560373,188.94470763293955,197.86834343278755,189.7561110583488,171.21762606280555,168.95986631962137,154.89544667876052,167.5410521906027,168.57618807605988,139.57115995816284,143.12583154336477,144.26955793161363,135.59843141930273,138.6990413077933,140.78626240602787,126.89348340454023,122.49895091491886,133.03507391698184,131.8784132945107,137.56732426940985,127.07120325234531,161.06141294127428,161.2038093184946,170.33510170613752,169.25715473127008,188.19723872488024,116.13984930187796,118.4340130861098,115.9189714865419,109.73326387526502,146.42467701659578,155.44945692058124,146.65502698120252,155.32584614071877,167.27163728895877,184.61271977141183,186.60425516906355,208.76197866340908,237.72378217106544,277.39036993206406,295.7984323476013,321.15744116049825,317.89947637250833,456.99095674186987,396.0172149330464,401.8350904243221,448.7415835646614,491.1308335214836,519.4398887150282,541.085856998848,463.33557326353446,488.59181467544784,502.8280717801906,475.46823217849584,466.16045411302815,460.1656116210473,494.4052179625597,477.6951368441704,446.4699921515912,445.2323937730196,514.4509359847934,519.1803054759715,489.0564458939331,478.4173477999017,489.76418383281685,453.82266818759183,434.5009406967101,474.1974071243091,483.1454239254053,413.40878847907953,425.7849136029977,534.9707729264503,429.5113163970533,410.59442196481706,408.0715865479427,399.35425792532936,392.8970165094877,424.0605809529858,435.7098885798523,417.1979198356997,413.8117180809329,441.2014675760499,422.3233839495512,383.83526213496265,416.2040533882696,416.7141938026359,433.66932194524514,401.47420573091534,412.5018055650344,404.02535566528246,402.2466964786495,360.58244046592193,358.8678408293496,344.1367361982171,352.9097202775221,392.8060636160028,465.65512250951735,439.7389726631649,396.310923494534,408.6241588736499,372.0157076700596,413.00107863292334,389.62656370447615,383.29670167942726,422.0681872478797,343.0097843511513,330.64282638501084,383.39630423041086,335.27417423376755,320.91236286772454,370.91624691750457,344.2638129749662,364.1314566863275,343.57648707857146,391.7936248745223,372.47986650905096,349.2106411421881,384.5877651583748,353.7194577292464,339.5290328749722,363.729845522933,331.483009402494,285.91057341242066,285.7883331156448,285.8675669413305,293.23429812201016,325.8544433875021,336.41042312342694,312.6298317356739,294.0976298766498,281.48883574158225,294.079516502498,292.10752048628933,281.0875295098616
324.54830810935164,325.7039602416717,248.11827718770965,233.55879710124267,225.22874345986236,219.62134193987356,242.2155254717976,254.42110625262364,249.3146031248746,236.65028799600236,215.2582043817853,182.508101434715,202.68942304075244,178.48998098307607,179.3442898704238,172.2298690272388,102.04515631977472,93.72988315856584,100.2314212715981,98.8331814408524,96.87862881452035,99.4210346515022,95.72121173142834,89.56526946175833,88.37651564523837,88.14093883131684,88.13348113693137,84.19329679312284,140.70268398899833,139.85648026942746,164.69196747569424,214.69609402492625,211.32393081301691,120.92699453491518,117.75467153507074,105.83473231376732,104.35530324826726,105.34836454165468,111.6765260161382,101.23797339966404,110.1484866159402,114.86451583141098,117.35750210090242,131.56484956929512,169.71190957892455,185.14630183728016,193.88998688280608,222.0081421501391,258.14867414802546,248.8457954214373,476.0786910824572,436.0923550038993,423.0904259056292,464.5475885993953,570.1063631585967,552.8149250359583,536.7610607515239,564.9131733583995,510.0604187632084,495.7955248936722,501.0183911208995,519.1283709675322,459.9427535010901,467.65744752832114,462.08111305170894,468.5790387086726,482.0191468975675,509.9101697925401,549.9925510161654,526.3991784399693,497.04697066482646,531.2335657637942,531.8382037669011,490.93912897474434,590.2128712484889,642.0677437759219,523.299111461704,590.5809318548673,551.3549731984918,503.6486076833576,549.8031168140237,556.6947497422283,562.2748891551882,522.1735090309115,499.4130721925363,496.9801788336648,498.4502496209217,506.0389137185631,603.5422348149706,553.3236378274167,332.43294460215435,290.84836545139285,287.56319302154765,285.7135864565383,374.781717565034,444.227086732846,392.85265809673655,360.7609330220505,324.75326571693813,298.7324705940775,293.5085533114095,291.3848133041559,315.6836044186625,340.4450826367602,479.8102759588334,470.8561403925912,465.0750860564967,456.5802853816791,461.025766838137,460.640414554456,311.1005014590572,335.6711877223007,335.01342564331827,347.19422551675245,324.6192202527293,290.32654781626434,282.60883856766344,329.4423540263821,338.9041634662803,373.7326484553058,362.5913585275199,324.990246021913,252.06984175925163,231.91037748270705,238.4951337980387,216.6877743052464,339.9149135600442,359.92227098913486,326.36811916804385,300.3314706766636,294.91052849683376,342.55330042509564,389.9850299864015,447.17899562107056,457.1500461390715,479.4461751890914,401.4350322884862,375.4817138606666,357.10310870183014,353.4104264478158,377.4474613858533
235.2762570854329,224.02639488562275,226.7133450652726,206.66357168698036,254.168682556322,198.05256377756777,182.65365497375288,177.12031075121646,180.43042794926652,152.60166138852082,149.1659841166877,134.74528887746112,146.8520617824071,132.1196288704611,138.48795921806368,129.0943225026487,114.53480438228388,102.63000933223988,101.83449645641106,145.00546789522264,120.42378938192384,107.42557722157056,115.56019036571143,112.0012526448999,99.91332365150885,106.68160168251708,106.17746396041726,93.36207158002578,118.61112760194948,110.23915297053622,113.86177644003844,139.83703675757064,137.01540106211175,139.53447896926963,136.12744943783352,127.73542401700436,132.22894367245107,112.25544483901064,117.14911814375613,121.82864554149954,141.7868729546294,153.85801629712074,169.53326480839598,195.51867362693145,215.16165680170093,237.20090745498132,244.80770952586013,268.2414062425748,315.2083233707427,322.160785190931,422.9616075338865,389.58290045346354,421.3643952251454,490.8169307239037,501.7405205868624,479.659403925613,442.5369436352994,462.1544557266232,426.8205321927937,434.63377861664895,454.1525995428861,461.8292593121009,484.3283473348197,527.0635162772799,500.7097478899713,445.6588387331521,445.2771203041013,477.1133602623954,481.40880077863073,457.1772842798604,429.89829004318057,463.5804765309052,497.9466111253665,451.8300689994305,468.136357472745,496.2487537754804,453.5383081108131,477.68518084275536,447.9196057544421,464.6436209545414,464.7363054919928,459.2352605275142,508.8781991598478,486.9865102186853,482.53818913184085,478.3763664824,499.2199510740461,481.8097959702219,525.7216980188149,510.19804387748775,470.1749795939811,427.0986333611177,415.5810354304962,382.3483527507156,444.86373988642976,542.393747770553,553.0720801436473,492.5117751149355,485.7833129296552,478.8455947657783,432.0044083161232,394.3309578129482,423.0198428743229,432.42441605796506,546.9700044593609,548.7122874306223,538.9014230451119,534.4067043736529,557.0034684287796,529.0615877214926,420.181025342078,452.5111581203749,429.2043556577967,425.3519719998668,412.4711490316226,377.2695548299473,364.24370965092766,388.389783354069,376.94251687403096,400.1005278491805,355.14705822817547,349.0225097739545,285.6817074592051,285.8559107711245,286.8009559179934,266.9776499366898,295.4768326832016,306.7429429798602,290.108309492373,280.673875493366,267.28359325560155,306.7060897168413,337.8568932342547,351.16560408525174,353.9138202608734,336.48445285005613,314.9279661039098,289.35144069597175,292.8242557062221,296.5462722712035,308.7354647538977
252.80461646613244,234.603433071137,272.80763628430793,247.3607101572154,319.4490198525379,232.2377056600025,194.1024586631572,177.45721723814594,189.33157974543295,152.7677490898084,156.9941724486627,150.4375783223842,161.39695124293772,143.34421734304416,155.79094590216442,146.14915926226618,89.93361226422772,82.05392738243414,77.43539993193674,121.31419938555132,97.6716112116574,84.48622580770808,92.56716412193052,92.5797529244674,80.78009772957742,87.8171689580538,87.57851996926497,74.29415557616497,136.86138073214212,127.04026914768257,118.79541792457796,128.90640522877686,132.36262003671425,123.99696089046223,119.97932054128884,119.35285040221132,128.05647070089248,86.93454397082665,89.07444434591324,103.06813537285262,120.70949352697936,134.47128543070852,156.65189054076274,176.36997277667672,179.85316346344635,208.91802638239585,216.35294795381,227.50520311992005,272.4323311260682,290.95549180846785,543.6025126071755,515.4828023324291,585.051907938946,678.0833969431144,654.6302997860048,645.5548908151233,594.9345935621851,600.2231244618039,571.9282075900852,583.2162764612261,606.4812516972917,619.6092406399706,681.8505881468338,761.1312658765609,710.6599714780526,605.4236983493457,593.7310349721768,636.3474058398465,626.150679223649,613.6270507335761,596.522741278035,599.3138174105356,673.8500338571129,619.6024052637164,586.623613630389,614.3689200723743,595.0493600630638,599.9010075477695,579.8903108199402,627.0151841304216,598.6406930651048,588.7107495828463,659.2987395870389,648.8693902450552,649.6319720996229,644.6433068949511,675.1007399243534,647.4800124775084,647.5278815231585,656.0305534219035,434.03140982801193,410.4799869347178,398.30067648557286,360.4166247197907,374.2680390702143,443.3656783295229,487.2546438575847,429.24818265142136,440.845025980512,465.07375970443934,412.57284523558826,362.52107287355466,379.1011967448043,374.1121230321181,601.0299985341449,609.5971257883398,607.6085857641574,614.761873291234,648.6099577208236,566.577573675535,373.3731786589666,398.1932255685702,373.030954136935,365.3964854037891,367.51025251877286,341.8507537660428,330.2949274433132,330.18845577528674,309.328739949301,313.9260263738258,273.13478535216086,291.4684338822022,256.73660691616664,266.40352087407035,266.4905903890208,242.99943335726772,353.43478135877,367.46090606917113,364.4080168348507,351.8713444557122,326.4181874656748,360.1460315968139,383.279445884609,370.0286193570455,374.5461324244276,329.6431984505653,339.1314844060348,311.8578220252567,327.69732736839177,332.91588215447587,332.35426110885544
447.1696630988795,470.0371472273018,473.883206639589,474.3490550253756,458.569998289251,385.82303636963553,341.18542513367595,299.1223048861912,322.93218690326773,300.5938764343496,274.45562979324745,291.82320462113904,341.83791889985247,281.33682966157886,306.1484576273237,310.0984480343835,231.5845486124896,239.3182519156447,247.0798564087818,236.2995330259149,241.5742184039001,242.9060623714094,238.2940560462912,256.2092220665677,239.12943353437203,231.65046976881385,232.2299975995849,224.23734178381687,244.8748998340733,272.33929290387346,267.5785873763137,244.35588648314,270.98034366769986,280.22064628134655,264.9701868294979,278.5046884856225,337.11807894057125,332.25110476623263,320.22772879916226,343.20065717742244,385.1871184604506,469.9434344512338,669.3036318407552,639.2233584669285,766.6078837535579,948.8758321396068,1072.5130365500902,1201.1967127173148,1614.7083845618126,1780.854862434424,2584.1291054553044,2648.72668322881,2969.939289166684,3047.9222683085923,3022.831596970858,3111.066087194874,3091.8170473238515,2940.064690144424,2791.854285223255,2693.921405403373,2545.2372088672105,2588.5687381374632,2579.295486276296,2722.379837590588,2591.5727366526776,2481.615177434406,2346.775603218239,2271.2691395650186,2304.086949869261,2463.742747782873,2552.3577739082816,2323.434374007858,2802.914780520577,2973.061020648448,2907.10437590366,3297.979351339624,3001.5836952067075,2916.3740549381405,2694.0314727899586,2648.5150135241074,2638.6761018889474,2813.0690384064847,2765.1801770915754,2587.985378399225,2524.147703423936,2575.1961949014485,2636.755582248551,2647.687691494503,2479.2851541132472,2526.175057903709,1904.0606247558635,1855.0168749013733,1957.7907441372215,2032.6788520158216,2020.529186067746,1881.8581495251676,1947.8966181433227,1871.8546583095176,1972.7622782724893,2131.1925291119546,2113.119749930337,1984.8704430623416,2100.799124335056,1960.6906731854983,1739.5637331654998,1889.9113599254115,1957.1282012174756,1889.6565380079217,1896.7420256294213,1813.915594867603,2537.8855515237915,2513.779782753036,2539.545952745405,2229.753883128311,2232.34955244528,1978.0867602330025,1815.159245117312,1803.5951090876656,1598.2284122346186,1404.3380490759607,1165.8952840683455,1200.9938266858064,1016.2008243796354,1052.3695392095608,1017.3583461061336,796.0503975375783,844.0986013796017,916.0089230808228,1021.216471504324,913.446022647835,760.3469330351813,790.9283125503439,870.5536358843309,812.2799193567647,706.8287083142305,623.5589026528697,587.4795975389852,587.115826843675,598.6804811060983,630.878825497051,653.9779621784544
262.7702086363293,242.2478481883151,252.83339628743144,297.68999867457023,283.547717443133,272.8386512298944,271.87601183318725,235.71633638528888,256.6554062186416,254.4201327438263,239.1497546636321,262.77369620798936,292.55429698315686,269.4113196075263,323.940395178271,303.1082161258258,334.4548312390029,379.34116532052514,344.87376660508954,358.9995528967019,339.7810647745725,320.5995860269667,333.3740734013828,362.0491288079991,338.25766162018783,312.1726729114034,293.73981065354315,258.3225180538456,181.74504292079007,250.1451707724546,250.5183258468353,171.9156648190093,159.41191967292423,164.92361563729247,156.25007282376905,158.82373802356256,158.54386304531383,185.12078500948996,198.8750746476491,226.8346687695128,249.07607534237496,288.27069914771346,342.7677793145445,364.626188734475,380.6475619550421,451.5409604511462,496.1432110864139,577.6485938886768,781.6673327239778,866.2638728659839,769.4452998881042,900.1577828452213,987.3227050580526,1112.8611367710212,1286.242529042273,1410.1427867478983,1398.0958649282882,1367.9253165064226,1432.680389666424,1399.9444344526337,1412.1855673773691,1490.6460778212993,1466.3829140625892,1745.5543180703323,1669.4873642576597,1549.475872815609,1540.9240048634092,1477.1055040419703,1467.102039029377,1648.243674499489,1687.104984765604,1567.1656856215932,1693.179337718677,1661.0901725119925,1563.3010447520069,1664.5281262311084,1602.8268113225072,1596.206202370917,1506.8181420476892,1451.5437177766776,1514.843325787199,1464.7873943700588,1560.1994947624423,1563.9369088597286,1597.807135788053,1648.8737255773765,1569.6907448319396,1628.785662201563,1517.0012285809028,1559.6813700133273,1904.089675696561,2082.0518493476134,1922.805244127652,1826.832326134607,1844.124612543124,1797.8891188012449,1884.057308944843,1815.737995187116,2140.0790418729403,1992.2943769079536,2094.986877689467,1890.0793706986412,1896.6787483405644,1779.6330471360816,1402.7403562940897,1431.8070057677674,1478.7236240383356,1429.2324554918282,1383.2014622834977,1288.876619640395,1645.0441277647376,1566.4226287236231,1558.433969953658,1359.055595350494,1362.517041508535,1351.2863495782008,1289.9954641567822,1149.030370062955,1009.1018137366422,1039.2917846296068,1112.6677845556428,1122.052349653557,978.568684639018,899.5578024909914,839.7532073415615,724.5588352548156,517.1502418490354,558.5119873557326,542.9508036230841,483.1574551644438,424.15979845829446,424.0729363340138,505.9512741948209,451.5795005832208,407.40643374034994,361.9125759869523,343.07675473924115,352.03673509360715,365.2368286897226,358.4853904451858,326.3079221396616
141.34591793832547,131.58711810074894,125.89037363669716,128.32401018188327,137.7467632773362,133.8053959844952,131.88034243072195,122.80786275180763,136.07030999476794,130.8250004844876,124.65748803507392,128.97718617455908,134.03620580571706,130.20784222900326,142.8604181665071,140.3657350685529,157.7130253117992,164.60737799351014,161.46212337015632,173.5767791033658,164.20944371537806,154.96314977271294,152.34785944942496,163.6283535993748,155.1730151562077,155.34464506439485,151.46771510507696,147.03856806952234,110.83677702940174,116.8824435415705,111.22629264929525,96.42614547601724,101.89862810728268,84.93818948791062,87.44682677926531,94.14076310372158,95.17140985794616,135.39113913028612,153.4560641429787,167.73827226827154,183.34712469729936,199.02914594212368,236.9865388614318,262.2762878428395,296.88598269467906,340.394686200813,391.8075161793439,454.523735178838,580.5770973053837,635.5296750937474,568.839017229057,702.887391710053,785.4427179977356,1005.674022435852,1217.036532183792,1406.7081214155735,1368.719172375772,1376.717563679685,1382.4700894777343,1383.864067543578,1469.9729019657946,1559.457798129576,1430.3817666992932,1565.1587722772715,1543.2939882399394,1500.0146854294185,1520.7981373328264,1514.8628545884335,1419.623366077615,1466.2982197751044,1714.315547722069,1540.2161079728928,1609.989603182168,1530.6167610643631,1448.2288093228274,1541.5251895826773,1614.4797243352343,1704.0423048476036,1597.3450688901844,1498.8562822199474,1463.998048839093,1387.9324832252223,1468.7582744991944,1553.3191971296196,1653.2340083287984,1636.5286707946725,1660.6564918624267,1714.5068870899374,1664.791267538111,1594.913639050131,1876.3971291657704,1878.005024080571,1815.9594735638093,1690.3310906375984,1715.3448802436606,1747.066027483232,1762.3304039385464,1762.7556086254651,1833.4710807068795,1729.871417557511,1759.0826887705136,1731.499114897153,1722.7008917109122,1625.2273169219864,1380.7006744097507,1362.2899648047262,1386.8092467170827,1311.6419773712128,1285.5601313063353,1177.08159157852,1362.529502019819,1407.6089107920488,1323.396699702403,1130.2157292374998,1206.0912869383535,1151.6302232888038,973.9159810771608,922.362668732466,827.6309617947859,770.4287898231491,823.4202469118453,783.1304866058044,700.4546934241569,679.7292631442848,639.249624190692,527.1979895159901,371.9441251210152,366.2857287026004,351.1392868462754,361.41059246548326,331.8017460346141,324.4581896531764,322.72125273425235,320.7460363497624,299.74298676332154,276.4131994146587,278.33814104776644,266.0305853714609,263.11087761725094,268.4547588844132,233.47481930715077
188.5544438226661,157.91816868202994,137.6889168647869,130.77841446524445,152.8222392178032,131.73309462841797,136.7159761416583,134.48845180251593,133.11882885299192,124.35538109473832,115.45210110321472,101.80775939096236,112.85847311057108,105.92903897660229,105.74084189182248,112.06296048478995,95.36495048564488,94.69713105004368,96.18765303568247,94.45805960422229,86.25829662725423,90.8888860278768,82.95905070589004,85.58227397958828,92.88895963770383,91.06994952601066,88.41718138946167,93.9807145165638,89.91702465949123,91.78770519332348,101.08585556004827,92.96850875843936,96.80672745709504,87.15043040796898,87.7130376124886,89.96555965001981,99.4143292046437,98.79375177141232,114.78727693739842,139.56810597530614,134.67434758538718,132.67251555434362,171.57026371511034,193.08874315446175,215.8403594155085,253.78055451186816,312.5538485860927,337.9961311294007,427.7208509865405,480.89723473987175,518.6568695895744,616.9255242312399,622.0739436553243,763.5526557242408,808.7103777032224,921.4558001605571,878.5712123727087,830.6059898215326,798.2520720583974,809.1089466500677,926.1028671849374,1115.3615079399544,921.6263172966832,959.195922100895,1003.6848772461396,916.2881447775288,872.348129482497,925.5414508071318,863.5360601880418,861.2391438221335,1080.075050516277,960.189523297229,982.6033274646578,878.054282245786,812.7920878163337,885.7989107251299,889.9671347263544,949.5803215480968,1000.5501671191204,947.4592828494888,916.1234833460938,918.439873561671,956.777001720624,996.926029749234,1041.87916882902,999.1163389716656,1104.7248852769726,1024.7753573475852,953.8925878627176,907.252848530968,784.5995159381372,802.5727703643876,831.6725329000552,748.7932443902437,749.9960452896116,710.4259432366583,747.1802606288283,762.7140298284278,733.5569562509904,716.5279108860891,714.4812953938925,696.9425069362256,690.3365285975839,648.2912483239842,574.2768939816771,568.7924465322935,585.2345192478289,539.0044242759708,502.79886844795806,471.7581653703592,519.7243802850202,544.6323007960307,542.2849920142106,437.30696642989886,449.80553814516816,416.8767322424976,353.50737952643175,344.31645118405936,327.11240434109635,312.80106991610825,313.9496847689035,282.2368493645401,272.43684821068297,250.059171230286,252.4834366038937,215.50791591392917,216.54315608248237,205.2253113276767,196.91205630163304,220.54391297000384,197.38292758248227,205.67328679290085,206.78187027042347,205.22768120885436,192.1327214545108,189.6897842609945,191.85756529493915,191.28219859257325,191.15687169499597,225.79132060173407,182.11061821461075
207.8934210254156,173.33710356488248,154.62869453691798,142.5925219125022,160.2598050049332,150.15206583074607,151.56029351191805,168.9233492252952,161.11889502956996,141.30722466543062,129.1989836023463,119.66966399696918,126.16505589045832,121.84244654542768,122.48303466856996,125.13398463145528,156.63408065908848,156.54071264461223,154.71227770662432,152.95134938516918,146.16947232575777,151.08395564069158,138.43212904264144,142.6790678822866,149.20142065256977,146.39006696299387,147.22497223056655,146.6745997328972,104.52732984423756,107.65761782917517,136.3003555977654,152.63045483951933,160.4175044384946,161.84383757859246,152.5216855900145,147.81770077943207,157.33446610053025,154.1477495688211,174.56051553321393,210.7658447398596,207.98854518164055,205.7716065075322,254.1341229409833,276.4513117531719,307.329495847024,331.98553615843144,411.7911474851448,462.58693440740655,526.2747303294423,616.3774546623353,485.2265390412922,595.5475280822078,591.4392385176209,711.167571311691,748.5810680234177,807.3994109468738,820.5688859031139,806.1855731111409,796.5362772896248,805.800505672516,889.6060302798601,1004.1790365402732,923.3093618579526,984.8372313655768,1019.292796216259,929.752673992192,923.951338349536,979.977775068118,935.3003602627924,931.6932769734892,947.9741324257895,910.4885524192824,919.7196010730104,869.4953467890239,846.0788435185397,940.149696193522,928.2380527179184,949.1886119951838,1055.442804089387,996.1416355500876,983.3556538317526,1012.8791637837012,1058.3723610767352,1067.179008392936,1057.1110130078418,983.2625166180914,1099.198764951514,977.84572911698,944.667292037872,874.4613800365892,1092.693395277819,1170.9963643077697,1199.9256466233387,1121.225317911062,1124.5112271593066,1081.8105081899516,1110.1907450941587,1127.4434545953386,1086.5839101774257,1070.490979459029,1064.237384339539,1068.1546252157636,1021.66998292995,979.4381230337832,776.4597389467178,792.9836299905427,780.7855916422333,754.733097940889,716.3841371733437,687.3557908057503,752.7646925598478,733.5447830294919,752.7711761102765,666.2251233585894,658.247221112263,617.5894972911375,551.4569739857307,548.4921973470426,525.8787465066947,515.7201664665926,498.8705766424686,449.5015401605922,441.03756622841297,392.6007669667936,419.1394527858631,347.15187183506504,254.80056178923377,255.37509211907312,254.64483130969225,267.9824938969793,237.69044307127612,255.62431607041657,253.5449982707732,259.08190243943244,252.7261237466364,254.29292296769992,245.03801389835127,242.8574520514448,254.5986093803348,300.7825199593306,256.1393579521426
373.2712211984763,330.7586460741722,312.87482739032055,272.01671347838214,288.20192477870444,311.55250439858435,291.3893953724213,334.65345007907206,312.5457147428198,279.1213737093992,263.9918556725801,251.03159576943895,240.97031137194665,265.2880619592678,249.49478097439487,242.90255245373243,259.02621363189417,249.7578078996352,244.8528176691917,251.24626788315797,240.4151363853684,241.8315827141248,237.577864539636,231.8490715149306,234.0602684089071,237.3111628588514,239.8474142767494,224.71906623571823,219.02107545386315,224.7967452358434,273.51899335444654,305.37206172281054,322.3536393382978,199.23733108574623,200.2138436614076,197.36786270278392,218.81193349087363,247.8573807627671,277.0533077785218,313.73954711206267,327.69230065592365,340.4004578979336,390.9022325793157,435.9275253313457,480.73892843700935,514.999972782475,615.339200034218,736.7292542243231,789.7245097117884,912.1690077352508,965.3925004162372,1170.4166449220677,1213.7521693310036,1460.2098309485036,1550.3787034932782,1640.0216901412916,1660.3015207234098,1720.069113215803,1735.125489146638,1748.6203874824896,1772.5356088768297,1814.7384127593195,1818.600960921039,1958.8555666824725,1887.3500537640784,1788.2360668285755,1896.1766225248111,1950.8882042997004,1953.071158638805,2039.4288520956688,1945.4166839725435,1932.1688646289667,1906.7459418015824,1896.84816220066,1853.0845058391471,2144.355123667008,2108.42227717831,2070.5255720193845,2255.7825389499058,2090.0381711998675,2032.9654942969776,2031.066389024333,2089.3009017646464,1970.235994258508,1963.237377034361,1889.3103514778895,1971.1637081838564,1815.2867024952757,1842.3778746556131,1728.0230251882736,1696.709124430248,1944.9130686519525,1886.9049705118032,1823.592631367956,1840.1499626463687,1909.1196953495064,1912.5158610822773,1861.5423495579687,1757.987009748862,1674.7704992725437,1675.70473927967,1729.802643867627,1588.7977690393477,1579.596607443671,1469.5022540886223,1502.131315856533,1504.2407631854746,1494.0183643795338,1449.1819360587017,1427.3641547225002,1300.271512608817,1269.1781749686077,1222.8963348034383,1196.2712652946757,1146.501059155331,1061.258091564351,984.2094757393749,960.1029600898844,886.5285264303812,878.724424959964,847.7315383807836,746.3644410791455,725.2257529620408,683.3751025082261,711.8691424833821,614.414873850254,612.5190010959883,610.8372609809367,611.8627849444232,665.8791156543691,608.5180559541062,603.4276587148162,604.939561570299,638.1073754950161,605.964172682956,604.8099429146326,619.8339056315482,578.1916115195902,632.425124019281,715.6415593957174,652.1511170407831
478.7358015048044,402.03694035783496,349.26096636831016,297.28700300219555,308.83478520198247,320.6629150869864,288.3422061201915,317.6477836693236,283.3422959924735,265.8628480287866,261.49143579845554,256.0208530179366,233.31600989595609,252.7717467220004,231.4250166912837,222.9780059593248,217.1579432133598,250.91796143455,288.4239697164609,255.02762431665383,233.42968554917655,242.49893518975068,238.2410817489467,219.0482131094532,242.90551386308508,255.5175216194574,250.08300864756623,239.8185005412332,244.8936786699835,258.53475795726865,267.530108729324,282.2789648315336,280.11261274091754,327.735408497869,370.270764470652,377.3499445736481,489.4312965271545,362.7253003193212,484.6218370112075,531.9585759992201,526.3382279268277,559.2895358028051,596.4039329145921,609.9722759490428,648.8584038528733,729.7763591860024,903.7743968510716,1127.211395809527,1259.1203788388898,1361.5405378987252,1594.1840189706354,1947.751386693324,2011.2105334409828,2196.732814642683,2319.90349150199,2416.6449355603254,2289.943838707278,2295.058920514903,2451.364738648684,2489.470409142936,2618.26258217772,2596.52351473262,2604.3151467214484,2779.319335516285,2767.4088419611503,2696.909141516865,2856.714510848211,2921.8370424196146,2986.1588893799026,2870.616210310222,2725.166472421715,2686.1789684875293,2618.087687650833,2700.102224918672,2545.060223351295,2908.8170643614644,2696.013514423176,2666.0077233644784,2957.768260132474,2963.3655485486875,3025.7998105930205,2889.7441477548787,3019.978762595622,2855.3328322843267,2761.843867665672,2656.640572369997,2707.85398452663,2589.938750892085,2648.7314282900047,2489.977198814613,2379.845197193488,2544.430264729945,2387.3629231930126,2341.5155977969416,2311.503561941564,2427.7628462689786,2457.6274870373213,2327.4223601721737,2171.9921370575703,2147.8512573719395,2228.553927169441,2276.932660644712,2208.9154932452407,2297.7779489602094,2709.4635904268443,2636.8414017079044,2722.300943014794,2753.1709249600567,2722.377095359278,2751.0434895024205,1957.5607113574847,1642.7608250626745,1620.8211830639318,1671.5812180198343,1620.897239024712,1477.6798827415466,1403.153370371375,1344.4433740801994,1260.6527177090204,1236.9032795426072,1120.163858031695,1022.50011442669,945.8192949577058,852.1090249742902,881.0675636586683,766.2647180959933,771.4273810063113,785.4634926371216,835.5813677805264,780.6706974855497,756.9134175211965,706.2423708512581,680.1739153273579,687.7478515741993,666.1990384126083,662.273392113462,697.1731407269745,597.3850187907872,555.0799429114693,587.9104881311256,596.569483882112
441.36642013991,407.9579530754051,358.22630066476563,318.2352273321028,313.5405136411437,297.4017522744142,279.3520801857715,278.7088657962299,254.69996504144527,232.61988815445352,249.639733257272,262.681290056261,235.03607129735,235.8189393246176,230.75026360559517,216.03397091966747,200.93343230023535,236.07929022861575,243.86143672378108,215.3816149197502,201.09770135124413,214.1188876137269,210.23937190219897,202.33192523748625,242.4252672906165,245.38285442720812,228.9231694076037,212.39708159449208,197.21756337523053,210.24581354969905,214.9994644269217,214.9061512897024,224.77008786887131,242.479952910322,267.00372072423465,283.3527675883113,343.3132175989358,327.8418176287344,579.8799070986664,662.066863852246,545.6484335416808,536.0237149937097,542.9594645851334,620.5357510224643,688.2865464458001,673.5501606453282,815.4601551601806,924.890932039088,954.3256706935604,1008.8044696630162,1075.057321729004,1173.6576118858245,1254.0211189354843,1342.7528801125432,1372.398167450467,1434.363334273298,1408.378001528165,1410.7043839145972,1538.98388695643,1661.8865126357623,1719.4676218903944,1666.5760050051915,1754.1216289093163,2005.5411387590536,2100.900185577848,2147.7521877201066,2055.900939744234,2011.636590442872,1935.468817691737,1943.7063581923344,1889.9213911603144,1847.1774623779863,1824.031069970811,1778.5724102800457,1694.0245014217703,1897.882309756689,1718.6069847341157,1679.905939286344,1848.349898138888,1946.144734222542,2334.899282155566,2388.177580779106,2325.078296749793,2313.79541752166,2097.164253074942,1902.1468674607572,1891.0563907462488,1944.7651154865575,1887.989071510428,1722.353630089633,1773.562992832498,1750.8805236666883,1659.047823992197,1582.5199632185063,1517.5488943637313,1508.3174649952753,1621.4643021941652,1561.3800952919717,1425.1492158788787,1435.0551360626823,1463.8718069201295,1452.0993619863364,1460.3750020048365,1591.0321643757109,1834.8577274713496,1694.0717948193246,1880.1633338479653,1874.8521483181223,1740.5076043549086,1675.8396740254786,1257.9915455275925,1037.1211589360726,1070.566859138727,1047.7246352093289,1036.033510436397,976.5388615480214,912.0748415246936,910.0880307820244,895.6996691193133,860.8507236979003,825.5026296532426,772.9519863594702,713.9903870146651,739.4917563209272,779.6039321378461,664.4757915753638,669.2479327080973,647.9168276964588,784.5469581014701,733.1260326952938,688.7411472380194,596.3413679457271,613.0112645945892,604.5274761724729,620.5838156737512,635.359885720948,703.1897366209442,618.8390780551343,524.4582836085134,542.7909512819441,531.0927517013008
648.1302062371409,677.7228914031945,704.4631590066763,560.7133802942345,555.664896684303,585.3347449538692,530.3132053075046,490.1183513728414,423.16439116691095,402.5870975732837,506.0226806705361,454.6171541331336,364.0018129613285,391.80025403183794,392.3846629025525,356.5218316388707,338.9826752135484,351.61892705894803,323.82498465695915,327.95364878648513,305.09507888743326,302.87948042438285,314.11357045412774,297.7004381665589,314.5849188620296,306.10406026137593,279.0382597492527,267.0070523868382,303.4512007486121,303.8519163834736,294.56304580990604,301.7421272349463,279.4390659726012,218.2385754546673,254.7341223300638,258.09263962047584,268.5351213600772,372.5312078264633,451.6231236473876,418.9179754358034,393.1602120627237,409.3134792940585,498.4636084231877,534.5784050286039,571.4376415695283,623.8237830263998,720.3448154322475,897.0407514518603,812.1299425563029,916.5542834795664,929.7814827453436,1096.2534492286122,1228.0308014380987,1305.5689856215563,1338.557778814659,1428.887042865154,1319.1919697265014,1370.171343275909,1327.1076613558114,1376.393578194832,1482.6446971524729,1398.4684443113324,1411.974854262335,1569.1124801908643,1565.5321543002935,1548.5656057729934,1618.4236043934388,1534.2642640289268,1646.7697916995494,1759.3331307242388,1537.4125898000473,1498.970867648952,1618.4602165962078,1645.450016359074,1514.373923358855,1481.5120403133722,1473.612462372527,1386.7410714506016,1425.2245983999624,1566.267567443626,1562.012585509951,1571.9829538444592,1552.5558376861377,1501.3156428435072,1392.1789430618255,1323.338956552154,1334.952512615862,1535.0923030498732,1471.9524415783235,1333.3488931527522,1315.6986527323138,1365.0652868914865,1346.7692878485386,1527.5366526613711,1386.2107228885277,1320.6007818952248,1381.3823714830548,1329.910011034102,1205.4869683270272,1270.5468108898806,1253.3572668372078,1338.193561871351,1383.532680850801,1464.721472208517,1534.5320088698904,1506.5562648146913,1597.70526763761,1701.83188067553,1673.4529692538415,1737.0433323455115,1369.1588773926194,1197.6067684268517,1151.9049183063842,1156.3339530860262,1175.3433095011542,1159.7419187363498,1113.8847622007038,1045.0678761143656,1011.325202619336,993.6039617571108,897.0076372770351,892.7117518307925,817.4852872296296,856.1139716613552,933.4947263154407,829.0383061748772,943.3673615230022,883.4305318576337,842.3779450345947,805.0599751032265,792.998855710746,763.7173507214674,751.3897849675325,817.9599457355152,782.030990233504,724.6472182808658,879.550423486645,848.9332678784623,738.9277127945614,740.9303870831033,698.4554569303612
520.7797953886095,507.9792150439399,470.03342449460894,385.2766149852076,396.7640935167832,427.7261601916602,393.4392225209616,397.80188176237687,380.4160781977166,360.68594158719793,373.0678749032761,343.4623389772307,289.8007183704841,338.26392919707206,345.78530102274715,318.2117419907777,445.9118109851438,423.0472306479471,382.4504991326885,418.6805671820367,393.4002965024233,367.1064394861152,408.9663881354865,393.5597814727834,401.8170523786249,398.9451970105157,360.6414807238239,337.30710045113057,244.92717119401047,234.98374820909703,231.39440170261537,235.9758336352589,221.1966412447744,233.4381794781837,254.51573225143025,259.45661444530896,262.09497569874475,417.0004527974733,436.61380203516376,429.0150499533007,440.2424209382239,453.17396198439695,529.4778745728207,600.8856563625503,699.5398250171714,793.263288788195,979.5420368134544,1110.5402602985475,972.8812383164404,1057.2586938916093,714.786017516821,766.4369082172096,874.707357281188,950.896137772538,927.8419114336422,990.4451689939192,901.221414245843,983.056402282074,939.8149590880632,941.3235116383528,1003.799709594544,976.5587080607542,998.1928680985995,1080.8157910011837,1179.195204093823,1164.0438889825443,1192.624014189238,1071.1454140160868,1164.6053020515296,1142.6907785697613,1068.5366758560654,1116.7027711202809,1107.3836757688553,1178.6215981788089,1150.4982980289008,1156.7451576672445,1135.8423611724882,1085.0270336925546,1123.8152103161692,1142.7040252242623,1179.5407329740915,1114.2960891718897,1173.6582183388418,1153.7258916925666,1073.617863697331,980.4699666156567,981.835234839298,1075.719254427861,1104.9112128366492,1025.7632787574112,1560.2512424845502,1637.9449503492997,1568.6194368890156,1799.822906008298,1623.3214462834,1669.961401231261,1634.66897517874,1626.6584160656032,1466.4267214302247,1534.4593474217045,1463.4108147383008,1525.7520729222315,1579.749759366122,1593.2704120503447,1205.2821550817066,1250.3623943866887,1261.8126389082288,1291.3470494260655,1320.8391131915891,1249.271353067628,1525.4129472710677,1363.3763526319578,1356.2068504316635,1420.6199947102436,1493.7622377710322,1365.797311637342,1307.087271092013,1226.6284722595872,1259.1159806344665,1251.1406353326229,1116.2259694279028,1077.22748768546,1089.5001530179677,1002.876442898404,1062.7250042677506,963.2772364381724,693.2682364408764,671.4095787326863,655.0166381113511,623.8826716457168,648.4069869628398,645.4805907554083,611.7036443226913,633.520991347662,612.5141582137331,603.4708765888646,624.2902443820981,647.3550226128889,525.9790063029349,545.9343455393358,589.5094508713022
462.530759780394,563.3429662328883,414.5575907433665,341.5016362934873,340.6894956590048,354.2003648252089,346.8528330732947,371.8079495916326,339.88188039535044,320.6430624632264,306.0704466890458,298.926385111756,261.82756165846695,279.5984391486134,290.9442459598785,276.7449128170739,340.56679244923646,307.1931159664192,293.7289367268652,306.53274224981703,289.6492186176586,273.55823661625925,308.14215082757295,289.1472265030225,282.08137087228897,293.96800339259056,272.26324798230405,270.36560327001,216.21497836715923,204.63033985810935,219.3084800018104,215.75875989115397,200.0095259092215,293.6357079181241,298.3377188089692,313.00602269797804,321.0156694181368,313.5480697625563,311.9891610010278,321.9491155472152,338.5815059982962,339.65271530579247,372.4924359566986,424.1434209284008,481.13327403161975,558.8561335673744,665.4763535067206,725.6733203255641,691.7982374660387,754.125470512387,590.1558962430324,609.1232100466916,750.1833558887886,794.111700249401,806.9776900515924,866.8874936214816,801.4672376225313,840.3356160679693,820.6150786413384,792.3747503830986,812.0802592191577,811.4612471167878,810.8562515049409,897.6403717417038,921.8309656329112,889.5174374146957,979.9796032174736,933.9488155834022,1034.7014495128024,978.253822087438,881.5392393570922,903.530719106658,930.4460178339916,992.0407520520222,1053.9444722696476,1078.7318202998042,1030.7337636670884,968.5932205853602,1019.343552439446,977.4308693117496,1036.244333377537,1008.6043669238352,1106.8170021414142,1125.3023030969312,1028.9369822755978,952.1771379947966,993.9826608574537,973.952715211854,1006.6692794669484,928.743984413207,1186.663254409004,1234.3561905185288,1174.9002636230978,1272.38481814658,1164.9099713744602,1177.8138678439152,1147.5200670357056,1186.0819906108636,1091.8389929335428,1140.8978776912138,1057.5166059144171,1100.278127165852,1174.6801750969744,1152.2969225771676,954.945767786142,1039.4226413784056,997.4217585925212,997.8891954214712,1016.00247186617,930.9212523337036,1091.1867450488885,1021.3434969399364,1045.294291997847,1086.5184144217476,1178.1874912111584,1031.612312065537,984.4399653254204,932.3219718582086,964.3113689115752,955.0678202207824,866.2469497882638,815.0707582993892,841.5111467092505,733.2328103237903,749.9383871543595,731.7019032181262,579.5463459477787,565.34374787521,560.0762667820561,537.4234539461412,571.5401784419461,579.1907069237946,539.9052280186021,569.1419128146604,565.8723494875996,525.0354718402991,526.5250962846173,571.3794092372856,467.5864839355947,458.6322668842869,448.97244329945937
497.0672264842414,633.1702844907563,447.40764284530616,375.3117227779069,361.0475184665749,376.9744921407467,370.407620806132,394.8113892462265,353.0145249564896,355.8351815224299,349.1695988392377,368.4114549546108,316.7173559013942,298.4260757720548,316.52794342515074,317.9281630103713,563.3386466016284,506.8513754493743,543.5523150614293,466.9465938667496,415.2027740109594,407.9906897281261,430.8935616034975,424.75841986382,412.96405465690384,435.97734436026144,427.6724126423732,435.24640488475205,255.6678808765767,243.15681567249,244.4875850325957,244.86695319964736,235.6465708572936,260.80256097543247,265.4341685182416,283.5166499370502,296.8306941397891,476.29818331587927,460.2746398844997,458.5292148084177,507.8413607216345,532.4676713248739,545.9822491889857,586.1872075785969,613.1180210920875,701.2311037764256,771.1299191004359,851.5523471501311,906.3417825952172,981.0842335092686,562.0489452288341,553.9937702997595,672.102165699783,685.4062085776801,739.7180595391064,830.5319082804823,795.328399537306,787.7604210427703,777.665324599585,761.6320419110222,797.451783476658,772.1895961854026,726.8562187322218,799.7494169574362,793.5226588804669,812.9799167844795,936.9571949867412,890.352873482538,1067.066193128048,1063.6558071914208,828.5373872089403,795.5997814890382,825.2069033962565,873.1114786313428,995.6302351813216,1007.112258109343,974.7497354758152,863.2122669262388,898.9442983458308,836.8855486634703,866.9655314438133,877.5811092390038,930.8998762296384,948.784214948103,921.914668979386,864.856827851933,981.8010522276226,965.3568834173444,981.3074668570732,879.4245063313195,1584.5568833145078,1552.037839496909,1466.1665335192386,1505.4027210695383,1412.9573254642685,1382.9677023487632,1365.7984645837091,1417.196018655358,1345.8717736580193,1431.728188466534,1354.7207053914317,1340.5432602891185,1425.9866408289038,1363.9406625869256,836.2620716099013,911.199276564344,857.7314885391403,865.4927250515094,893.951248280769,819.5858024498333,1356.6462943571485,1317.350529735992,1384.8744495644714,1435.7552206729536,1580.0320368600185,1327.578623081274,1304.571923442076,1329.0427285393366,1287.7096915725435,1207.0377605580188,1181.1712365167427,1060.0908922278784,1108.736779462851,1022.8106181447124,1075.9948979268995,1090.4442242579553,623.3828978382971,598.8515123511069,605.3356286337915,611.731518541616,668.9572107956836,672.1602404670903,609.1051976091602,641.2867845174636,622.6873217705461,566.0613455681661,540.761513345448,613.5968930496091,515.087763496102,506.4047559711112,474.0349157423248
440.7840453421359,416.2897117888804,384.9629203605394,358.1919235300595,360.3904501741051,396.0372275874872,339.5737515225909,314.80983493458075,301.1255330214456,320.69586168258405,316.5694696174509,336.1548326963698,319.0877417278415,296.3986425292622,327.32035073368644,352.33474392625754,331.4287101035412,331.7526191389522,407.387611984352,258.9352190811447,232.4251079669301,216.46608073105847,209.82213921080296,207.48914706318715,196.27269765449597,197.08803923043365,202.9009122394636,199.85550125437328,253.06513958208816,264.44924695210443,254.24495677410405,260.1242643560417,256.3820523191968,229.7232475367844,234.69395865947303,236.65845415117408,256.2669669412616,252.72639169487732,269.48317969908084,273.6120706212097,310.8212591517481,345.3770388546655,350.7806718520165,374.51687218617866,348.6741840614736,384.6275705005172,419.0929726352687,441.5566473123511,474.5955545841126,492.7967666315799,620.8232773838664,594.4702583224035,636.4305501044714,696.0492872631845,713.2473704088906,746.3957949750147,703.7251625276413,685.6487136783909,655.4116028987603,720.7542081104638,769.7433351202212,764.963500816515,722.1537547416523,722.2338262266799,792.5724214410199,872.7842776440783,996.2494373458868,851.4886515460546,1272.6501721535226,1431.479389729703,1023.4639584043164,923.6368737518088,905.1726685715096,966.3728694649571,997.7134264646904,930.251603954258,936.1713916244862,852.2710833009364,843.2613523532544,807.4664500549953,750.7847480819906,765.6131307386896,814.6015080178296,811.0555704505143,835.2220722158604,781.0355491893667,899.7021777801261,984.7682463771492,1016.152280046324,832.3812329393735,698.9776354604461,677.2998183437911,628.9630219964843,711.3038255874968,688.8388454958124,711.8720856564399,716.3005128375718,686.2411295265957,641.3054866738909,677.9560628572768,622.423806598922,549.9424046518042,648.4230531023987,641.9630273052559,775.841221188497,705.6458503623074,699.8990754089394,685.6191660496612,660.1540602854658,656.1638204847732,612.6735897280817,607.7966737208509,664.3250052829394,571.0531613160188,636.7403578518921,547.3860330057774,563.1201569092675,617.2991953358372,543.8236824553497,512.207247695525,521.5825787275273,469.6140516201074,487.8724944972349,497.9958801768267,545.7333915721858,553.557796134923,665.0881145883648,645.6614933685679,640.4913503228441,612.2587392376965,703.8751297093836,645.2028684260015,625.9094984341159,646.4821777917322,649.173886939552,623.7399286948671,592.0493370113627,591.9041336265836,551.4394631615963,618.1185579464619,613.126973666754
